-0.3828125  -0.1004883   9.728223
-0.3828125  -0.1244141   9.843066
-0.4641601  -0.153125   9.847852
-0.4545898  -0.1148437   9.780859
-0.3636719  -0.1483398   9.828711
-0.4641601  -0.1100586   9.871778
-0.3828125  -0.153125   9.890918
-0.4450195  -0.1244141   9.780859
-0.4785156  -0.1579102   9.905273
-0.4258789  -0.1626953   9.795215
-0.4210938  -0.153125   9.804785
-0.4210938  -0.09091797   9.876562
-0.4067383  -0.1339844   9.900488
-0.4450195  -0.1626953   9.924414
-0.4258789  -0.08134766   9.905273
-0.368457  -0.09570313   9.890918
-0.4258789  -0.1674805   9.862207
-0.4019531  -0.08134766   9.79043
-0.4402344  -0.1148437   9.847852
-0.3828125  -0.1339844   9.847852
-0.397168  -0.1100586   9.718653
-0.397168  -0.1483398   9.804785
-0.4354492  -0.1244141   9.871778
-0.4306641  -0.1770508   9.866992
-0.4258789  -0.1196289   9.843066
-0.3923828  -0.1052734   9.862207
-0.3923828  -0.1387695   9.814356
-0.4545898  -0.1339844   9.895703
-0.4067383  -0.1052734   9.81914
-0.4354492  -0.153125   9.905273
-0.4067383  -0.06699219   9.79043
-0.4067383  -0.04785156   9.80957
-0.4067383  -0.1244141   9.881348
-0.4545898  -0.1148437   9.866992
-0.4163086  -0.1052734   9.862207
-0.4067383  -0.1244141   9.876562
-0.4067383  -0.1339844   9.871778
-0.4545898  -0.08134766   9.862207
-0.4067383  -0.1435547   9.838282
-0.3636719  -0.1818359   9.795215
-0.4019531  -0.05263672   9.895703
-0.4067383  -0.1435547   9.752149
-0.4115234  -0.153125   9.866992
-0.3780273  -0.1291992   9.886133
-0.4258789  -0.1435547   9.847852
-0.4641601  -0.1626953   9.795215
-0.4641601  -0.153125   9.80957
-0.4306641  -0.1387695   9.80957
-0.4067383  -0.08613281   9.838282
-0.4402344  -0.06220703   9.914844
-0.4354492  -0.1291992   9.938769
-0.3636719  -0.1100586   9.866992
-0.4210938  -0.1579102   9.843066
-0.4210938  -0.08613281   9.895703
-0.4210938  -0.1196289   9.919629
-0.4019531  -0.0765625   9.876562
-0.4163086  -0.09570313   9.857422
-0.4450195  -0.07177734   9.900488
-0.4067383  -0.1100586   9.833496
-0.4450195  -0.1148437   9.905273
-0.4641601  -0.1052734   9.857422
-0.397168  -0.1004883   9.871778
-0.3875977  -0.09091797   9.756933
-0.4498047  -0.09091797   9.905273
-0.4210938  -0.1435547   9.866992
-0.4498047  -0.1196289   9.890918
-0.4402344  -0.1435547   9.847852
-0.4163086  -0.1244141   9.881348
-0.4450195  -0.1818359   9.876562
-0.4210938  -0.1435547   9.766504
-0.3828125  -0.1435547   9.847852
-0.4163086  -0.1291992   9.8
-0.3828125  -0.1196289   9.871778
-0.4067383  -0.1196289   9.938769
-0.4019531  -0.153125   9.804785
-0.4402344  -0.1291992   9.876562
-0.3923828  -0.1483398   9.804785
-0.4067383  -0.06220703   9.728223
-0.4067383  -0.06220703   9.747363
-0.4545898  -0.1483398   9.752149
-0.4354492  -0.1435547   9.804785
-0.4306641  -0.153125   9.857422
-0.3923828  -0.1866211   9.756933
-0.3875977  -0.1196289   9.900488
-0.4402344  -0.1674805   9.876562
-0.4115234  -0.1148437   9.866992
-0.3923828  -0.1435547   9.804785
-0.3875977  -0.1148437   9.938769
-0.3780273  -0.153125   9.866992
-0.4641601  -0.08613281   9.876562
-0.4163086  -0.1004883   9.881348
-0.4306641  -0.08613281   9.733007
-0.4019531  -0.1148437   9.804785
-0.4210938  -0.1052734   9.847852
-0.4210938  -0.1004883   9.972265
-0.459375  -0.1052734   9.847852
-0.4210938  -0.1244141   9.838282
-0.4019531  -0.1339844   9.761719
-0.4402344  -0.09091797   9.871778
-0.3780273  -0.153125   9.847852
-0.4641601  -0.153125   9.804785
-0.4689453  -0.1818359   9.900488
-0.4067383  -0.08134766   9.771289
-0.3780273  -0.1579102   9.866992
-0.4115234  -0.1626953   9.795215
-0.4019531  -0.1483398   9.900488
-0.3828125  -0.09570313   9.910059
-0.3541016  -0.1339844   9.828711
-0.4306641  -0.09570313   9.780859
-0.4019531  -0.1435547   9.948339
-0.4833008  -0.1722656   9.866992
-0.4115234  -0.1435547   9.780859
-0.3923828  -0.1148437   9.953125
-0.4450195  -0.09091797   9.80957
-0.3828125  -0.09091797   9.795215
-0.3732422  -0.1483398   9.843066
-0.4210938  -0.1435547   9.852636
-0.4354492  -0.1291992   9.838282
-0.4737305  -0.1148437   9.871778
-0.4354492  -0.1052734   9.871778
-0.3875977  -0.1291992   9.752149
-0.4258789  -0.0765625   9.761719
-0.3828125  -0.09570313   9.843066
-0.4498047  -0.1674805   9.804785
-0.3828125  -0.1244141   9.776074
-0.5024414  -0.1100586   9.871778
-0.4019531  -0.09091797   9.862207
-0.4498047  -0.1291992   9.962695
-0.4450195  -0.09570313   9.905273
-0.4354492  -0.1291992   9.814356
-0.397168  -0.1244141   9.756933
-0.4115234  -0.1148437   9.871778
-0.397168  -0.0765625   9.81914
-0.4163086  -0.1052734   9.838282
-0.4115234  -0.1004883   9.847852
-0.4258789  -0.1004883   9.852636
-0.4306641  -0.09091797   9.852636
-0.4067383  -0.1435547   9.886133
-0.4210938  -0.1100586   9.886133
-0.4019531  -0.09570313   9.79043
-0.3828125  -0.1196289   9.838282
-0.4067383  -0.1052734   9.81914
-0.4163086  -0.1004883   9.828711
-0.397168  -0.07177734   9.866992
-0.4880859  -0.1722656   9.79043
-0.3875977  -0.1339844   9.80957
-0.4163086  -0.1004883   9.833496
-0.4258789  -0.1100586   9.852636
-0.4450195  -0.1914063   9.838282
-0.3732422  -0.1052734   9.857422
-0.459375  -0.153125   9.828711
-0.3875977  -0.1100586   9.838282
-0.4067383  -0.1770508   9.785645
-0.397168  -0.1770508   9.752149
-0.4258789  -0.1052734   9.843066
-0.4067383  -0.1004883   9.795215
-0.4067383  -0.1100586   9.776074
-0.4354492  -0.1435547   9.871778
-0.4450195  -0.1004883   9.876562
-0.4545898  -0.1100586   9.756933
-0.4498047  -0.1435547   9.881348
-0.4210938  -0.153125   9.866992
-0.4019531  -0.09570313   9.814356
-0.3923828  -0.1291992   9.838282
-0.3923828  -0.1626953   9.833496
-0.4641601  -0.1339844   9.862207
-0.4163086  -0.1100586   9.81914
-0.4833008  -0.1100586   9.823926
-0.4450195  -0.1435547   9.852636
-0.4450195  -0.1100586   9.776074
-0.4833008  -0.08134766   9.785645
-0.4067383  -0.1579102   9.785645
-0.4258789  -0.1244141   9.881348
-0.4306641  -0.1100586   9.81914
-0.4163086  -0.1004883   9.857422
-0.4545898  -0.09570313   9.761719
-0.4163086  -0.1339844   9.80957
-0.4354492  -0.09091797   9.900488
-0.397168  -0.1483398   9.80957
-0.4354492  -0.1148437   9.833496
-0.4354492  -0.1291992   9.828711
-0.4258789  -0.1866211   9.838282
-0.4498047  -0.1626953   9.80957
-0.4641601  -0.1483398   9.852636
-0.3732422  -0.1196289   9.862207
-0.4067383  -0.1579102   9.843066
-0.4498047  -0.1244141   9.905273
-0.3780273  -0.1339844   9.967481
-0.397168  -0.1244141   9.847852
-0.3875977  -0.1770508   9.795215
-0.4354492  -0.1148437   9.924414
-0.4306641  -0.1291992   9.862207
-0.5024414  -0.1818359   9.895703
-0.4163086  -0.09091797   9.847852
-0.3875977  -0.1387695   9.766504
-0.4163086  -0.09091797   9.914844
-0.4258789  -0.1100586   9.881348
-0.4258789  -0.1339844   9.996191
-0.3828125  -0.1387695   9.843066
-0.3923828  -0.1722656   9.857422
-0.4019531  -0.1004883   9.718653
-0.3828125  -0.1435547   9.795215
-0.4498047  -0.01914063   9.895703
-0.3732422  -0.1148437   9.871778
-0.3923828  -0.1339844   9.967481
-0.4067383  -0.1626953   9.80957
-0.4450195  -0.1435547   9.81914
-0.4354492  -0.1291992   9.838282
-0.397168  -0.1339844   9.905273
-0.4785156  -0.1579102   9.876562
-0.4067383  -0.1435547   9.924414
-0.3732422  -0.1483398   9.828711
-0.4498047  -0.09570313   9.828711
-0.4545898  -0.1387695   9.886133
-0.4498047  -0.1244141   9.914844
-0.4258789  -0.09570313   9.847852
-0.3732422  -0.153125   9.895703
-0.459375  -0.1100586   9.890918
-0.4306641  -0.2009766   9.80957
-0.4115234  -0.1148437   9.929199
-0.4545898  -0.06220703   9.910059
-0.4163086  -0.1435547   9.80957
-0.4163086  -0.05742187   9.919629
-0.4641601  -0.1052734   9.910059
-0.4354492  -0.07177734   9.876562
-0.3493164  -0.0430664   9.79043
-0.4306641  -0.08134766   9.857422
-0.4258789  -0.1244141   9.857422
-0.3732422  -0.1291992   9.838282
-0.4354492  -0.08613281   9.785645
-0.4163086  -0.06699219   9.919629
-0.4354492  -0.1722656   9.876562
-0.4210938  -0.09091797   9.795215
-0.459375  -0.09570313   9.895703
-0.4354492  -0.08613281   9.876562
-0.4545898  -0.1435547   9.866992
-0.4067383  -0.1196289   9.847852
-0.4258789  -0.08613281   9.79043
-0.4163086  -0.1626953   9.79043
-0.459375  -0.0765625   9.857422
-0.397168  -0.1579102   9.924414
-0.4354492  -0.1052734   9.8
-0.4163086  -0.1100586   9.8
-0.4306641  -0.1052734   9.828711
-0.4689453  -0.1052734   9.972265
-0.4354492  -0.1148437   9.895703
-0.4019531  -0.1339844   9.886133
-0.459375  -0.1196289   9.924414
-0.4306641  -0.1770508   9.847852
-0.4545898  -0.153125   9.79043
-0.4019531  -0.1244141   9.8
-0.4067383  -0.1244141   9.881348
-0.3780273  -0.1626953   9.876562
-0.4450195  -0.1244141   9.933985
-0.4545898  -0.1244141   9.771289
-0.4019531  -0.1674805   9.905273
-0.4210938  -0.08613281   9.895703
-0.3828125  -0.1579102   9.785645
-0.4641601  -0.1100586   9.905273
-0.4115234  -0.1483398   9.929199
-0.4067383  -0.1483398   9.79043
-0.4833008  -0.1291992   9.843066
-0.3828125  -0.1196289   9.857422
-0.4306641  -0.1435547   9.838282
-0.4019531  -0.1100586   9.905273
-0.4258789  -0.1579102   9.847852
-0.3588867  -0.1100586   9.847852
-0.4258789  -0.09570313   9.953125
-0.4737305  -0.1100586   9.871778
-0.4115234  -0.1052734   9.838282
-0.4067383  -0.153125   9.828711
-0.4163086  -0.1291992   9.890918
-0.4210938  -0.1052734   9.804785
-0.4306641  -0.1339844   9.876562
-0.459375  -0.1148437   9.780859
-0.4210938  -0.153125   9.80957
-0.397168  -0.1387695   9.771289
-0.4210938  -0.09091797   9.823926
-0.4450195  -0.1387695   9.866992
-0.3780273  -0.1626953   9.886133
-0.3875977  -0.1483398   9.857422
-0.4019531  -0.153125   9.8
-0.4210938  -0.1291992   9.919629
-0.3732422  -0.1483398   9.886133
-0.3875977  -0.1674805   9.843066
-0.4210938  -0.1004883   9.876562
-0.368457  -0.08134766   9.709082
-0.4498047  -0.1100586   9.943555
-0.4163086  -0.1435547   9.814356
-0.4210938  -0.1339844   9.881348
-0.4067383  -0.1291992   9.862207
-0.4210938  -0.05742187   9.838282
-0.4306641  -0.1004883   9.910059
-0.4641601  -0.1435547   9.843066
-0.4163086  -0.1052734   9.910059
-0.4115234  -0.1483398   9.924414
-0.4019531  -0.08134766   9.900488
-0.459375  -0.1818359   9.857422
-0.4498047  -0.1339844   9.876562
-0.4163086  -0.1291992   9.847852
-0.4163086  -0.08613281   9.862207
-0.4306641  -0.1100586   9.933985
-0.4306641  -0.1483398   9.967481
-0.4258789  -0.1674805   9.828711
-0.3588867  -0.1148437   9.914844
-0.4067383  -0.1291992   9.933985
-0.4115234  -0.1100586   9.8
-0.459375  -0.1339844   9.876562
-0.4019531  -0.1291992   9.852636
-0.3732422  -0.1914063   9.785645
-0.4354492  -0.1004883   9.895703
-0.4210938  -0.1244141   9.780859
-0.4258789  -0.1244141   9.761719
-0.4067383  -0.1244141   9.828711
-0.4880859  -0.1244141   9.862207
-0.3923828  -0.07177734   9.80957
-0.3828125  -0.1196289   9.80957
-0.4737305  -0.08134766   9.900488
-0.4354492  -0.1722656   9.919629
-0.4737305  -0.1148437   9.752149
-0.3923828  -0.0765625   9.948339
-0.3923828  -0.1244141   9.847852
-0.4258789  -0.153125   9.843066
-0.4258789  -0.1579102   9.919629
-0.4306641  -0.08613281   9.847852
-0.4210938  -0.09570313   9.890918
-0.4354492  -0.1148437   9.771289
-0.4306641  -0.1387695   9.785645
-0.4210938  -0.03828125   9.895703
-0.4402344  -0.1244141   9.847852
-0.4354492  -0.1722656   9.828711
-0.4450195  -0.1339844   9.833496
-0.4210938  -0.09570313   9.886133
-0.4258789  -0.1052734   9.771289
-0.4641601  -0.1196289   9.866992
-0.4737305  -0.1244141   9.776074
-0.4163086  -0.1579102   9.795215
-0.4067383  -0.09091797   9.756933
-0.4067383  -0.1579102   9.910059
-0.4258789  -0.153125   9.900488
-0.4067383  -0.1818359   9.957911
-0.3875977  -0.1148437   9.847852
-0.4210938  -0.1148437   9.866992
-0.4019531  -0.1148437   9.886133
-0.4306641  -0.1196289   9.857422
-0.3493164  -0.1626953   9.886133
-0.4306641  -0.1435547   9.823926
-0.4067383  -0.1674805   9.761719
-0.4450195  -0.1244141   9.852636
-0.4258789  -0.1244141   9.943555
-0.368457  -0.1866211   9.895703
-0.4067383  -0.09091797   9.823926
-0.3875977  -0.1483398   9.843066
-0.4115234  -0.1722656   9.886133
-0.4115234  -0.1196289   9.804785
-0.4258789  -0.09570313   9.919629
-0.4354492  -0.1244141   9.914844
-0.4354492  -0.1196289   9.804785
-0.4354492  -0.1339844   9.871778
-0.4019531  -0.1244141   9.771289
-0.397168  -0.09091797   9.866992
-0.4785156  -0.08134766   9.814356
-0.459375  -0.05263672   9.766504
-0.4737305  -0.1387695   9.847852
-0.4450195  -0.1052734   9.8
-0.397168  -0.1435547   9.905273
-0.4545898  -0.03349609   9.905273
-0.4354492  -0.1770508   9.780859
-0.4019531  -0.1100586   9.843066
-0.4545898  -0.1196289   9.776074
-0.3828125  -0.153125   9.895703
-0.3875977  -0.1291992   9.890918
-0.3636719  -0.1770508   9.756933
-0.3588867  -0.1435547   9.914844
-0.4258789  -0.1052734   9.881348
-0.4163086  -0.1626953   9.847852
-0.4067383  -0.1148437   9.771289
-0.4402344  -0.1100586   9.852636
-0.3923828  -0.1435547   9.81914
-0.5024414  -0.1483398   9.857422
-0.4163086  -0.1100586   9.890918
-0.4833008  -0.05263672   9.776074
-0.4115234  -0.09091797   9.80957
-0.397168  -0.1100586   9.814356
-0.4019531  -0.1339844   9.776074
-0.4163086  -0.1196289   9.890918
-0.4402344  -0.08613281   9.943555
-0.4880859  -0.1196289   9.828711
-0.4450195  -0.1196289   9.871778
-0.4498047  -0.153125   9.843066
-0.4115234  -0.1674805   9.919629
-0.4115234  -0.0765625   9.857422
-0.4067383  -0.1387695   9.795215
-0.4067383  -0.1100586   9.895703
-0.3923828  -0.1196289   9.895703
-0.459375  -0.06699219   9.895703
-0.3732422  -0.09091797   9.933985
-0.4498047  -0.1435547   9.914844
-0.4689453  -0.1052734   9.953125
-0.4258789  -0.1244141   9.924414
-0.4641601  -0.1339844   9.900488
-0.4163086  -0.1339844   9.780859
-0.4115234  -0.1339844   9.929199
-0.4450195  -0.1579102   9.79043
-0.4067383  -0.1148437   9.871778
-0.4641601  -0.1244141   9.910059
-0.3780273  -0.1387695   9.876562
-0.4019531  -0.1148437   9.814356
-0.4258789  -0.1244141   9.838282
-0.4067383  -0.1339844   9.890918
-0.3923828  -0.1004883   9.924414
-0.4115234  -0.1100586   9.823926
-0.3828125  -0.1339844   9.900488
-0.3636719  -0.153125   9.862207
-0.4067383  -0.1483398   9.895703
-0.4354492  -0.1722656   9.862207
-0.4450195  -0.1100586   9.862207
-0.5024414  -0.09091797   9.80957
-0.4067383  -0.153125   9.890918
-0.4641601  -0.153125   9.866992
-0.4210938  -0.09570313   9.852636
-0.4402344  -0.1339844   9.833496
-0.4928711  -0.1100586   9.905273
-0.459375  -0.1387695   9.857422
-0.4354492  -0.1626953   9.814356
-0.4306641  -0.1339844   9.919629
-0.3923828  -0.1483398   9.823926
-0.397168  -0.1387695   9.81914
-0.4019531  -0.07177734   9.80957
-0.3923828  -0.1052734   9.890918
-0.4306641  -0.0765625   9.780859
-0.4306641  -0.1291992   9.900488
-0.3541016  -0.1387695   9.900488
-0.4354492  -0.06699219   9.828711
-0.4402344  -0.09570313   9.914844
-0.4163086  -0.1244141   9.833496
-0.4019531  -0.1244141   9.81914
-0.4115234  -0.04785156   9.938769
-0.3875977  -0.1100586   9.838282
-0.459375  -0.1291992   9.795215
-0.4354492  -0.1052734   9.838282
-0.4737305  -0.08134766   9.871778
-0.4498047  -0.1196289   9.862207
-0.3636719  -0.1291992   9.8
-0.4210938  -0.1148437   9.838282
-0.3636719  -0.1291992   9.823926
-0.4545898  -0.03349609   9.833496
-0.4498047  -0.1387695   9.876562
-0.4067383  -0.1674805   9.828711
-0.4354492  -0.1387695   9.857422
-0.4306641  -0.1148437   9.914844
-0.4689453  -0.09570313   9.771289
-0.4689453  -0.1100586   9.847852
-0.3780273  -0.07177734   9.910059
-0.4067383  -0.1196289   9.828711
-0.4641601  -0.09091797   9.80957
-0.4689453  -0.09570313   9.919629
-0.4306641  -0.07177734   9.843066
-0.4402344  -0.1004883   9.780859
-0.5072266  -0.1244141   9.914844
-0.4785156  -0.1435547   9.871778
-0.4402344  -0.1483398   9.795215
-0.4545898  -0.09091797   9.914844
-0.4163086  -0.1339844   9.929199
-0.4115234  -0.1148437   9.914844
-0.4115234  -0.1387695   9.785645
-0.4498047  -0.08134766   9.785645
-0.4115234  -0.08134766   9.876562
-0.3875977  -0.09091797   9.814356
-0.3732422  -0.1196289   9.833496
-0.4115234  -0.153125   9.771289
-0.4115234  -0.1483398   9.833496
-0.4354492  -0.1052734   9.862207
-0.4019531  -0.08134766   9.862207
-0.4545898  -0.1579102   9.857422
-0.4115234  -0.1818359   9.881348
-0.4545898  -0.1674805   9.900488
-0.397168  -0.0765625   9.847852
-0.4498047  -0.1052734   9.857422
-0.4402344  -0.1818359   9.981836
-0.4354492  -0.1100586   9.814356
-0.4450195  -0.1579102   9.737793
-0.4258789  -0.1052734   9.886133
-0.4306641  -0.1004883   9.823926
-0.4641601  -0.1387695   9.910059
-0.4019531  -0.08134766   9.847852
-0.397168  -0.05263672   9.847852
-0.368457  -0.1435547   9.833496
-0.4402344  -0.1435547   9.948339
-0.4163086  -0.1722656   9.962695
-0.3875977  -0.1100586   9.967481
-0.4019531  -0.1674805   9.914844
-0.4402344  -0.1387695   9.795215
-0.4354492  -0.09570313   9.852636
-0.397168  -0.1244141   9.943555
-0.3780273  -0.1148437   9.862207
-0.4450195  -0.04785156   9.785645
-0.4163086  -0.04785156   9.886133
-0.4306641  -0.1435547   9.881348
-0.4689453  -0.08613281   9.929199
-0.459375  -0.08134766   9.8
-0.4306641  -0.1579102   9.895703
-0.4306641  -0.1148437   9.857422
-0.4545898  -0.1004883   9.838282
-0.4210938  -0.1818359   9.910059
-0.397168  -0.09570313   9.886133
-0.4019531  -0.0765625   9.862207
-0.4641601  -0.08134766   9.862207
-0.3875977  -0.153125   9.804785
-0.4258789  -0.1483398   9.871778
-0.4354492  -0.1339844   9.905273
-0.4498047  -0.1244141   9.866992
-0.4306641  -0.1244141   9.905273
-0.4067383  -0.1387695   9.924414
-0.3923828  -0.1004883   9.924414
-0.459375  -0.1004883   9.852636
-0.4689453  -0.1004883   9.890918
-0.397168  -0.1339844   9.886133
-0.5072266  -0.08134766   9.948339
-0.4354492  -0.1244141   9.929199
-0.3732422  -0.1052734   9.924414
-0.3923828  -0.09091797   9.847852
-0.459375  -0.1435547   9.967481
-0.4785156  -0.1339844   9.752149
-0.4067383  -0.1100586   9.866992
-0.4402344  -0.1579102   9.866992
-0.3875977  -0.09570313   9.828711
-0.4354492  -0.1004883   9.838282
-0.4545898  -0.1196289   9.886133
-0.5024414  -0.1004883   9.900488
-0.4450195  -0.1291992   9.900488
-0.4115234  -0.1626953   9.962695
-0.4067383  -0.1100586   9.871778
-0.4306641  -0.1387695   9.852636
-0.397168  -0.1148437   9.728223
-0.4067383  -0.1244141   9.866992
-0.3923828  -0.1244141   9.833496
-0.4163086  -0.1052734   9.871778
-0.3828125  -0.1244141   9.862207
-0.4833008  -0.1339844   9.795215
-0.4258789  -0.1483398   9.823926
-0.4258789  -0.1100586   9.79043
-0.397168  -0.1579102   9.881348
-0.4115234  -0.1339844   9.881348
-0.4354492  -0.153125   9.905273
-0.4306641  -0.1435547   9.81914
-0.3780273  -0.1100586   9.823926
-0.4545898  -0.1435547   9.895703
-0.3828125  -0.1387695   9.866992
-0.4354492  -0.1339844   9.924414
-0.4115234  -0.1483398   9.847852
-0.4115234  -0.1291992   9.900488
-0.4450195  -0.1291992   9.780859
-0.4306641  -0.09091797   9.871778
-0.4258789  -0.1435547   9.81914
-0.4210938  -0.04785156   9.871778
-0.3923828  -0.1339844   9.81914
-0.3923828  -0.1148437   9.900488
-0.4306641  -0.0765625   9.804785
-0.4163086  -0.1626953   9.814356
-0.4450195  -0.1579102   9.900488
-0.4163086  -0.1291992   9.80957
-0.3828125  -0.0765625   9.843066
-0.4354492  -0.06699219   9.890918
-0.4498047  -0.1148437   9.828711
-0.4115234  -0.1626953   9.862207
-0.4545898  -0.1100586   9.852636
-0.4163086  -0.1483398   9.804785
-0.4545898  -0.1435547   9.833496
-0.4258789  -0.05742187   9.756933
-0.4019531  -0.1004883   9.871778
-0.4306641  -0.0765625   9.814356
-0.5120117  -0.08134766   9.804785
-0.4354492  -0.08134766   9.857422
-0.4258789  -0.03828125   9.881348
-0.4210938  -0.09570313   9.847852
-0.4258789  -0.2201172   9.823926
-0.397168  -0.1100586   9.910059
-0.4067383  -0.08134766   9.977051
-0.4258789  -0.1148437   9.857422
-0.4258789  -0.06699219   9.828711
-0.4306641  -0.0765625   9.828711
-0.3923828  -0.1196289   9.914844
-0.4163086  -0.1483398   9.948339
-0.3636719  -0.1387695   9.862207
-0.4641601  -0.1579102   9.857422
-0.4402344  -0.1100586   9.910059
-0.4210938  -0.1196289   9.914844
-0.4306641  -0.1291992   9.828711
-0.4354492  -0.1387695   9.80957
-0.4019531  -0.1148437   9.785645
-0.4498047  -0.1579102   9.81914
-0.4354492  -0.1244141   9.924414
-0.4450195  -0.1722656   9.905273
-0.4306641  -0.153125   9.847852
-0.4354492  -0.153125   9.862207
-0.4354492  -0.1196289   9.804785
-0.3923828  -0.1579102   9.828711
-0.4258789  -0.05263672   9.933985
-0.4354492  -0.08613281   9.929199
-0.4163086  -0.1148437   9.886133
-0.4641601  -0.09091797   9.771289
-0.3780273  -0.1004883   9.8
-0.3875977  -0.1244141   9.943555
-0.4019531  -0.153125   9.871778
-0.4163086  -0.1291992   9.804785
-0.4354492  -0.1244141   9.881348
-0.4450195  -0.1148437   9.857422
-0.4928711  -0.1770508   9.847852
-0.4545898  -0.153125   9.895703
-0.4450195  -0.1674805   9.752149
-0.4163086  -0.1387695   9.857422
-0.459375  -0.1196289   9.890918
-0.4163086  -0.153125   9.785645
-0.4450195  -0.1674805   9.886133
-0.3875977  -0.1674805   9.862207
-0.3828125  -0.1291992   9.785645
-0.4880859  -0.153125   9.852636
-0.4163086  -0.1291992   9.785645
-0.3732422  -0.1052734   9.814356
-0.4067383  -0.1004883   9.871778
-0.4641601  -0.153125   9.776074
-0.4115234  -0.05742187   9.828711
-0.4163086  -0.08134766   9.962695
-0.4163086  -0.1387695   9.81914
-0.4354492  -0.09570313   9.776074
-0.397168  -0.0765625   9.895703
-0.4354492  -0.02392578   9.828711
-0.4306641  -0.1339844   9.890918
-0.4019531  -0.1100586   9.862207
-0.4115234  -0.1674805   9.895703
-0.4641601  -0.09570313   9.919629
-0.4402344  -0.1196289   9.8
-0.397168  -0.1770508   9.833496
-0.4450195  -0.1435547   9.905273
-0.4019531  -0.06699219   9.919629
-0.4210938  -0.1196289   9.785645
-0.4210938  -0.1244141   9.833496
-0.4258789  -0.1770508   9.81914
-0.4067383  -0.1148437   9.828711
-0.3828125  -0.1052734   9.977051
-0.4354492  -0.0765625   9.876562
-0.3875977  -0.1100586   9.81914
-0.4545898  -0.1244141   9.833496
-0.3923828  -0.1387695   9.914844
-0.4354492  -0.1291992   9.862207
-0.4450195  -0.09570313   9.876562
-0.3732422  -0.08613281   9.866992
-0.3732422  -0.1483398   9.933985
-0.4210938  -0.09570313   9.823926
-0.4498047  -0.215332   9.977051
-0.397168  -0.1004883   9.895703
-0.4354492  -0.05742187   9.919629
-0.4258789  -0.0765625   9.828711
-0.4306641  -0.1291992   9.8
-0.4210938  -0.1387695   9.919629
-0.4402344  -0.1148437   9.833496
-0.4258789  -0.1148437   9.852636
-0.4306641  -0.1052734   9.895703
-0.4258789  -0.1626953   9.876562
-0.4402344  -0.1100586   9.776074
-0.3828125  -0.153125   9.728223
-0.4210938  -0.1291992   9.910059
-0.4210938  -0.1291992   9.914844
-0.4402344  -0.09091797   9.890918
-0.4067383  -0.09570313   9.948339
-0.3828125  -0.0765625   9.843066
-0.4498047  -0.1579102   9.8
-0.4258789  -0.1387695   9.938769
-0.4402344  -0.1339844   9.857422
-0.4689453  -0.1387695   9.80957
-0.3875977  -0.1866211   9.733007
-0.4450195  -0.153125   9.890918
-0.4737305  -0.1483398   9.857422
-0.4306641  -0.1674805   9.814356
-0.3588867  -0.0765625   9.857422
-0.4115234  -0.1291992   9.857422
-0.3875977  -0.09570313   9.833496
-0.4450195  -0.1004883   9.895703
-0.4115234  -0.1052734   9.833496
-0.4689453  -0.1387695   9.986621
-0.4545898  -0.09091797   9.905273
-0.4354492  -0.1196289   9.814356
-0.3828125  -0.1291992   9.608594
-0.4545898  -0.153125   9.62295
-0.4976563  -0.1004883   9.948339
-0.397168  -0.08134766   10.00098
-0.4641601  -0.1291992   9.972265
-0.4210938  -0.05263672   9.795215
-0.4354492  -0.1435547   9.656446
-0.4019531  -0.1435547   9.776074
-0.4067383  -0.1100586   9.895703
-0.4498047  -0.1052734   9.852636
-0.4019531  -0.1339844   9.890918
-0.4210938  -0.1100586   9.80957
-0.4210938  -0.1100586   9.866992
-0.3875977  -0.1196289   9.900488
-0.4545898  -0.1674805   9.905273
-0.4067383  -0.08613281   9.833496
-0.4354492  -0.1244141   9.776074
-0.397168  -0.1674805   9.79043
-0.4258789  -0.1148437   9.79043
-0.4450195  -0.1148437   9.943555
-0.4880859  -0.08134766   9.852636
-0.3923828  -0.1196289   9.938769
-0.4210938  -0.06699219   9.847852
-0.3780273  -0.1483398   9.823926
-0.3923828  -0.08134766   9.80957
-0.3828125  -0.1339844   9.900488
-0.4258789  -0.1244141   9.900488
-0.4306641  -0.1004883   9.828711
-0.4354492  -0.09570313   9.881348
-0.4019531  -0.06220703   9.881348
-0.459375  -0.1148437   9.852636
-0.3732422  -0.1435547   9.886133
-0.4402344  -0.1100586   9.866992
-0.4019531  -0.1100586   9.795215
-0.4450195  -0.1339844   9.81914
-0.4210938  -0.08613281   9.876562
-0.4258789  -0.1770508   9.919629
-0.4689453  -0.05742187   9.871778
-0.397168  -0.1291992   9.843066
-0.4163086  -0.1148437   9.852636
-0.4354492  -0.1291992   9.890918
-0.4306641  -0.1291992   9.766504
-0.4402344  -0.09570313   9.871778
-0.397168  -0.1770508   9.890918
-0.4450195  -0.1148437   9.886133
-0.4545898  -0.09570313   9.843066
-0.368457  -0.1100586   9.905273
-0.4545898  -0.1483398   9.838282
-0.4402344  -0.153125   9.910059
-0.4880859  -0.1196289   9.804785
-0.459375  -0.1004883   9.776074
-0.4067383  -0.1148437   9.857422
-0.4210938  -0.08134766   9.886133
-0.4258789  -0.05742187   9.986621
-0.4115234  -0.09091797   9.852636
-0.459375  -0.1004883   9.828711
-0.4354492  -0.1435547   9.823926
-0.3923828  -0.0430664   9.895703
-0.4210938  -0.06220703   9.828711
-0.4163086  -0.153125   9.933985
-0.368457  -0.1052734   9.785645
-0.4115234  -0.1100586   9.80957
-0.4258789  -0.1722656   9.833496
-0.4115234  -0.09091797   9.823926
-0.4210938  -0.1148437   9.828711
-0.4928711  -0.09570313   9.866992
-0.4354492  -0.1291992   9.857422
-0.4545898  -0.1100586   9.924414
-0.4258789  -0.09570313   9.833496
-0.4115234  -0.1339844   9.780859
-0.3732422  -0.1339844   9.996191
-0.3923828  -0.1291992   9.938769
-0.4258789  -0.09570313   9.823926
-0.397168  -0.09570313   9.838282
-0.397168  -0.1626953   9.847852
-0.4115234  -0.1435547   9.852636
-0.4641601  -0.1004883   9.785645
-0.4450195  -0.08134766   9.847852
-0.397168  -0.1387695   9.914844
-0.3828125  -0.1244141   9.871778
-0.4210938  -0.1339844   9.886133
-0.4115234  -0.09570313   9.871778
-0.4689453  -0.1579102   9.862207
-0.4785156  -0.1004883   9.881348
-0.4306641  -0.08134766   9.900488
-0.4306641  -0.1004883   9.847852
-0.4450195  -0.1339844   9.938769
-0.4785156  -0.05263672   9.843066
-0.4163086  -0.1100586   9.814356
-0.4067383  -0.1100586   9.814356
-0.4019531  -0.1148437   9.871778
-0.4115234  -0.1148437   9.81914
-0.4450195  -0.06220703   9.847852
-0.3923828  -0.1100586   9.895703
-0.3875977  -0.1244141   9.890918
-0.3493164  -0.1291992   9.833496
-0.4258789  -0.1291992   9.862207
-0.4354492  -0.1483398   9.890918
-0.4258789  -0.09091797   9.929199
-0.4450195  -0.1483398   9.857422
-0.4306641  -0.06699219   9.895703
-0.4641601  -0.1387695   9.852636
-0.4067383  -0.1244141   9.881348
-0.4163086  -0.09570313   9.79043
-0.4115234  -0.09091797   9.733007
-0.4067383  -0.08613281   9.876562
-0.4306641  -0.1387695   9.967481
-0.397168  -0.0765625   9.828711
-0.3636719  -0.153125   9.847852
-0.4354492  -0.1291992   9.804785
-0.3875977  -0.08134766   9.723437
-0.4210938  -0.1148437   9.890918
-0.4067383  -0.1052734   9.862207
-0.4115234  -0.1291992   9.862207
-0.4067383  -0.1483398   9.838282
-0.4067383  -0.1148437   9.847852
-0.397168  -0.1914063   9.8
-0.4115234  -0.1435547   10.00576
-0.4354492  -0.1291992   9.876562
-0.4019531  -0.1339844   9.833496
-0.4450195  -0.1004883   9.833496
-0.4498047  -0.08613281   9.814356
-0.4450195  -0.1100586   9.924414
-0.3828125  -0.1339844   9.847852
-0.4163086  -0.08134766   9.929199
-0.4450195  -0.1052734   9.780859
-0.4210938  -0.1052734   9.780859
-0.4402344  -0.09091797   9.843066
-0.3636719  -0.1244141   9.919629
-0.4163086  -0.1291992   9.910059
-0.397168  -0.09570313   9.823926
-0.397168  -0.1244141   9.795215
-0.4115234  -0.1100586   9.718653
-0.4354492  -0.1387695   9.890918
-0.4115234  -0.1196289   9.804785
-0.459375  -0.1483398   9.905273
-0.4210938  -0.1626953   9.843066
-0.4163086  -0.1100586   9.81914
-0.3732422  -0.153125   9.761719
-0.397168  -0.1435547   9.900488
-0.4067383  -0.1004883   9.862207
-0.4402344  -0.1100586   9.986621
-0.4258789  -0.1387695   9.862207
-0.3828125  -0.09091797   9.785645
-0.4019531  -0.1148437   9.914844
-0.4354492  -0.1674805   9.857422
-0.4210938  -0.1387695   9.914844
-0.397168  -0.09091797   9.8
-0.4210938  -0.1148437   9.80957
-0.4402344  -0.1052734   9.914844
-0.4210938  -0.1196289   9.823926
-0.4163086  -0.08134766   9.862207
-0.397168  -0.1244141   9.804785
-0.4545898  -0.1004883   9.838282
-0.4737305  -0.1148437   9.843066
-0.4545898  -0.04785156   9.857422
-0.4306641  -0.1244141   9.766504
