-1.280488  0.06097561   0.3658537
-1.402439  0.1219512   0.3048781
-1.402439  0   0.4878049
-1.402439  0.06097561   0.4878049
-1.402439  0.06097561   0.3048781
-1.52439  0.06097561   0.4268293
-1.402439  0.1219512   0.4268293
-1.463415  0   0.4878049
-1.219512  0.1219512   0.7317073
-1.341463  -0.1219512   0.4878049
-1.341463  0.06097561   0.4878049
-1.341463  0   0.5487805
-1.463415  0   0.4878049
-1.52439  0.2439024   0.3658537
-1.402439  0   0.3658537
-1.280488  0   0.5487805
-1.341463  0.1219512   0.5487805
-1.402439  -0.06097561   0.3658537
-1.52439  -0.1219512   0.4268293
-1.280488  0.1829268   0.3048781
-1.463415  0.1219512   0.4878049
-1.402439  -0.1219512   0.4878049
-1.341463  0.06097561   0.4268293
-1.341463  0.1219512   0.3658537
-1.463415  0.2439024   0.3658537
-1.463415  0.06097561   0.4268293
-1.463415  0   0.6097561
-1.463415  0.06097561   0.6097561
-1.402439  0.06097561   0.4268293
-1.219512  -0.1219512   0.5487805
-1.280488  0.06097561   0.5487805
-1.463415  0   0.6097561
-1.52439  0.06097561   0.3048781
-1.341463  0   0.2439024
-1.52439  -0.06097561   0.5487805
-1.585366  0.2439024   0.6097561
-1.463415  0.1829268   0.4878049
-1.463415  0   0.4268293
-1.341463  0.1829268   0.6097561
-1.341463  -0.06097561   0.5487805
-1.402439  0.1219512   0.4268293
-1.219512  0.1219512   0.3658537
-1.52439  0.06097561   0.3048781
-1.280488  0   0.5487805
-1.402439  0   0.4878049
-1.219512  0.2439024   0.5487805
-1.52439  0.06097561   0.3658537
-1.341463  0.1829268   0.3658537
-1.402439  0.1219512   0.5487805
-1.341463  0.06097561   0.4268293
-1.585366  0.06097561   0.4268293
-1.402439  0.1219512   0.4268293
-1.585366  0   0.4268293
-1.402439  -0.06097561   0.4878049
-1.463415  0   0.5487805
-1.402439  0.06097561   0.4268293
-1.341463  0   0.2439024
-1.463415  -0.06097561   0.5487805
-1.280488  0.1219512   0.4268293
-1.52439  0.06097561   0.4268293
-1.341463  0.1219512   0.3658537
-1.402439  -0.06097561   0.4268293
-1.52439  0.1219512   0.3048781
-1.280488  0.1219512   0.3658537
-1.341463  0.06097561   0.6707317
-1.463415  0.06097561   0.4878049
-1.52439  -0.06097561   0.4878049
-1.219512  0.1829268   0.3658537
-1.280488  0.1829268   0.5487805
-1.341463  -0.06097561   0.4268293
-1.341463  0.1219512   0.4268293
-1.219512  0.1829268   0.4878049
-1.402439  0.2439024   0.4878049
-1.341463  0.1219512   0.3048781
-1.402439  0.2439024   0.3658537
-1.341463  0.06097561   0.4878049
-1.402439  0   0.4268293
-1.280488  0.1829268   0.5487805
-1.341463  -0.06097561   0.5487805
-1.341463  0   0.5487805
-1.463415  0.1219512   0.4878049
-1.280488  0   0.4268293
-1.52439  0.1219512   0.3658537
-1.341463  0.1829268   0.4878049
-1.402439  0.06097561   0.4268293
-1.341463  0   0.4878049
-1.402439  0.1219512   0.4268293
-1.463415  0.1219512   0.5487805
-1.341463  0.06097561   0.4878049
-1.402439  -0.06097561   0.3658537
-1.463415  -0.06097561   0.5487805
-1.402439  0.1219512   0.4268293
-1.341463  0.1829268   0.3658537
-1.219512  0.1829268   0.6707317
-1.52439  0.06097561   0.3048781
-1.52439  0   0.3658537
-1.463415  0.1219512   0.3658537
-1.463415  0.06097561   0.4268293
-1.463415  -0.06097561   0.4268293
-1.341463  0   0.5487805
-1.341463  0   0.4268293
-1.402439  0.1219512   0.3658537
-1.646341  0   0.6097561
-1.402439  0   0.4268293
-1.341463  0   0.3658537
-1.463415  -0.06097561   0.6097561
-1.52439  0.1219512   0.4878049
-1.341463  0.06097561   0.4268293
-1.402439  0.1219512   0.4268293
-1.463415  0   0.5487805
-1.341463  0   0.4268293
-1.585366  0   0.3658537
-1.463415  0   0.5487805
-1.341463  -0.1219512   0.5487805
-1.402439  -0.06097561   0.3658537
-1.219512  0.06097561   0.4268293
-1.52439  0.1219512   0.6097561
-1.402439  0.1219512   0.4878049
-1.280488  -0.06097561   0.6097561
-1.463415  0   0.6097561
-1.402439  0.06097561   0.5487805
-1.52439  -0.06097561   0.4878049
-1.52439  0.06097561   0.4268293
-1.402439  0   0.6097561
-1.341463  0.06097561   0.2439024
-1.280488  -0.06097561   0.4268293
-1.341463  0.3048781   0.5487805
-1.646341  0.2439024   0.3658537
-1.463415  0.06097561   0.4878049
-1.280488  0   0.5487805
-1.646341  0.06097561   0.3658537
-1.463415  -0.06097561   0.4268293
-1.402439  -0.06097561   0.3658537
-1.52439  0   0.4268293
-1.402439  0   0.3658537
-1.402439  -0.1219512   0.3658537
-1.463415  0.06097561   0.4878049
-1.402439  0.06097561   0.4878049
-1.585366  0   0.4878049
-1.52439  -0.06097561   0.3658537
-1.280488  0   0.3048781
-1.402439  0.2439024   0.4268293
-1.463415  0   0.5487805
-1.463415  0   0.3658537
-1.585366  0.1219512   0.4268293
-1.341463  0   0.5487805
-1.402439  -0.06097561   0.2439024
-1.463415  0.06097561   0.5487805
-1.402439  0.1829268   0.6097561
-1.463415  -0.06097561   0.4878049
-1.463415  0.1829268   0.6707317
-1.463415  0.06097561   0.4878049
-1.52439  0   0.3658537
-1.280488  0.1219512   0.4878049
-1.52439  -0.06097561   0.4878049
-1.280488  -0.06097561   0.4268293
-1.341463  -0.06097561   0.4268293
-1.402439  0.2439024   0.3048781
-1.646341  -0.06097561   0.4878049
-1.280488  0.1219512   0.4268293
-1.463415  0.3658537   0.4268293
-1.52439  0.06097561   0.7317073
-1.52439  0.1219512   0.2439024
-1.463415  0   0.6097561
-1.402439  -0.06097561   0.4878049
-1.52439  0.1219512   0.6097561
-1.52439  -0.1219512   0.3658537
-1.341463  -0.06097561   0.3658537
-1.280488  -0.06097561   0.4878049
-1.52439  0   0.4268293
-1.402439  0.06097561   0.3658537
-1.463415  0.1829268   0.4878049
-1.52439  0.2439024   0.4268293
-1.52439  0.1829268   0.4268293
-1.402439  -0.06097561   0.4878049
-1.280488  -0.06097561   0.4878049
-1.463415  0.1219512   0.4268293
-1.585366  0.1219512   0.4268293
-1.341463  0   0.5487805
-1.463415  -0.06097561   0.5487805
-1.463415  0.06097561   0.4878049
-1.463415  0.06097561   0.5487805
-1.463415  0.1219512   0.3658537
-1.341463  -0.06097561   0.5487805
-1.463415  0.2439024   0.3658537
-1.402439  0   0.3658537
-1.463415  -0.1219512   0.5487805
-1.585366  0   0.4878049
-1.402439  0.06097561   0.3658537
-1.402439  0.1829268   0.6097561
-1.402439  0.1219512   0.5487805
-1.341463  0   0.6097561
-1.402439  -0.06097561   0.4878049
-1.402439  0   0.3658537
-1.341463  0.2439024   0.3048781
-1.463415  0   0.5487805
-1.52439  -0.06097561   0.3048781
-1.341463  -0.1219512   0.6097561
-1.402439  0   0.4268293
-1.52439  0.06097561   0.4878049
-1.52439  -0.06097561   0.6097561
0.02011991  -0.05060972   0.02530473
0.02011991  -0.05060972   -0.1576221
-0.162807  0.1932927   0.02530473
-0.04085577  -0.1115853   -0.09664649
-0.1018313  -0.05060972   -0.03567088
-0.1018313  -0.05060972   -0.03567088
0.02011991  -0.05060972   0.02530473
-0.1018313  -0.1725609   -0.03567088
-0.04085577  -0.05060972   0.147256
0.02011991  0.0713415   -0.03567088
-0.162807  -0.05060972   0.08628035
-0.04085577  -0.1115853   -0.03567088
-0.04085577  -0.2335366   0.02530473
0.1420711  0.1323171   -0.03567088
-0.1018313  0.01036589   0.02530473
-0.04085577  -0.05060972   0.02530473
-0.04085577  0.0713415   0.08628035
0.02011991  -0.1115853   -0.03567088
0.02011991  0.0713415   0.02530473
-0.162807  0.01036589   -0.03567088
-0.04085577  0.0713415   0.02530473
-0.04085577  0.0713415   -0.09664649
-0.04085577  0.01036589   0.08628035
0.1420711  0.0713415   -0.09664649
0.02011991  0.01036589   -0.03567088
-0.04085577  0.01036589   -0.09664649
-0.04085577  0.01036589   0.08628035
-0.1018313  -0.05060972   -0.09664649
-0.04085577  -0.1725609   0.2082316
-0.04085577  0.01036589   -0.03567088
-0.1018313  -0.1115853   0.2082316
-0.04085577  -0.05060972   0.08628035
-0.162807  0.01036589   0.02530473
-0.2237825  0.01036589   0.02530473
0.08109546  -0.05060972   -0.2185977
-0.2237825  -0.1115853   -0.03567088
0.02011991  0.0713415   0.02530473
-0.04085577  -0.05060972   -0.03567088
-0.04085577  -0.05060972   -0.03567088
0.02011991  0.01036589   -0.03567088
0.02011991  -0.1115853   -0.03567088
-0.1018313  -0.1725609   0.2082316
-0.04085577  -0.1115853   0.02530473
0.02011991  -0.05060972   0.08628035
0.08109546  -0.1115853   -0.03567088
-0.04085577  -0.05060972   -0.09664649
-0.1018313  0.1323171   0.08628035
0.02011991  0.1932927   -0.09664649
-0.04085577  0.01036589   0.08628035
0.02011991  -0.05060972   -0.03567088
0.02011991  -0.1725609   0.02530473
0.08109546  -0.1725609   0.2082316
-0.1018313  -0.1115853   -0.1576221
0.02011991  -0.1725609   0.08628035
-0.04085577  -0.05060972   0.08628035
-0.1018313  0.01036589   -0.03567088
0.02011991  0.0713415   0.08628035
0.2640224  -0.1115853   0.147256
-0.04085577  0.01036589   0.02530473
-0.04085577  -0.05060972   0.02530473
0.08109546  -0.05060972   -0.2185977
-0.04085577  0.01036589   -0.03567088
0.02011991  0.01036589   -0.09664649
0.08109546  -0.05060972   0.02530473
-0.04085577  -0.05060972   -0.03567088
-0.04085577  0.1323171   -0.09664649
-0.04085577  0.1323171   -0.03567088
-0.1018313  0.0713415   -0.1576221
-0.162807  0.01036589   -0.1576221
-0.1018313  0.01036589   0.08628035
0.02011991  0.0713415   -0.03567088
-0.1018313  -0.1725609   0.147256
0.02011991  -0.1115853   -0.03567088
0.02011991  0.0713415   0.147256
-0.04085577  0.1932927   0.147256
0.1420711  0.01036589   0.02530473
-0.04085577  0.0713415   0.147256
0.2030467  0.0713415   0.147256
0.02011991  0.01036589   -0.03567088
-0.04085577  -0.05060972   -0.09664649
-0.1018313  -0.05060972   -0.09664649
0.08109546  0.0713415   -0.03567088
-0.162807  -0.05060972   0.02530473
-0.04085577  -0.2945122   -0.03567088
-0.1018313  0.01036589   -0.03567088
-0.04085577  -0.1115853   0.08628035
-0.04085577  -0.1725609   -0.03567088
-0.04085577  0.1323171   -0.03567088
0.02011991  0.01036589   0.02530473
-0.2237825  -0.05060972   -0.03567088
-0.04085577  -0.2335366   -0.1576221
0.08109546  -0.05060972   -0.03567088
-0.1018313  -0.1115853   -0.09664649
0.02011991  -0.1115853   0.08628035
0.08109546  0.1323171   0.02530473
-0.162807  -0.05060972   0.02530473
0.02011991  0.1932927   -0.03567088
-0.1018313  0.0713415   0.02530473
0.02011991  0.0713415   -0.09664649
0.02011991  0.01036589   0.02530473
0.2640224  -0.1115853   0.08628035
0.2030467  0.01036589   -0.03567088
0.08109546  -0.1115853   -0.03567088
0.08109546  -0.05060972   0.02530473
0.08109546  0.0713415   0.08628035
0.08109546  -0.1115853   -0.03567088
0.02011991  0.01036589   -0.09664649
-0.1018313  0.1323171   -0.09664649
-0.04085577  0.01036589   -0.03567088
-0.04085577  -0.1115853   -0.09664649
-0.04085577  0.0713415   -0.1576221
-0.1018313  -0.1115853   -0.09664649
-0.162807  -0.05060972   -0.1576221
-0.04085577  0.01036589   0.02530473
-0.1018313  0.0713415   0.147256
0.02011991  -0.05060972   0.08628035
-0.04085577  0.0713415   0.147256
0.02011991  -0.1725609   -0.09664649
-0.1018313  0.1323171   0.02530473
0.02011991  -0.05060972   0.08628035
0.02011991  0.0713415   0.02530473
-0.04085577  0.0713415   0.02530473
-0.162807  0.1323171   -0.09664649
0.02011991  -0.1115853   -0.03567088
-0.1018313  -0.05060972   0.08628035
0.02011991  0.01036589   -0.1576221
-0.04085577  -0.2335366   -0.03567088
-0.04085577  0.01036589   -0.03567088
0.02011991  -0.05060972   0.02530473
0.02011991  0.01036589   0.02530473
-0.04085577  -0.1725609   -0.03567088
-0.1018313  -0.05060972   0.02530473
0.08109546  -0.05060972   0.02530473
-0.04085577  0.0713415   0.02530473
0.02011991  -0.1115853   -0.03567088
0.02011991  0.0713415   -0.03567088
-0.1018313  -0.1115853   0.08628035
0.02011991  0.0713415   0.08628035
-0.04085577  0.0713415   0.02530473
0.1420711  0.1932927   0.02530473
-0.1018313  0.0713415   -0.03567088
-0.2237825  0.0713415   -0.09664649
-0.04085577  0.0713415   -0.03567088
0.08109546  -0.1115853   0.02530473
0.1420711  0.0713415   -0.09664649
-0.162807  -0.2335366   -0.03567088
-0.1018313  -0.05060972   0.02530473
-0.04085577  0.0713415   -0.03567088
0.02011991  -0.05060972   -0.09664649
-0.1018313  -0.1115853   -0.03567088
0.02011991  -0.1725609   0.147256
0.1420711  -0.1115853   0.02530473
0.02011991  -0.1115853   -0.09664649
0.02011991  0.01036589   -0.09664649
-0.04085577  0.01036589   0.02530473
-0.162807  0.01036589   -0.1576221
-0.04085577  0.1323171   -0.1576221
-0.1018313  0.01036589   0.08628035
-0.1018313  -0.1115853   0.02530473
0.08109546  -0.1115853   0.08628035
-0.162807  0.01036589   -0.03567088
0.02011991  -0.1115853   0.08628035
-0.04085577  0.01036589   0.2082316
-0.1018313  0.0713415   -0.09664649
-0.04085577  0.1323171   -0.09664649
-0.04085577  -0.1725609   -0.03567088
-0.1018313  -0.1115853   0.08628035
0.1420711  -0.05060972   -0.03567088
0.02011991  0.01036589   0.02530473
-0.04085577  -0.1725609   0.02530473
0.02011991  0.01036589   -0.1576221
0.08109546  -0.1115853   0.02530473
0.02011991  0.1323171   0.02530473
-0.1018313  0.0713415   -0.09664649
0.02011991  -0.1725609   0.02530473
0.02011991  -0.1115853   0.08628035
0.08109546  -0.1115853   -0.03567088
-0.1018313  0.0713415   0.02530473
0.08109546  -0.1115853   0.147256
0.2640224  0.0713415   -0.03567088
-0.1018313  0.1323171   -0.1576221
0.02011991  0.01036589   0.02530473
0.02011991  0.1932927   0.147256
-0.1018313  0.1323171   0.08628035
-0.2237825  -0.1115853   0.08628035
0.08109546  -0.1725609   -0.03567088
-0.04085577  0.0713415   0.147256
-0.04085577  -0.05060972   -0.1576221
0.08109546  -0.05060972   0.08628035
-0.1018313  -0.1115853   0.02530473
0.08109546  -0.1115853   0.02530473
0.08109546  0.0713415   0.02530473
-0.04085577  0.01036589   0.08628035
-0.04085577  -0.1115853   -0.03567088
-0.04085577  0.01036589   0.02530473
-0.04085577  -0.05060972   0.147256
0.02011991  0.2542683   -0.09664649
-0.04085577  -0.05060972   -0.09664649
-0.162807  -0.1115853   0.08628035
0.02011991  0.0713415   0.02530473
0.08109546  -0.1115853   -0.03567088
-0.162807  -0.1115853   0.08628035
-0.1018313  0.0713415   -0.03567088
-0.04085577  0.01036589   0.08628035
-0.04085577  -0.1115853   0.02530473
-0.2847582  0.0713415   0.08628035
0.2030467  -0.05060972   -0.03567088
0.08109546  0.0713415   -0.09664649
0.08109546  -0.05060972   -0.03567088
-0.1018313  -0.1115853   -0.03567088
-0.04085577  0.01036589   0.08628035
-0.2237825  -0.1115853   0.02530473
-0.1018313  -0.05060972   -0.09664649
-0.04085577  -0.05060972   0.08628035
0.08109546  -0.05060972   0.02530473
0.02011991  0.0713415   -0.09664649
0.1420711  -0.2335366   0.08628035
-0.2847582  -0.05060972   0.08628035
-0.1018313  -0.05060972   -0.09664649
-0.04085577  -0.1725609   -0.03567088
-0.162807  0.01036589   0.02530473
-0.1018313  -0.05060972   -0.2185977
0.02011991  -0.1115853   -0.1576221
-0.162807  -0.05060972   0.02530473
-0.04085577  0.1323171   -0.1576221
0.08109546  -0.05060972   -0.09664649
-0.04085577  0.1932927   -0.03567088
-0.04085577  0.1323171   -0.1576221
-0.1018313  -0.1725609   0.08628035
0.08109546  0.0713415   0.02530473
-0.04085577  0.0713415   0.08628035
-0.1018313  0.01036589   0.02530473
0.08109546  0.01036589   -0.03567088
-0.162807  -0.1725609   -0.09664649
-0.04085577  -0.05060972   -0.03567088
0.08109546  0.1323171   -0.09664649
-0.162807  -0.05060972   -0.03567088
0.08109546  -0.05060972   -0.09664649
-0.04085577  0.0713415   0.02530473
0.02011991  0.01036589   0.02530473
0.02011991  0.0713415   -0.09664649
0.02011991  -0.05060972   0.08628035
-0.162807  0.1932927   -0.03567088
-0.04085577  0.0713415   0.02530473
-0.162807  0.01036589   -0.03567088
-0.1018313  0.0713415   -0.03567088
-0.1018313  0.01036589   -0.2185977
-0.1018313  0.1323171   0.08628035
-0.1018313  -0.1115853   0.147256
-0.1018313  0.01036589   -0.09664649
-0.1018313  0.01036589   -0.1576221
0.02011991  0.0713415   0.08628035
0.08109546  -0.1115853   -0.03567088
0.02011991  0.1323171   -0.03567088
0.02011991  0.1323171   -0.09664649
-0.162807  0.01036589   -0.03567088
-0.1018313  0.0713415   0.02530473
-0.04085577  -0.05060972   -0.03567088
0.1420711  -0.05060972   0.02530473
-0.04085577  0.1932927   -0.03567088
-0.162807  0.0713415   -0.09664649
-0.1018313  -0.05060972   0.02530473
-0.1018313  0.1323171   0.08628035
0.02011991  0.0713415   0.08628035
-0.04085577  -0.1115853   0.08628035
0.08109546  -0.05060972   -0.03567088
0.02011991  0.1323171   0.08628035
0.02011991  -0.05060972   -0.03567088
-0.04085577  0.01036589   -0.1576221
-0.2237825  0.1323171   0.02530473
0.02011991  0.0713415   0.02530473
-0.04085577  -0.05060972   -0.09664649
-0.1018313  -0.05060972   -0.03567088
0.02011991  -0.05060972   0.08628035
-0.04085577  0.01036589   0.02530473
-0.04085577  0.1932927   -0.03567088
-0.1018313  -0.05060972   0.02530473
-0.162807  -0.1115853   -0.03567088
-0.2237825  -0.2945122   0.02530473
-0.04085577  0.01036589   0.02530473
-0.162807  -0.05060972   0.147256
0.02011991  0.0713415   0.02530473
-0.162807  0.01036589   0.02530473
0.02011991  -0.05060972   0.08628035
-0.162807  0.01036589   -0.09664649
0.02011991  0.0713415   -0.09664649
-0.2847582  -0.1115853   -0.03567088
-0.1018313  0.1932927   -0.2185977
-0.04085577  -0.05060972   -0.03567088
-0.04085577  -0.1725609   -0.03567088
-0.04085577  0.1323171   0.02530473
0.02011991  0.01036589   -0.03567088
-0.2237825  -0.1115853   -0.09664649
-0.1018313  0.01036589   0.08628035
-0.1018313  0.01036589   -0.09664649
-0.162807  -0.05060972   0.08628035
-0.3457338  0.0713415   0.02530473
-0.1018313  0.1323171   -0.03567088
-0.04085577  0.1323171   0.02530473
0.02011991  -0.05060972   0.02530473
0.02011991  0.01036589   0.02530473
-0.1018313  0.0713415   -0.03567088
-0.1018313  0.01036589   -0.09664649
-0.1018313  0.01036589   0.02530473
0.08109546  -0.1725609   0.147256
-0.04085577  0.1323171   0.147256
0.08109546  0.01036589   -0.2185977
-0.04085577  -0.05060972   0.08628035
0.1420711  -0.1725609   -0.09664649
-0.1018313  -0.05060972   0.08628035
-0.1018313  0.1323171   -0.09664649
-0.1018313  -0.05060972   0.02530473
0.02011991  -0.05060972   -0.1576221
-0.162807  -0.05060972   0.147256
-0.162807  0.1323171   -0.09664649
-0.04085577  0.01036589   0.2082316
0.08109546  0.1323171   -0.03567088
0.02011991  -0.1725609   0.02530473
-0.2237825  0.0713415   -0.09664649
-0.2237825  -0.1115853   0.147256
0.02011991  0.01036589   0.02530473
-0.1018313  -0.1115853   -0.03567088
-0.2237825  0.0713415   0.02530473
-0.1018313  -0.05060972   -0.1576221
-0.04085577  0.01036589   -0.03567088
0.02011991  -0.05060972   -0.09664649
-0.1018313  0.0713415   0.08628035
-0.04085577  0.0713415   -0.03567088
-0.162807  -0.3554878   0.08628035
-0.1018313  -0.05060972   -0.03567088
0.08109546  -0.05060972   0.02530473
0.02011991  0.0713415   -0.09664649
-0.1018313  -0.1115853   0.02530473
-0.162807  0.1323171   0.02530473
-0.162807  0.01036589   -0.1576221
-0.04085577  0.1323171   -0.09664649
0.02011991  0.0713415   0.02530473
-0.1018313  -0.1725609   0.08628035
-0.04085577  -0.05060972   -0.09664649
-0.1018313  -0.05060972   0.02530473
-0.04085577  -0.1115853   -0.03567088
0.02011991  0.01036589   -0.09664649
-0.1018313  -0.1115853   0.02530473
-0.1018313  0.01036589   0.147256
-0.04085577  -0.05060972   0.02530473
-0.04085577  0.0713415   -0.03567088
0.02011991  -0.1115853   -0.03567088
-0.04085577  0.01036589   -0.09664649
-0.1018313  0.01036589   -0.1576221
-0.162807  0.0713415   -0.09664649
-0.1018313  0.0713415   0.147256
-0.1018313  -0.05060972   -0.03567088
-0.1018313  0.0713415   -0.03567088
-0.1018313  0.01036589   -0.03567088
-0.1018313  0.01036589   0.02530473
-0.04085577  0.01036589   0.08628035
-0.162807  -0.05060972   -0.1576221
-0.1018313  0.1932927   0.02530473
0.02011991  0.01036589   -0.09664649
-0.04085577  0.01036589   0.08628035
0.2030467  -0.05060972   -0.03567088
-0.04085577  0.01036589   0.02530473
0.02011991  -0.05060972   -0.03567088
-0.04085577  0.0713415   0.02530473
0.08109546  0.01036589   -0.03567088
-0.1018313  -0.2335366   -0.1576221
-0.04085577  0.0713415   0.08628035
-0.04085577  -0.1115853   0.08628035
-0.04085577  -0.1115853   -0.03567088
-0.1018313  0.01036589   0.02530473
-0.1018313  -0.1725609   0.08628035
-0.162807  -0.1115853   0.02530473
-0.162807  0.1323171   -0.03567088
0.02011991  -0.1725609   -0.03567088
0.08109546  0.01036589   -0.03567088
-0.04085577  0.01036589   -0.09664649
-0.162807  0.01036589   -0.09664649
-0.04085577  0.01036589   -0.1576221
-0.1018313  -0.05060972   0.02530473
-0.2237825  0.0713415   -0.09664649
0.02011991  0.01036589   0.02530473
0.02011991  0.0713415   -0.1576221
-0.1018313  0.01036589   -0.09664649
-0.1018313  0.0713415   0.02530473
0.02011991  0.01036589   -0.03567088
-0.1018313  0.0713415   0.08628035
0.08109546  0.1323171   -0.03567088
-0.1018313  -0.05060972   -0.09664649
-0.1018313  -0.1725609   0.02530473
-0.1018313  0.1932927   0.02530473
0.02011991  -0.1115853   0.02530473
0.02011991  -0.05060972   0.08628035
-0.162807  0.01036589   0.08628035
-0.2237825  -0.1115853   -0.03567088
-0.1018313  0.1323171   -0.03567088
0.08109546  -0.05060972   0.147256
-0.162807  -0.1725609   0.02530473
-0.2237825  -0.1725609   -0.09664649
0.02011991  0.0713415   -0.1576221
0.02011991  -0.05060972   -0.09664649
-0.04085577  -0.1115853   0.2082316
0.08109546  -0.1115853   0.08628035
0.1420711  -0.05060972   0.08628035
-0.1018313  0.01036589   0.147256
-0.04085577  0.1932927   -0.09664649
0.02011991  0.01036589   0.08628035
-0.04085577  -0.05060972   -0.09664649
0.02011991  -0.05060972   -0.03567088
-0.1018313  -0.05060972   -0.03567088
-0.1018313  -0.05060972   -0.09664649
-0.1018313  -0.1115853   0.08628035
0.08109546  -0.1725609   0.02530473
0.08109546  0.1323171   -0.09664649
0.02011991  0.1323171   -0.1576221
0.1420711  0.0713415   0.2082316
0.02011991  0.01036589   0.02530473
0.02011991  -0.2335366   -0.09664649
-0.04085577  0.0713415   0.08628035
0.02011991  -0.1115853   -0.03567088
-0.2237825  0.1323171   0.02530473
-0.1018313  0.01036589   0.08628035
-0.04085577  -0.1115853   -0.09664649
0.1420711  0.01036589   -0.03567088
0.08109546  0.01036589   0.08628035
0.02011991  0.1323171   0.02530473
0.02011991  0.0713415   -0.09664649
-0.04085577  -0.1725609   0.08628035
-0.1018313  0.01036589   0.2082316
-0.04085577  0.1323171   -0.1576221
-0.1018313  0.1323171   0.02530473
-0.2237825  0.0713415   0.02530473
-0.04085577  0.1323171   -0.03567088
-0.2847582  -0.1115853   0.02530473
0.08109546  0.0713415   0.147256
0.02011991  0.01036589   0.08628035
0.08109546  -0.1725609   0.08628035
-0.2847582  -0.1115853   0.02530473
-0.1018313  0.315244   -0.03567088
0.1420711  0.0713415   -0.09664649
0.02011991  -0.1115853   -0.09664649
-0.1018313  0.01036589   0.147256
-0.162807  0.01036589   0.02530473
-0.04085577  0.0713415   -0.09664649
0.08109546  -0.05060972   0.3911584
-0.04085577  -0.05060972   0.02530473
-0.162807  -0.05060972   0.02530473
0.1420711  0.01036589   0.02530473
0.02011991  0.0713415   0.02530473
-0.1018313  0.0713415   -0.09664649
-0.1018313  0.01036589   -0.09664649
-0.162807  0.0713415   -0.1576221
-0.04085577  0.1323171   -0.03567088
-0.2237825  -0.1115853   0.147256
-0.1018313  0.0713415   -0.03567088
0.02011991  0.1323171   0.08628035
-0.1018313  0.0713415   -0.09664649
0.02011991  -0.05060972   0.02530473
-0.04085577  0.01036589   -0.03567088
0.02011991  -0.1115853   -0.1576221
-0.2237825  -0.05060972   -0.03567088
-0.04085577  0.01036589   -0.09664649
-0.162807  -0.05060972   0.08628035
0.2030467  -0.1115853   0.08628035
-0.1018313  -0.1115853   0.02530473
0.02011991  -0.05060972   -0.03567088
-0.162807  0.01036589   -0.09664649
-0.04085577  -0.05060972   0.02530473
-0.162807  -0.2335366   0.02530473
0.02011991  -0.05060972   -0.03567088
-0.04085577  -0.05060972   -0.1576221
-0.04085577  -0.2945122   -0.2185977
0.08109546  -0.1725609   -0.03567088
-0.1018313  -0.2335366   -0.03567088
-0.04085577  -0.1115853   -0.1576221
0.1420711  -0.05060972   0.02530473
-0.04085577  -0.05060972   0.08628035
0.02011991  -0.2335366   0.08628035
-0.2237825  -0.05060972   0.02530473
-0.04085577  -0.1725609   -0.09664649
-0.04085577  -0.2335366   -0.1576221
0.08109546  -0.2945122   -0.03567088
-0.162807  -0.2335366   -0.03567088
-0.04085577  0.0713415   -0.1576221
0.1420711  0.1323171   -0.09664649
-0.162807  0.1932927   -0.1576221
-0.2237825  0.1323171   -0.03567088
0.1420711  0.1932927   0.08628035
-0.162807  0.01036589   -0.03567088
-0.04085577  0.0713415   -0.09664649
-0.04085577  0.01036589   -0.03567088
-0.162807  0.1323171   -0.09664649
0.02011991  -0.05060972   0.08628035
0.2030467  -0.1115853   0.02530473
-0.1018313  0.01036589   0.02530473
0.08109546  -0.1725609   0.08628035
-0.1018313  0.01036589   -0.09664649
-0.162807  -0.1725609   0.147256
-0.162807  -0.1115853   -0.03567088
-0.04085577  -0.05060972   -0.03567088
0.02011991  0.0713415   -0.09664649
-0.1018313  0.0713415   0.08628035
-0.162807  0.4371952   0.08628035
-0.04085577  -0.05060972   -0.09664649
0.08109546  -0.1725609   0.08628035
-0.04085577  -0.2945122   -0.09664649
-0.04085577  -0.05060972   -0.03567088
-0.1018313  0.01036589   0.08628035
-0.162807  0.01036589   0.147256
-0.1018313  -0.1725609   -0.09664649
-0.04085577  0.1323171   0.147256
0.08109546  0.01036589   -0.09664649
-0.162807  -0.1725609   -0.1576221
-0.04085577  -0.1115853   0.08628035
-0.04085577  0.01036589   0.02530473
-0.162807  -0.1725609   -0.09664649
0.08109546  0.01036589   0.02530473
-0.04085577  0.01036589   0.02530473
-0.1018313  0.1323171   -0.03567088
-0.2847582  0.1323171   -0.09664649
-0.162807  -0.1725609   0.02530473
0.02011991  0.0713415   0.08628035
-0.1018313  -0.05060972   0.02530473
0.1420711  -0.05060972   0.08628035
-0.2237825  -0.1725609   -0.09664649
-0.162807  0.01036589   0.08628035
-0.162807  0.2542683   -0.03567088
-0.162807  0.0713415   -0.09664649
0.08109546  -0.1115853   -0.09664649
-0.162807  0.1323171   0.08628035
-0.04085577  -0.05060972   0.02530473
0.02011991  -0.05060972   -0.2795733
0.08109546  0.01036589   -0.03567088
-0.1018313  0.1323171   -0.09664649
-0.2237825  0.0713415   0.08628035
-0.04085577  0.0713415   -0.09664649
-0.04085577  0.01036589   -0.1576221
-0.04085577  -0.1725609   0.02530473
0.02011991  -0.05060972   0.02530473
0.02011991  -0.05060972   0.02530473
-0.162807  -0.1115853   -0.09664649
-0.1018313  -0.1725609   0.08628035
-0.04085577  -0.1725609   -0.03567088
0.02011991  -0.1115853   -0.03567088
0.08109546  -0.05060972   -0.03567088
-0.1018313  -0.05060972   -0.09664649
-0.1018313  0.01036589   0.08628035
-0.2237825  -0.05060972   0.08628035
-0.1018313  0.01036589   0.08628035
0.02011991  0.1323171   -0.09664649
-0.1018313  0.1323171   0.08628035
-0.1018313  -0.1115853   -0.03567088
-0.162807  0.01036589   -0.09664649
-0.1018313  0.2542683   0.02530473
0.02011991  -0.05060972   0.08628035
-0.04085577  0.01036589   -0.03567088
0.08109546  0.1323171   -0.03567088
0.08109546  -0.1725609   0.02530473
-0.04085577  0.01036589   -0.09664649
-0.2237825  -0.2335366   -0.03567088
-0.162807  0.01036589   -0.09664649
-0.04085577  -0.1115853   0.2692072
-0.04085577  -0.1115853   -0.03567088
0.02011991  0.0713415   -0.03567088
0.02011991  -0.1115853   -0.1576221
-0.1018313  0.01036589   0.02530473
0.02011991  -0.1115853   0.2082316
-0.04085577  0.1323171   -0.03567088
0.02011991  -0.2335366   0.2082316
-0.1018313  -0.1725609   -0.03567088
-0.2847582  -0.1725609   -0.09664649
-0.1018313  0.01036589   0.147256
0.02011991  -0.1115853   0.08628035
0.08109546  0.01036589   0.147256
0.08109546  0.0713415   -0.09664649
-0.1018313  -0.05060972   0.147256
-0.1018313  -0.05060972   0.147256
-0.162807  0.0713415   -0.1576221
-0.1018313  -0.05060972   0.08628035
-0.04085577  0.01036589   0.02530473
-0.04085577  -0.1725609   0.08628035
-0.162807  -0.05060972   -0.03567088
-0.04085577  -0.05060972   0.147256
-0.1018313  0.0713415   -0.03567088
-0.04085577  -0.05060972   0.08628035
-0.04085577  -0.05060972   0.02530473
0.02011991  -0.1115853   0.147256
0.08109546  0.1323171   0.02530473
-0.2237825  0.1932927   0.08628035
-0.04085577  0.01036589   -0.1576221
-0.04085577  -0.2335366   -0.03567088
0.02011991  -0.05060972   -0.03567088
-0.1018313  0.01036589   -0.09664649
-0.162807  -0.1115853   -0.2185977
-0.2237825  0.01036589   -0.03567088
-0.1018313  0.2542683   -0.1576221
-0.04085577  0.01036589   -0.03567088
-0.162807  -0.05060972   -0.03567088
-0.1018313  -0.05060972   -0.09664649
-0.162807  -0.05060972   -0.09664649
-0.04085577  -0.1725609   -0.09664649
-0.1018313  0.01036589   0.08628035
-0.1018313  0.01036589   0.08628035
-0.162807  0.01036589   -0.03567088
-0.04085577  -0.1115853   -0.03567088
0.02011991  0.1323171   -0.03567088
-0.2237825  0.0713415   0.147256
0.02011991  -0.05060972   0.02530473
0.08109546  -0.2335366   0.147256
-0.1018313  0.01036589   -0.09664649
-0.04085577  0.1323171   0.08628035
-0.04085577  -0.05060972   -0.03567088
-0.162807  0.0713415   0.2082316
0.08109546  -0.05060972   0.02530473
0.02011991  -0.1115853   0.147256
0.02011991  0.0713415   0.02530473
-0.1018313  -0.1115853   -0.09664649
-0.1018313  -0.05060972   -0.03567088
-0.04085577  -0.05060972   -0.03567088
0.02011991  -0.05060972   -0.03567088
0.1420711  0.1323171   -0.09664649
0.02011991  -0.05060972   -0.03567088
-0.162807  0.0713415   0.02530473
-0.162807  -0.05060972   0.02530473
0.02011991  0.0713415   -0.09664649
-0.1018313  -0.05060972   -0.03567088
-0.1018313  -0.05060972   -0.03567088
0.08109546  0.0713415   -0.1576221
-0.162807  0.0713415   0.08628035
0.02011991  0.01036589   -0.09664649
0.02011991  0.1932927   0.08628035
0.02011991  0.01036589   -0.03567088
-0.04085577  -0.1115853   -0.03567088
-0.04085577  -0.1725609   0.02530473
0.02011991  -0.05060972   0.08628035
-0.04085577  -0.05060972   0.08628035
0.02011991  0.1323171   0.02530473
-0.1018313  0.0713415   -0.03567088
0.02011991  -0.2335366   -0.03567088
-0.162807  -0.1115853   -0.03567088
