0  0   0 0
0  0   0 0
0  0   0 0
0  0   0 0
0  0   0 0
0  0   0 0
0  0   0 0
0  0   0 0
0  0   0 0
0  0   0 0
0  0   0 0
0  0   0 0
0  0   0 0
0  0   0 0
0  0   0 0
0  0   0 0
0  0   0 0
0  0   0 0
0  0   0 0
0  0   0 0
0  0   0 0
0  0   0 0
0  0   0 0
0  0   0 0
0  0   0 0
0  0   0 0
0  0   0 0
0  0   0 0
0  0   0 0
0  0   0 0
0  0   0 0
0  0   0 0
0  0   0 0
0  0   0 0
0  0   0 0
0  0   0 0
0  0   0 0
0  0   0 0
0  0   0 0
0  0   0 0
0  0   0 0
0  0   0 0
0  0   0 0
0  0   0 0
0  0   0 0
0  0   0 0
0  0   0 0
0  0   0 0
0  0   0 0
0  0   0 0
0  0   0 0
0  0   0 0
0  0   0 0
0  0   0 0
0  0   0 0
0  0   0 0
0  0   0 0
0  0   0 0
0  0   0 0
0  0   0 0
0  0   0 0
0  0   0 0
0  0   0 0
0  0   0 0
0  0   0 0
0  0   0 0
0  0   0 0
0  0   0 0
0  0   0 0
0  0   0 0
0  0   0 0
0  0   0 0
0  0   0 0
0  0   0 0
0  0   0 0
0  0   0 0
0  0   0 0
0  0   0 0
0  0   0 0
0  0   0 0
0  0   0 0
0  0   0 0
0  0   0 0
0  0   0 0
0  0   0 0
0  0   0 0
0  0   0 0
0  0   0 0
0  0   0 0
0  0   0 0
0  0   0 0
0  0   0 0
0  0   0 0
0  0   0 0
0  0   0 0
0  0   0 0
0  0   0 0
0  0   0 0
0  0   0 0
0  0   0 0
0  0   0 0
0  0   0 0
0  0   0 0
0  0   0 0
0  0   0 0
0  0   0 0
0  0   0 0
0  0   0 0
0  0   0 0
0  0   0 0
0  0   0 0
0  0   0 0
0  0   0 0
0  0   0 0
0  0   0 0
0  0   0 0
0  0   0 0
0  0   0 0
0  0   0 0
0  0   0 0
0  0   0 0
0  0   0 0
0  0   0 0
0  0   0 0
0  0   0 0
0  0   0 0
0  0   0 0
0  0   0 0
0  0   0 0
0  0   0 0
0  0   0 0
0  0   0 0
0  0   0 0
0  0   0 0
0  0   0 0
0  0   0 0
0  0   0 0
0  0   0 0
0  0   0 0
0  0   0 0
0  0   0 0
0  0   0 0
0  0   0 0
0  0   0 0
0  0   0 0
0  0   0 0
0  0   0 0
0  0   0 0
0  0   0 0
0  0   0 0
0  0   0 0
0  0   0 0
0  0   0 0
0  0   0 0
0  0   0 0
0  0   0 0
0  0   0 0
0  0   0 0
0  0   0 0
0  0   0 0
0  0   0 0
0  0   0 0
0  0   0 0
0  0   0 0
0  0   0 0
0  0   0 0
0  0   0 0
0  0   0 0
0  0   0 0
0  0   0 0
0  0   0 0
0  0   0 0
0  0   0 0
0  0   0 0
0  0   0 0
0  0   0 0
0  0   0 0
0  0   0 0
0  0   0 0
0  0   0 0
0  0   0 0
0  0   0 0
0  0   0 0
0  0   0 0
0  0   0 0
0  0   0 0
0  0   0 0
0  0   0 0
0  0   0 0
0  0   0 0
0  0   0 0
0  0   0 0
0  0   0 0
0  0   0 0
0  0   0 0
0  0   0 0
0  0   0 0
0  0   0 0
0  0   0 0
0  0   0 0
0  0   0 0
0.7063859  0.7072464   -0.01603501 -0.01620416
0.7051904  0.7073663   -0.03175294 -0.03208346
0.7038714  0.7069607   -0.0470474 -0.04750001
0.7022869  0.7062247   -0.06191746 -0.06248301
0.7005  0.7051451   -0.07637987 -0.07703498
0.6984385  0.7038427   -0.09042151 -0.09116516
0.6961457  0.702341   -0.1039703 -0.1048168
0.6936947  0.7006379   -0.1169955 -0.117916
0.6911227  0.6986945   -0.1296443 -0.1306357
0.6884038  0.6966547   -0.1417208 -0.1427779
0.6856202  0.6944762   -0.1532756 -0.1543774
0.6826309  0.6922786   -0.1644264 -0.1656124
0.6796644  0.6899196   -0.175118 -0.1763493
0.6766187  0.6875296   -0.1853457 -0.1866418
0.6735289  0.6851372   -0.195077 -0.196441
0.6705584  0.682641   -0.2043129 -0.2056869
0.6674806  0.680164   -0.2132274 -0.2146592
0.6645916  0.6775484   -0.2217329 -0.2231113
0.6615913  0.6751012   -0.2297543 -0.2311849
0.6585276  0.6727332   -0.2374294 -0.2389489
0.655673  0.6702688   -0.2447301 -0.2462475
0.6527244  0.6679942   -0.2516133 -0.2532261
0.6499016  0.6656429   -0.2582508 -0.2599079
0.6470918  0.6634219   -0.2644975 -0.266238
0.6443759  0.6613378   -0.2702822 -0.2721353
0.6417475  0.6591907   -0.2759312 -0.2778266
0.6392792  0.6570239   -0.2813115 -0.2832022
0.6369308  0.6549494   -0.2863492 -0.288206
0.6345522  0.6529574   -0.2911755 -0.2930954
0.6322256  0.6510811   -0.2957219 -0.2977091
0.6301522  0.6490704   -0.3001366 -0.3020464
0.6280201  0.6472716   -0.3042499 -0.3062032
0.625948  0.6454989   -0.3082191 -0.3101925
0.6239601  0.6438177   -0.3119432 -0.3139459
0.6221032  0.6421171   -0.3155509 -0.3174881
0.620343  0.6405338   -0.3188798 -0.3207878
0.6185662  0.6390525   -0.3220415 -0.3239984
0.616998  0.6375166   -0.3250901 -0.3269565
0.61532  0.6361492   -0.3279692 -0.3298936
0.6138911  0.6347623   -0.3306703 -0.3325201
0.6124072  0.6334822   -0.3332491 -0.3351133
0.6110278  0.6322499   -0.3356588 -0.3375447
0.6096772  0.6310745   -0.3379701 -0.3398719
0.6083519  0.629925   -0.3402086 -0.3421383
0.6071226  0.628842   -0.3422956 -0.3442263
0.6060101  0.6277977   -0.3442524 -0.346136
0.6048769  0.6267618   -0.346185 -0.3480628
0.6038947  0.6257128   -0.3480409 -0.3498004
0.6029109  0.6247203   -0.3498053 -0.3515073
0.6019706  0.6238714   -0.3513701 -0.3530619
0.6010766  0.6230631   -0.3528467 -0.354537
0.6003129  0.6222538   -0.3542284 -0.3558719
0.5994595  0.6214877   -0.3556298 -0.3572492
0.5986362  0.6207388   -0.3569685 -0.3585938
0.5979697  0.6200052   -0.358196 -0.359749
0.5971881  0.6194122   -0.3593256 -0.3609406
0.5965844  0.6187643   -0.3604083 -0.3619692
0.5958552  0.6181719   -0.3614846 -0.3631072
0.5952782  0.6175808   -0.362483 -0.3640632
0.5947328  0.6170155   -0.3634307 -0.3649671
0.5940968  0.6164561   -0.3644337 -0.365947
0.5935834  0.6160136   -0.3652197 -0.3667403
0.5930797  0.6155175   -0.3660652 -0.3675445
0.5925806  0.6151266   -0.3667751 -0.3682958
0.592159  0.6146526   -0.3675434 -0.3689985
0.5917413  0.6143306   -0.3681367 -0.3696127
0.5912611  0.6139898   -0.3687779 -0.3703077
0.5907787  0.613599   -0.3694847 -0.37102
0.5903773  0.6132872   -0.3700579 -0.3716027
0.5900777  0.6129169   -0.3706285 -0.3721206
0.5897356  0.6126043   -0.3711618 -0.3726459
0.5893872  0.6123292   -0.3716403 -0.3731717
0.5890781  0.6120296   -0.3721401 -0.3736529
0.5887235  0.6117303   -0.372648 -0.3741955
0.5884828  0.6114167   -0.3731152 -0.3746207
0.5882478  0.6111788   -0.3735011 -0.374993
0.58794  0.6109911   -0.3738558 -0.3754283
0.587685  0.6107333   -0.3742644 -0.3758396
0.5875517  0.6105121   -0.3745847 -0.3760881
0.5873967  0.6103138   -0.3748935 -0.3763446
0.5872444  0.6100983   -0.3752199 -0.376606
0.5870345  0.6099234   -0.3755237 -0.3769141
0.5869294  0.6097589   -0.3757597 -0.3771084
0.586844  0.6095738   -0.3760139 -0.3772869
0.5866209  0.6094578   -0.3762555 -0.3775805
0.5864326  0.6094196   -0.3763825 -0.3778081
0.586221  0.609283   -0.3766413 -0.3780986
0.5860901  0.6091163   -0.3768961 -0.378316
0.5859507  0.6089771   -0.3771191 -0.3785339
0.585838  0.6088549   -0.3773137 -0.3787109
0.5855996  0.6088519   -0.3774412 -0.3789575
0.5854217  0.6087761   -0.3776141 -0.3791816
0.5852928  0.6085989   -0.3778834 -0.3793969
0.5851605  0.6085367   -0.37801 -0.3795745
0.5850914  0.6084157   -0.3781786 -0.3797071
0.5849529  0.6084012   -0.3782578 -0.3798647
0.5848952  0.6081852   -0.3785333 -0.3800251
0.5847903  0.6080573   -0.3787257 -0.3801994
0.5847059  0.6079823   -0.3788574 -0.3803177
0.5845665  0.6079749   -0.3789291 -0.3804725
0.584451  0.6079375   -0.3790198 -0.3806194
0.5843949  0.6078435   -0.3791558 -0.3807201
0.5843834  0.6077186   -0.3793057 -0.3807879
0.5843609  0.607742   -0.3792879 -0.3808028
0.5843116  0.607694   -0.3793592 -0.3808839
0.5842307  0.6076747   -0.3794215 -0.3809769
0.5841411  0.6075756   -0.3795828 -0.3811117
0.5841078  0.6075299   -0.379657 -0.3811617
0.5842013  0.6074206   -0.3797401 -0.3811096
0.5840942  0.6074084   -0.3798105 -0.3812232
0.5840316  0.6073638   -0.3799015 -0.3812993
0.5839781  0.6073167   -0.3799864 -0.3813717
0.5839473  0.6072906   -0.3800413 -0.3814057
0.583834  0.6071915   -0.3802041 -0.3815748
0.583746  0.6072534   -0.3801636 -0.3816515
0.5837409  0.6072607   -0.3801513 -0.3816597
0.5835904  0.6072369   -0.3802368 -0.3818425
0.5836211  0.6071334   -0.380347 -0.3818504
0.5835201  0.6070551   -0.3804802 -0.3819965
0.5834553  0.6071349   -0.3804132 -0.3820353
0.5834575  0.607132   -0.3804139 -0.382036
0.5834726  0.6070513   -0.3804964 -0.3820589
0.5834964  0.6069678   -0.3805869 -0.3820651
0.5834045  0.6070029   -0.3805919 -0.3821447
0.5833505  0.6070209   -0.3805896 -0.3822007
0.5832947  0.6070012   -0.3806493 -0.3822579
0.5832986  0.6069525   -0.3807049 -0.3822739
0.5831541  0.6070644   -0.3806469 -0.3823742
0.5831272  0.6070247   -0.3807024 -0.3824231
0.5831764  0.6069164   -0.3808008 -0.382422
0.5831634  0.6068668   -0.3808653 -0.3824562
0.5831194  0.6068935   -0.3808531 -0.3824933
0.5830743  0.6069032   -0.3808611 -0.3825386
0.5830196  0.6068505   -0.3809439 -0.382623
0.5829639  0.6067895   -0.3810411 -0.3827078
0.5830143  0.60673   -0.3810881 -0.3826785
0.5829853  0.6067772   -0.3810412 -0.3826946
0.5830501  0.6067305   -0.3810582 -0.382653
0.5830866  0.6066737   -0.381104 -0.3826419
0.5831705  0.606604   -0.3811433 -0.3825855
0.583182  0.6066418   -0.3810976 -0.3825535
0.5831642  0.6066431   -0.3811107 -0.3825654
0.583159  0.6066712   -0.3810838 -0.3825556
0.5831335  0.6066728   -0.3810921 -0.3825839
0.5832431  0.6066881   -0.381032 -0.3824522
0.5832641  0.6066438   -0.3810745 -0.3824481
0.5833357  0.6065795   -0.3811122 -0.3824032
0.5832921  0.6065547   -0.3811628 -0.3824586
0.5832713  0.6065633   -0.3811697 -0.38247
0.5834119  0.6065225   -0.3811537 -0.3823361
0.5833621  0.6065903   -0.3810889 -0.3823691
0.5834095  0.6065954   -0.3810599 -0.3823177
0.5834701  0.6065421   -0.3810994 -0.3822702
0.583442  0.606562   -0.381097 -0.3822841
0.5833745  0.6066028   -0.3810796 -0.3823395
0.5833448  0.6065891   -0.38112 -0.3823665
0.5832955  0.6065794   -0.381165 -0.3824121
0.5832868  0.6065459   -0.3812002 -0.3824433
0.5832981  0.6065595   -0.3811776 -0.3824274
0.5832573  0.6066401   -0.3810988 -0.3824403
0.5831255  0.6066394   -0.381162 -0.3825792
0.5829723  0.6067072   -0.3811489 -0.3827182
0.5829488  0.6066221   -0.3812407 -0.3827975
0.5828954  0.6066195   -0.3812749 -0.3828489
0.5829477  0.6066116   -0.3812669 -0.3827895
0.5827867  0.6067232   -0.3812165 -0.3829082
0.5828716  0.6066153   -0.3812931 -0.3828736
0.5828668  0.6066635   -0.3812437 -0.3828536
0.582828  0.6066316   -0.3812958 -0.3829113
0.5829268  0.6066275   -0.3812533 -0.38281
0.5829644  0.6066577   -0.3812134 -0.3827444
0.5831013  0.6066304   -0.38118 -0.3826124
0.583182  0.6066576   -0.3811107 -0.3825154
0.5831382  0.606676   -0.3811167 -0.382547
0.5831978  0.6066248   -0.3811454 -0.3825086
0.5831896  0.6066487   -0.3811157 -0.3825128
0.583136  0.6066591   -0.3811314 -0.3825627
0.5831884  0.6066437   -0.3811227 -0.3825158
0.5831359  0.6065336   -0.3812606 -0.3826329
0.583094  0.6065778   -0.3812334 -0.382654
0.5829093  0.6066199   -0.3812814 -0.3828206
0.5828691  0.6066759   -0.3812347 -0.3828398
0.582872  0.6067042   -0.3811907 -0.3828343
0.5829124  0.6066854   -0.3811869 -0.3828061
0.5829325  0.6066836   -0.3811727 -0.3827927
0.5828609  0.6067344   -0.3811505 -0.3828431
0.5827953  0.6066616   -0.3812521 -0.3829572
0.5827729  0.6066484   -0.3812887 -0.3829758
0.5827973  0.6065784   -0.3813506 -0.3829878
0.5828924  0.6065249   -0.3813656 -0.3829131
0.5828344  0.606616   -0.3812872 -0.3829351
0.5828705  0.6066042   -0.3812825 -0.3829034
0.5828742  0.6066354   -0.3812391 -0.3828916
0.5829073  0.6066715   -0.3811854 -0.3828374
0.5827897  0.6067168   -0.3811859 -0.3829443
0.5828072  0.6068035   -0.3810686 -0.3828968
0.5828049  0.6067371   -0.3811525 -0.3829224
0.5827408  0.6067221   -0.3812056 -0.3829907
0.582765  0.6067072   -0.3812045 -0.3829786
0.5827456  0.6066476   -0.3812791 -0.3830283
0.5827737  0.6066391   -0.3812787 -0.3829993
0.5828252  0.6066275   -0.3812613 -0.3829566
0.5828604  0.606542   -0.3813444 -0.3829557
0.5828716  0.6065675   -0.381304 -0.3829386
0.5828426  0.6065322   -0.3813552 -0.3829878
0.5829308  0.6065341   -0.3813054 -0.3828998
0.5829276  0.6065796   -0.3812586 -0.3828792
0.5829158  0.6065792   -0.3812719 -0.3828846
0.5829455  0.6065874   -0.3812518 -0.3828463
0.5829503  0.6066526   -0.3811781 -0.3828093
0.5829437  0.6066726   -0.3811519 -0.3828136
0.5830166  0.6066827   -0.3811046 -0.3827339
0.5831209  0.6066874   -0.3810582 -0.3826136
0.5831723  0.6066588   -0.3810606 -0.3825783
0.5832195  0.6065753   -0.3811319 -0.3825677
0.583156  0.6065771   -0.3811661 -0.3826275
0.5830166  0.6065614   -0.3812414 -0.3827896
0.5830935  0.6065186   -0.3812475 -0.3827343
0.5830932  0.6064385   -0.3813451 -0.3827646
0.5830518  0.6064929   -0.3813048 -0.3827817
0.5830525  0.606454   -0.3813461 -0.382801
0.5829577  0.6064214   -0.381442 -0.3829015
0.5829403  0.6063822   -0.3815057 -0.3829264
0.5829962  0.6063114   -0.3815579 -0.3829015
0.5829945  0.6063046   -0.3815779 -0.382895
0.5830525  0.6063171   -0.3815447 -0.38282
0.5830879  0.6063226   -0.381525 -0.382777
0.583013  0.6064296   -0.3814496 -0.3827966
0.5830256  0.6064931   -0.3813653 -0.382761
0.5829322  0.6065587   -0.381332 -0.3828322
0.582935  0.6065404   -0.3813451 -0.3828439
0.5830326  0.60658   -0.3812536 -0.3827238
0.5829216  0.6066574   -0.3812195 -0.3828041
0.582875  0.606683   -0.3812183 -0.3828358
0.5828868  0.6066827   -0.3812157 -0.3828208
0.5828974  0.6066976   -0.3812014 -0.3827953
0.5828067  0.6068147   -0.3811123 -0.3828364
0.5828207  0.606865   -0.3810562 -0.3827913
0.5827951  0.6068006   -0.381139 -0.3828499
0.5827588  0.6068054   -0.3811482 -0.3828882
0.5826449  0.6068141   -0.3811977 -0.3829986
0.582628  0.6067849   -0.3812322 -0.3830363
0.5827096  0.6068057   -0.3811736 -0.3829375
0.5827076  0.6068041   -0.3811744 -0.3829422
0.5827921  0.606831   -0.3811074 -0.3828377
0.5826301  0.6069177   -0.3810857 -0.3829686
0.5826383  0.6068567   -0.3811667 -0.382972
0.5827366  0.6067796   -0.3812026 -0.3829088
0.5827687  0.6067302   -0.3812327 -0.3829083
0.5827578  0.6067305   -0.3812441 -0.382913
0.5826736  0.6067175   -0.3813085 -0.3829976
0.5826164  0.6066853   -0.3813648 -0.3830795
0.582597  0.6068124   -0.3812326 -0.3830394
0.5826146  0.6068197   -0.3812191 -0.3830146
0.5825272  0.6068172   -0.3812691 -0.3831017
0.582466  0.6068019   -0.3813164 -0.3831718
0.5824041  0.6068539   -0.3812836 -0.3832162
0.5823765  0.6068568   -0.3812954 -0.383242
0.5823151  0.6067774   -0.3814119 -0.3833449
0.5823126  0.6066816   -0.3815242 -0.3833885
0.5823632  0.6066134   -0.3815851 -0.3833591
0.5823177  0.6066319   -0.3815826 -0.3834014
0.5823734  0.6066138   -0.3815711 -0.3833568
0.5823979  0.6066369   -0.3815276 -0.3833264
0.5824642  0.6066179   -0.3815123 -0.3832709
0.5823885  0.606659   -0.3815032 -0.38333
0.5823588  0.6067257   -0.381435 -0.3833375
0.5823702  0.6068032   -0.3813446 -0.3832873
0.582437  0.6068469   -0.3812762 -0.3831848
0.5825222  0.6067793   -0.3813113 -0.3831272
0.5825862  0.6067411   -0.3813236 -0.383078
0.5825623  0.6067533   -0.3813277 -0.3830912
0.582542  0.6068268   -0.3812559 -0.3830771
0.5825825  0.6067355   -0.3813345 -0.3830817
0.5827004  0.6066511   -0.3813744 -0.3829965
0.5827396  0.6065498   -0.3814739 -0.3829983
0.5827096  0.6066424   -0.3813805 -0.3829903
0.5826753  0.6066395   -0.3814014 -0.3830261
0.5827818  0.60654   -0.3814626 -0.3829607
0.5827555  0.6065466   -0.3814652 -0.3829877
0.5828043  0.6064582   -0.3815315 -0.3829872
0.5827762  0.60649   -0.3815066 -0.3830044
0.5827477  0.6065118   -0.3814928 -0.3830274
0.5827413  0.6064587   -0.3815493 -0.3830647
0.5827116  0.6065423   -0.3814748 -0.3830517
0.5826327  0.6066773   -0.3813653 -0.3830672
0.5827485  0.6066827   -0.3813079 -0.3829395
0.5827625  0.6066341   -0.3813723 -0.3829308
0.5828536  0.6065738   -0.3814015 -0.3828587
0.5828799  0.6066394   -0.3813176 -0.3827984
0.5829668  0.6065885   -0.3813336 -0.3827307
0.5829643  0.6065491   -0.3813821 -0.3827488
0.5829182  0.6065773   -0.3813775 -0.3827788
0.5829531  0.6065986   -0.3813308 -0.3827384
0.5829839  0.606652   -0.3812631 -0.3826744
0.5828522  0.6067303   -0.3812277 -0.382786
0.5827636  0.6068244   -0.3811587 -0.3828404
0.5827923  0.60677   -0.3812096 -0.3828322
0.5826948  0.6067729   -0.3812491 -0.382937
0.5826031  0.6067933   -0.381266 -0.3830272
0.5826615  0.6067283   -0.3813112 -0.3829964
0.5826536  0.6067221   -0.3813242 -0.3830053
0.5825999  0.6067184   -0.3813598 -0.3830576
0.5827106  0.6066248   -0.3814129 -0.3829842
0.58271  0.606697   -0.3813208 -0.3829627
0.582671  0.6067721   -0.3812427 -0.3829807
0.5825655  0.6068001   -0.3812754 -0.3830642
0.5826676  0.6067731   -0.3812529 -0.3829742
0.5827089  0.6067422   -0.3812763 -0.3829367
0.5827318  0.6067052   -0.3813011 -0.3829358
0.582712  0.6066685   -0.3813586 -0.3829669
0.5827233  0.6066558   -0.3813656 -0.3829629
0.582768  0.6066577   -0.3813546 -0.3829028
0.5827861  0.6067108   -0.3812749 -0.3828706
0.5827204  0.6066968   -0.3813274 -0.3829404
0.5826566  0.6066778   -0.3813627 -0.3830325
0.5827004  0.6066858   -0.3813366 -0.3829791
0.5825704  0.6066784   -0.3814024 -0.3831232
0.5825833  0.6066555   -0.3814289 -0.3831134
0.5826427  0.6067176   -0.3813199 -0.3830333
0.5826356  0.6067891   -0.3812404 -0.38301
0.582653  0.6067227   -0.3813098 -0.3830196
0.5826319  0.6066281   -0.381424 -0.3830878
0.5826434  0.6066642   -0.3813891 -0.3830478
0.582691  0.6065935   -0.3814498 -0.3830267
0.5826913  0.6066736   -0.3813663 -0.3829829
0.5826584  0.6066824   -0.3813647 -0.3830206
0.5826313  0.6066541   -0.3814116 -0.3830598
0.5825544  0.6066157   -0.3814831 -0.3831665
0.5825645  0.6065867   -0.3815135 -0.3831666
0.5826514  0.6065518   -0.3815118 -0.3830915
0.5826529  0.606593   -0.3814717 -0.383064
0.5826897  0.6065613   -0.3814885 -0.3830414
0.5827141  0.6065803   -0.3814535 -0.3830089
0.582744  0.6065925   -0.3814372 -0.3829604
0.582777  0.6066164   -0.3814021 -0.3829072
0.5827587  0.6066492   -0.3813716 -0.3829135
0.5828206  0.6066815   -0.3812999 -0.3828394
0.5827779  0.6066052   -0.3814128 -0.382913
0.5828248  0.6065596   -0.3814408 -0.3828861
0.5828074  0.6065789   -0.3814293 -0.3828934
0.5828848  0.6065589   -0.3814238 -0.3828127
0.5829223  0.6065561   -0.3814076 -0.3827764
0.5829626  0.6064963   -0.3814456 -0.3827716
0.5829849  0.6064616   -0.3814726 -0.3827656
0.5830024  0.6065266   -0.3813938 -0.3827147
0.5829975  0.6064801   -0.3814512 -0.3827387
0.583054  0.6065028   -0.3814066 -0.382661
0.5830502  0.6064851   -0.3814397 -0.3826619
0.5830933  0.6064574   -0.381458 -0.3826219
0.5831105  0.6064585   -0.3814377 -0.382614
0.5830891  0.6064307   -0.3814813 -0.3826474
0.5830234  0.6064767   -0.3814616 -0.3826941
0.5830463  0.6064448   -0.3814896 -0.382682
0.5829312  0.6065636   -0.3814056 -0.3827529
0.5829785  0.6065723   -0.3813677 -0.3827048
0.5829974  0.6066168   -0.3813195 -0.3826532
0.5829099  0.6066659   -0.381302 -0.3827262
0.5829687  0.6066127   -0.3813425 -0.3826807
0.5829987  0.6065395   -0.3814052 -0.3826885
0.5829962  0.6065525   -0.3813948 -0.382682
0.5829613  0.6066604   -0.3812867 -0.3826719
0.5828593  0.6067378   -0.3812483 -0.3827429
0.5828192  0.6067139   -0.3812919 -0.3827986
0.5828866  0.6066672   -0.3813168 -0.382745
0.5828421  0.6066631   -0.3813528 -0.3827834
0.5828886  0.6066206   -0.3813733 -0.3827596
0.582894  0.6065591   -0.3814338 -0.3827884
0.5827911  0.6066568   -0.3813725 -0.3828511
0.5827874  0.6067041   -0.3813185 -0.3828357
0.5827253  0.606759   -0.3812779 -0.3828837
0.5825905  0.6067241   -0.3813766 -0.383046
0.582531  0.6067594   -0.3813659 -0.383091
0.5824208  0.6068867   -0.3812743 -0.3831479
0.582397  0.6069221   -0.3812481 -0.3831544
0.5825622  0.6067584   -0.3813652 -0.3830459
0.5825896  0.6067934   -0.3813196 -0.3829942
0.5825561  0.6068726   -0.3812567 -0.3829823
0.5825631  0.606867   -0.3812577 -0.3829797
0.5824949  0.6069253   -0.3812291 -0.3830194
0.5824324  0.6069731   -0.3812017 -0.3830659
0.5824713  0.6069979   -0.3811674 -0.3830014
0.5825384  0.6069525   -0.3811951 -0.3829439
0.5826405  0.6069616   -0.381136 -0.382833
0.5826589  0.6068583   -0.3812473 -0.3828578
0.5826375  0.606845   -0.3812655 -0.3828932
0.5826355  0.6068475   -0.3812666 -0.3828913
0.5826505  0.6068197   -0.381298 -0.3828813
0.5826819  0.6067734   -0.3813338 -0.3828712
0.582696  0.6067837   -0.3813137 -0.3828536
0.5827313  0.6067021   -0.3813882 -0.3828551
0.5827309  0.6066906   -0.3813949 -0.3828669
0.5828003  0.6065867   -0.3814741 -0.3828471
0.5828546  0.6065304   -0.3815148 -0.3828131
0.5828866  0.6064722   -0.3815685 -0.3828031
0.582867  0.6064734   -0.3815655 -0.3828341
0.5829643  0.6064531   -0.3815415 -0.3827419
0.5828666  0.6065665   -0.3814639 -0.3827882
0.5827907  0.6066227   -0.3814467 -0.3828319
0.5827857  0.6066508   -0.3814244 -0.3828174
0.5827075  0.6066514   -0.3814438 -0.382916
0.5827261  0.6067297   -0.3813405 -0.3828666
0.5827681  0.6067681   -0.3812718 -0.3828101
0.5828485  0.6067275   -0.38127 -0.382754
0.5828558  0.6067123   -0.381291 -0.382746
0.5828467  0.6066953   -0.3813082 -0.3827698
0.5828132  0.6066874   -0.3813393 -0.3828022
0.5828256  0.6065431   -0.3814997 -0.3828523
0.5828472  0.6064742   -0.3815701 -0.3828584
0.5828942  0.6063883   -0.3816525 -0.3828406
0.582934  0.60638   -0.381637 -0.3828087
0.5828912  0.6063762   -0.3816591 -0.3828579
0.5829277  0.60635   -0.3816796 -0.3828234
0.5829584  0.6062821   -0.381754 -0.3828098
0.5830514  0.6062666   -0.3817145 -0.3827323
0.5830887  0.6063102   -0.3816464 -0.3826744
0.5830604  0.6062332   -0.3817533 -0.3827328
0.5830661  0.6062402   -0.3817365 -0.3827299
0.583079  0.6063375   -0.3816231 -0.3826692
0.5830578  0.6063864   -0.3815749 -0.3826719
0.5830569  0.6063027   -0.3816634 -0.3827177
0.5829608  0.6064324   -0.3815673 -0.3827543
0.5828926  0.6065262   -0.3814954 -0.3827812
0.5829177  0.6065145   -0.3814912 -0.3827659
0.5828527  0.6065425   -0.3814874 -0.382824
0.5828025  0.6066456   -0.3814008 -0.3828233
0.5826517  0.6067827   -0.3813079 -0.3829283
0.5826824  0.6067426   -0.3813237 -0.3829294
0.5826853  0.6067758   -0.3812964 -0.3828997
0.5827743  0.6067058   -0.3813329 -0.3828387
0.5827074  0.6066946   -0.3813736 -0.3829177
0.5826868  0.6066729   -0.3814101 -0.3829469
0.5828221  0.6066011   -0.3814269 -0.3828382
0.5828311  0.6065528   -0.3814669 -0.3828611
0.5827717  0.6066622   -0.381364 -0.3828808
0.5827752  0.606671   -0.3813461 -0.3828792
0.5828028  0.6066555   -0.3813483 -0.3828598
0.5828771  0.6065543   -0.3814315 -0.3828241
0.5828664  0.6065928   -0.3814004 -0.3828103
0.582882  0.6066732   -0.3813093 -0.3827499
0.5828078  0.6067207   -0.3812782 -0.3828184
0.5828345  0.6067574   -0.3812221 -0.3827755
0.5828021  0.6067174   -0.3812893 -0.3828214
0.5828699  0.6067156   -0.381232 -0.3827783
0.5828714  0.6066895   -0.3812587 -0.3827906
0.5828196  0.6067004   -0.3812676 -0.3828433
0.5828094  0.6068054   -0.381152 -0.3828076
0.5828992  0.6068072   -0.3811071 -0.3827126
0.5828574  0.6068347   -0.381102 -0.3827379
0.5829743  0.6066675   -0.3812446 -0.3826829
0.582963  0.6067198   -0.3812017 -0.3826599
0.5828447  0.6068005   -0.381167 -0.3827466
0.5827916  0.6068451   -0.3811291 -0.3827944
0.5827973  0.6068083   -0.3811705 -0.3828028
0.5828246  0.6067759   -0.3811887 -0.3827946
0.5827963  0.6067591   -0.3812275 -0.3828258
0.5827857  0.6067642   -0.3812247 -0.3828366
0.5827568  0.6067782   -0.3812246 -0.3828586
0.5828176  0.6067199   -0.3812745 -0.3828089
0.5827929  0.6067055   -0.3813038 -0.3828399
0.5828788  0.6066874   -0.3812919 -0.3827494
0.5829031  0.6066713   -0.3812922 -0.3827377
0.5829091  0.6066774   -0.3812768 -0.3827344
0.5828518  0.606707   -0.3812672 -0.3827843
0.5828292  0.6067683   -0.3812107 -0.3827777
0.5828059  0.6068624   -0.3811214 -0.3827531
0.5828376  0.6067691   -0.3812105 -0.3827638
0.5828789  0.6067395   -0.3812226 -0.3827358
0.5828768  0.606706   -0.3812642 -0.3827509
0.5828512  0.606638   -0.3813643 -0.3827979
0.5829875  0.6065819   -0.3813812 -0.3826624
0.5830051  0.6065331   -0.3814311 -0.3826632
0.5829968  0.6064573   -0.3815227 -0.3827046
0.583049  0.6063971   -0.3815783 -0.382665
0.5830276  0.6065481   -0.3814158 -0.3826204
0.5830456  0.6065519   -0.3813967 -0.3826059
0.5830388  0.6066356   -0.3812985 -0.3825813
0.5829884  0.6066412   -0.3813126 -0.3826351
0.5829706  0.6066843   -0.3812788 -0.3826277
0.5829507  0.6066353   -0.3813547 -0.3826602
0.582871  0.606673   -0.381351 -0.3827254
0.5828663  0.6066635   -0.3813658 -0.382733
0.5829044  0.606678   -0.3813435 -0.3826742
0.5828937  0.6065937   -0.3814514 -0.3827165
0.5827813  0.6065581   -0.3815542 -0.3828415
0.5827565  0.6066428   -0.3814717 -0.3828273
0.5827188  0.6066031   -0.381528 -0.3828912
0.5826246  0.6067035   -0.3814597 -0.3829441
0.5826451  0.6066456   -0.3815229 -0.3829416
0.5827051  0.60663   -0.3815157 -0.3828821
0.5827096  0.6066595   -0.3814869 -0.3828572
0.5826641  0.6066623   -0.3814982 -0.3829108
0.5827041  0.6066819   -0.3814564 -0.3828605
0.5826966  0.6066939   -0.381444 -0.3828651
0.5826896  0.6067221   -0.381409 -0.3828659
0.5827298  0.6067576   -0.3813573 -0.3828001
0.5827899  0.6066533   -0.3814365 -0.382795
0.582763  0.6067198   -0.3813756 -0.3827914
0.5827563  0.6066997   -0.3814038 -0.3828053
0.5828453  0.6066536   -0.3814225 -0.3827241
0.5828325  0.6066504   -0.3814254 -0.3827458
0.5827957  0.6066236   -0.3814662 -0.3828037
0.5826694  0.6066304   -0.3815229 -0.3829285
0.5827088  0.6066779   -0.3814449 -0.382871
0.5826409  0.6067734   -0.3813745 -0.3828931
0.5827358  0.6067711   -0.3813361 -0.3827904
0.5827142  0.6068467   -0.3812538 -0.3827856
0.5827903  0.606848   -0.3812062 -0.3827151
0.582801  0.6068401   -0.3812169 -0.3827007
0.5827615  0.606846   -0.3812174 -0.3827509
0.5827041  0.606875   -0.3812182 -0.3827915
0.5826501  0.6069786   -0.3811364 -0.382791
0.5826182  0.6069405   -0.3811876 -0.3828489
0.5827128  0.606941   -0.3811418 -0.3827498
0.5826935  0.6069317   -0.3811677 -0.3827682
0.5826961  0.6069577   -0.3811354 -0.3827552
0.5826985  0.6069012   -0.3811963 -0.3827804
0.5826511  0.6069396   -0.3811769 -0.382811
0.5827472  0.6068308   -0.3812626 -0.3827519
0.5826213  0.6068758   -0.3812666 -0.3828681
0.5826654  0.606876   -0.38124 -0.3828271
0.5826756  0.6068797   -0.381229 -0.3828169
0.5826776  0.6068571   -0.3812478 -0.382831
0.5826995  0.6068226   -0.381283 -0.3828171
0.5826585  0.6068293   -0.3812872 -0.3828646
0.5827739  0.6067511   -0.3813255 -0.3827749
0.582746  0.6067329   -0.3813655 -0.3828064
0.582673  0.6067518   -0.3813847 -0.3828685
0.5827233  0.6068052   -0.3812944 -0.382797
0.5827391  0.6067289   -0.3813716 -0.3828171
0.5827648  0.60668   -0.3814358 -0.3827915
0.5826892  0.6066267   -0.3815336 -0.3828936
0.58262  0.6066183   -0.3815815 -0.3829644
0.5826457  0.6066325   -0.3815468 -0.3829376
0.5825905  0.6066996   -0.381503 -0.3829588
0.5825008  0.6068035   -0.3814377 -0.3829957
0.5824879  0.6068591   -0.3813784 -0.3829862
0.5824337  0.606851   -0.3814105 -0.3830496
0.5824715  0.6068006   -0.3814485 -0.3830339
0.5824092  0.6069431   -0.381322 -0.383029
0.582352  0.6070196   -0.3812546 -0.3830618
0.5824358  0.6069735   -0.381271 -0.3829913
0.5824826  0.6070388   -0.3811781 -0.3829089
0.5824859  0.607056   -0.38116 -0.3828947
0.5825773  0.6069592   -0.3812346 -0.3828347
0.5825583  0.6069947   -0.3811964 -0.3828454
0.5825758  0.6069792   -0.3811989 -0.3828408
0.5824838  0.6069332   -0.3812865 -0.3829667
0.5824883  0.6069001   -0.3813292 -0.3829697
0.5824582  0.6068715   -0.3813687 -0.3830213
0.5824392  0.6068986   -0.3813488 -0.383027
0.5824896  0.606872   -0.3813626 -0.3829789
0.5825719  0.6068862   -0.381307 -0.3828866
0.5826288  0.6069003   -0.3812588 -0.3828257
0.5825934  0.6069248   -0.3812495 -0.3828498
0.5825783  0.6069784   -0.3811988 -0.3828385
0.5826782  0.6069369   -0.3811983 -0.3827526
0.5827261  0.6069048   -0.3812198 -0.3827092
0.5826713  0.6068823   -0.3812721 -0.3827763
0.5825978  0.6069086   -0.3812824 -0.3828361
0.5826733  0.6068947   -0.3812437 -0.3827818
0.582728  0.6069229   -0.3811891 -0.3827081
0.5827466  0.6068984   -0.3812112 -0.3826968
0.5827184  0.60695   -0.3811772 -0.3826919
0.5827351  0.6068363   -0.3812962 -0.3827282
0.5826586  0.606811   -0.3813445 -0.3828366
0.5825933  0.6068573   -0.3813244 -0.3828826
0.5825755  0.606877   -0.3812948 -0.3829079
0.5825944  0.6068366   -0.381334 -0.382904
0.5824608  0.6068757   -0.3813569 -0.3830226
0.5824741  0.6068791   -0.3813358 -0.383018
0.5824925  0.6069033   -0.3812936 -0.3829937
0.5825179  0.606924   -0.381248 -0.3829677
0.5825217  0.6069373   -0.3812385 -0.38295
0.5824339  0.6069862   -0.3812121 -0.3830325
0.5824775  0.607012   -0.3811518 -0.3829854
0.5825351  0.6070215   -0.3811258 -0.3829086
0.5826428  0.6070554   -0.3810314 -0.3827849
0.5826614  0.6070212   -0.3810598 -0.3827827
0.5827073  0.6069567   -0.3811052 -0.3827698
0.5826737  0.6069856   -0.3810899 -0.3827904
0.5827063  0.6069061   -0.3811541 -0.3828028
0.5826235  0.6069661   -0.3811262 -0.3828613
0.5826231  0.6068856   -0.3812112 -0.3829051
0.5826577  0.6068873   -0.3811913 -0.3828694
0.5826378  0.6069195   -0.3811533 -0.3828868
0.5825994  0.6069576   -0.381126 -0.3829117
0.5825807  0.6069931   -0.3810875 -0.3829223
0.5826098  0.6069544   -0.3811295 -0.3828975
0.5825857  0.607038   -0.381048 -0.3828827
0.5827035  0.6070321   -0.3810035 -0.3827572
0.5827081  0.6069867   -0.3810597 -0.3827663
0.5826895  0.6070609   -0.3809995 -0.3827369
0.5826975  0.6070461   -0.3810145 -0.3827331
0.5826856  0.6070608   -0.3810149 -0.3827277
0.5827144  0.6070417   -0.3810258 -0.3827032
0.5827836  0.6069934   -0.3810509 -0.3826493
0.5827937  0.6070036   -0.3810414 -0.3826272
0.5829315  0.606901   -0.3811012 -0.3825206
0.5829767  0.606885   -0.3811054 -0.3824728
0.5829737  0.6068469   -0.3811433 -0.3825001
0.583011  0.606832   -0.3811366 -0.3824739
0.5829518  0.6068285   -0.3811698 -0.3825365
0.582866  0.6068516   -0.3811852 -0.3826151
0.582817  0.606844   -0.381219 -0.3826681
0.5828879  0.6068374   -0.3811826 -0.3826068
0.5828319  0.6069037   -0.3811313 -0.382638
0.5827886  0.606901   -0.3811433 -0.3826962
0.5827658  0.6069109   -0.3811493 -0.3827093
0.5827026  0.6069214   -0.38116 -0.3827783
0.5827748  0.6069657   -0.3810792 -0.3826785
0.5828073  0.6069337   -0.3810849 -0.3826742
0.5827907  0.6069885   -0.3810287 -0.3826684
0.5828271  0.6069906   -0.3809988 -0.3826394
0.5828134  0.6069944   -0.3809991 -0.3826541
0.5828332  0.6069457   -0.3810518 -0.3826484
0.5828449  0.6069415   -0.3810535 -0.3826357
0.5828502  0.6068596   -0.3811463 -0.3826651
0.5829108  0.606795   -0.3811945 -0.3826273
0.582878  0.6068184   -0.3811906 -0.382644
0.5829695  0.6068101   -0.3811608 -0.3825475
0.5830274  0.6067871   -0.381158 -0.3824985
0.5830113  0.6068226   -0.3811229 -0.3825019
0.5829625  0.6068276   -0.3811468 -0.3825446
0.582983  0.6067911   -0.381181 -0.3825371
0.5829714  0.6068643   -0.3811055 -0.3825136
0.5829627  0.6068968   -0.3810847 -0.3824963
0.5830193  0.606794   -0.3811684 -0.3824897
0.5830321  0.6067735   -0.3811929 -0.3824782
0.5829923  0.6068302   -0.3811409 -0.3825009
0.5829697  0.6068356   -0.3811477 -0.3825198
0.5829248  0.6068441   -0.381161 -0.3825614
0.5829247  0.6068432   -0.38116 -0.3825641
0.5828667  0.6069038   -0.3811115 -0.3826045
0.5828983  0.606908   -0.3810858 -0.3825754
0.5828234  0.6068956   -0.3811324 -0.3826627
0.5827617  0.6068422   -0.3812236 -0.3827506
0.5826255  0.6069266   -0.3811926 -0.3828549
0.5826392  0.6068953   -0.3812238 -0.3828525
