0.6004847  -0.6216369   -0.3659605 0.345049
0.6086662  -0.6290677   -0.3522276 0.3312629
0.6161661  -0.6361571   -0.3386194 0.3177742
0.6231681  -0.642787   -0.3252106 0.304507
0.6296612  -0.6490196   -0.311993 0.2914802
0.6357544  -0.6547887   -0.299021 0.2786656
0.6414385  -0.6600929   -0.2863568 0.2661461
0.6466727  -0.6649774   -0.2740642 0.253985
0.6515111  -0.6695527   -0.2619733 0.2420793
0.6559764  -0.6736938   -0.2503311 0.2305775
0.6600486  -0.6774969   -0.239086 0.2194805
0.6639233  -0.6809078   -0.2281448 0.2086153
0.6674067  -0.6840884   -0.2175514 0.1981484
0.6706397  -0.6869521   -0.2073264 0.1880293
0.6736209  -0.6895113   -0.1975276 0.1783028
0.6762303  -0.6919037   -0.1881558 0.1690544
0.6787195  -0.6940329   -0.1790306 0.1600194
0.6808219  -0.6960996   -0.1702854 0.1514258
0.6828791  -0.6978153   -0.1619566 0.1431786
0.6848482  -0.6992927   -0.1539375 0.1351877
0.6864945  -0.7007443   -0.1462737 0.1276195
0.688143  -0.7018958   -0.1389868 0.1203506
0.6895728  -0.7030206   -0.1319185 0.1133534
0.6909356  -0.703949   -0.1252242 0.106689
0.6921946  -0.7047119   -0.118979 0.1004589
0.6932929  -0.7054743   -0.1128798 0.09438802
0.6942109  -0.7062279   -0.1070459 0.08862536
0.6950169  -0.7069005   -0.1015842 0.08321036
0.695837  -0.7074365   -0.09626608 0.07795696
0.696615  -0.7078684   -0.09124833 0.07296332
0.6971322  -0.708441   -0.08640189 0.06821219
0.6977412  -0.7088068   -0.08182364 0.06368134
0.6982861  -0.7091462   -0.07740507 0.05930175
0.6987882  -0.7094274   -0.07324036 0.05517028
0.6991632  -0.7097559   -0.0692493 0.05120352
0.6995142  -0.7100194   -0.06553196 0.0475195
0.6999083  -0.7101816   -0.06194611 0.04396657
0.7001225  -0.710458   -0.05855193 0.04061596
0.7004736  -0.7105544   -0.05526447 0.0373496
0.7006447  -0.7107654   -0.05223828 0.03436084
0.700892  -0.7108666   -0.04929715 0.0314455
0.7010966  -0.710967   -0.04652318 0.02872576
0.7012963  -0.7110398   -0.04386965 0.02610242
0.7014869  -0.7110956   -0.041283 0.02355308
0.701642  -0.7111525   -0.03888691 0.02117951
0.701737  -0.7112389   -0.03666675 0.01897455
0.7018487  -0.7112953   -0.03443648 0.01677955
0.7018493  -0.7114374   -0.03236411 0.01472609
0.7018835  -0.7115308   -0.03034882 0.01274866
0.7019629  -0.7115569   -0.02854207 0.01095956
0.7020358  -0.7115758   -0.02682634 0.009268015
0.7020342  -0.7116541   -0.02523305 0.00772344
0.7020926  -0.7116675   -0.02362444 0.006115079
0.7021491  -0.7116736   -0.0220542 0.00457522
0.7021189  -0.7117527   -0.02065744 0.003209006
0.7022309  -0.7116852   -0.01930276 0.001864518
0.7022088  -0.7117416   -0.01806187 0.0006513556
0.7022933  -0.7116901   -0.01675492 -0.0006210366
0.7022827  -0.711725   -0.01560726 -0.001750366
0.702267  -0.71176   -0.01451867 -0.002821197
0.7022967  -0.7117478   -0.01336623 -0.00398532
0.70233  -0.7117259   -0.01243909 -0.00490506
0.7023221  -0.7117426   -0.01147386 -0.005869375
0.7023783  -0.7116931   -0.01061085 -0.006718126
0.7023362  -0.7117384   -0.009746133 -0.007575697
0.7023801  -0.7116964   -0.009039044 -0.008285637
0.7024503  -0.7116272   -0.008251473 -0.009067499
0.702486  -0.7115899   -0.007422106 -0.009905497
0.7025221  -0.7115511   -0.006747657 -0.0105904
0.702473  -0.7115958   -0.006099476 -0.01121997
0.7024782  -0.7115858   -0.005475125 -0.0118407
0.7025164  -0.7115424   -0.004870605 -0.01241858
0.7025096  -0.7115426   -0.00429162 -0.01299441
0.7025357  -0.7115091   -0.003659603 -0.01360001
0.7024872  -0.7115496   -0.003122589 -0.01411299
0.7024767  -0.7115528   -0.002671534 -0.0145555
0.7025434  -0.7114792   -0.002192304 -0.0150093
0.7025363  -0.7114775   -0.001696984 -0.01548084
0.7024748  -0.7115316   -0.001362641 -0.01581648
0.7024375  -0.7115615   -0.001033374 -0.01615383
0.7023877  -0.7116028   -0.0006906581 -0.01650455
0.7023981  -0.7115844   -0.0003288759 -0.01686594
0.7023575  -0.7116186   -7.206243E-05 -0.01711659
0.7022905  -0.7116784   0.0001819225 -0.01737249
0.7023447  -0.711617   0.0004998767 -0.0176888
0.702432  -0.7115256   0.0007186303 -0.01789146
0.7024667  -0.7114827   0.001044743 -0.01821623
0.7024363  -0.711505   0.001322985 -0.01849603
0.7024302  -0.7115037   0.001586962 -0.0187536
0.7024174  -0.7115101   0.001806326 -0.01897388
0.7025453  -0.711377   0.002023643 -0.0192033
0.7025979  -0.7113179   0.002259597 -0.01943916
0.7025573  -0.7113491   0.002541774 -0.01973017
0.7025971  -0.7113042   0.002729628 -0.01990362
0.7025617  -0.7113335   0.002909451 -0.02007963
0.7026327  -0.7112589   0.0030547 -0.02021685
0.702529  -0.7113528   0.003309324 -0.02047629
0.7025098  -0.7113645   0.003529274 -0.02069054
0.702507  -0.7113621   0.00367254 -0.02084401
0.7025826  -0.7112828   0.003811508 -0.02097552
0.7026278  -0.7112333   0.003959473 -0.02111034
0.7025991  -0.7112566   0.004097306 -0.02125263
0.702526  -0.7113242   0.004222811 -0.02138362
0.7025543  -0.7112964   0.00422336 -0.02138033
0.7025555  -0.7112921   0.004319382 -0.02146493
0.7025879  -0.7112567   0.004410881 -0.02155859
0.7025728  -0.7112651   0.004581455 -0.0217394
0.7025594  -0.7112755   0.004649499 -0.02181861
0.7024363  -0.7113963   0.004662135 -0.0218398
0.7024858  -0.7113432   0.004768015 -0.02195387
0.7024871  -0.7113378   0.004858536 -0.02206233
0.7024843  -0.7113369   0.004946941 -0.02216083
0.7024795  -0.7113394   0.004990866 -0.02222279
0.7024826  -0.7113289   0.005190939 -0.02241674
0.7025774  -0.7112347   0.005224721 -0.02242802
0.7025882  -0.7112243   0.005227799 -0.02242009
0.7026644  -0.711143   0.00539959 -0.02256852
0.7025781  -0.7112253   0.00546162 -0.02264477
0.7025873  -0.7112097   0.005630604 -0.02280773
0.7026776  -0.7111213   0.005621959 -0.02278509
0.7026754  -0.7111235   0.005624149 -0.02278445
0.7026171  -0.7111786   0.005686763 -0.02284535
0.7025475  -0.7112449   0.005736758 -0.02290869
0.7026203  -0.7111709   0.005787676 -0.02296031
0.7026657  -0.7111248   0.005826792 -0.02298593
0.7026788  -0.7111089   0.005887616 -0.02306485
0.7026447  -0.7111408   0.00592744 -0.02310934
0.7027956  -0.7109905   0.005955833 -0.02313543
0.7027869  -0.7109967   0.006019463 -0.02319552
0.7026917  -0.7110885   0.006075874 -0.0232521
0.7026666  -0.7111108   0.006132161 -0.02331258
0.7027096  -0.7110679   0.006150302 -0.02332502
0.7027421  -0.7110344   0.006184665 -0.02335484
0.7027408  -0.7110315   0.006286243 -0.02345194
0.7027325  -0.7110351   0.006392733 -0.02356169
0.7026651  -0.7111013   0.006398745 -0.02357502
0.7027148  -0.7110531   0.006387588 -0.02355067
0.702652  -0.7111158   0.006375736 -0.02353123
0.7025965  -0.7111698   0.006396176 -0.02355051
0.7025058  -0.71126   0.006383796 -0.02354002
0.7025218  -0.711246   0.006335972 -0.02349613
0.7025293  -0.7112379   0.006345841 -0.02351635
0.7025485  -0.7112197   0.00632251 -0.02349681
0.702565  -0.7112027   0.006346299 -0.02351674
0.7025084  -0.7112631   0.006223421 -0.02341054
0.7024676  -0.7113024   0.006243408 -0.0234351
0.7023877  -0.7113815   0.006238232 -0.02342959
0.7023954  -0.7113712   0.006299858 -0.02349431
0.7024089  -0.7113574   0.006305415 -0.02351109
0.7023022  -0.7114663   0.006210308 -0.02342537
0.702379  -0.7113915   0.006202788 -0.02339659
0.7023562  -0.7114161   0.006155134 -0.02334799
0.7022845  -0.7114869   0.00614218 -0.02334991
0.7023091  -0.7114621   0.006144003 -0.02336265
0.7023742  -0.711397   0.006170606 -0.02338291
0.7023764  -0.7113929   0.006201908 -0.02343216
0.702392  -0.7113749   0.006247218 -0.02349549
0.7023794  -0.7113859   0.006292002 -0.0235291
0.7023827  -0.7113837   0.006270874 -0.02350434
0.7024601  -0.7113091   0.006239158 -0.02345954
0.7025331  -0.7112318   0.006360854 -0.02358007
0.702666  -0.7110975   0.006446026 -0.0236479
0.7026339  -0.7111253   0.0065599 -0.02373592
0.7026588  -0.7110984   0.00660641 -0.02379217
0.7026204  -0.7111378   0.006558967 -0.0237588
0.7027808  -0.7109776   0.006603462 -0.02379981
0.7026682  -0.7110879   0.006630216 -0.02381972
0.7026997  -0.7110585   0.006587339 -0.02378112
0.7027025  -0.711053   0.006654622 -0.02384442
0.7026451  -0.7111134   0.00656825 -0.02375804
0.7026367  -0.7111241   0.006495342 -0.02370588
0.7025429  -0.711221   0.006394532 -0.02360749
0.7025152  -0.7112526   0.006295376 -0.02350805
0.702548  -0.7112191   0.006313385 -0.02353588
0.7024829  -0.7112836   0.006306985 -0.02352899
0.7025061  -0.7112615   0.006297761 -0.0235083
0.7025415  -0.7112249   0.006335927 -0.02354909
0.7025033  -0.7112641   0.006303064 -0.02351475
0.7024693  -0.7112914   0.006463277 -0.02365639
0.702519  -0.7112424   0.00645841 -0.02365536
0.7026441  -0.7111132   0.006581956 -0.02379094
0.7027031  -0.7110556   0.006568935 -0.02377262
0.702725  -0.7110355   0.00654877 -0.02373416
0.7026938  -0.7110673   0.006533879 -0.02370988
0.7026851  -0.7110767   0.006522854 -0.02368746
0.7027562  -0.7110056   0.006540072 -0.02370599
0.7027532  -0.7110034   0.006677854 -0.02382396
0.7027515  -0.7110034   0.006701567 -0.02386645
0.7026967  -0.7110558   0.00674887 -0.02390526
0.7026104  -0.7111427   0.006711945 -0.02386869
0.7027016  -0.711054   0.006682767 -0.02383318
0.7026745  -0.7110817   0.006661292 -0.02381058
0.7026955  -0.7110625   0.006634278 -0.02377226
0.7026983  -0.7110624   0.006567919 -0.02371065
0.7027945  -0.7109647   0.006637109 -0.02377157
0.7028452  -0.7109189   0.006549246 -0.02366437
0.7028007  -0.7109601   0.006607154 -0.02373574
0.7028238  -0.710934   0.006674969 -0.02381325
0.7028044  -0.7109537   0.006672048 -0.0237996
0.7027788  -0.7109759   0.006746904 -0.02387169
0.7027559  -0.7109991   0.006726287 -0.02385695
0.7027232  -0.7110332   0.006694855 -0.02381572
0.702648  -0.7111053   0.006739508 -0.02386693
0.7026613  -0.7110938   0.006710815 -0.02382729
0.7026565  -0.711096   0.006772435 -0.02388481
0.7026116  -0.711144   0.006694318 -0.02379767
0.7026404  -0.7111171   0.006652336 -0.02376039
0.7026429  -0.7111141   0.006657517 -0.02377777
0.7026297  -0.7111285   0.006619839 -0.02374587
0.702667  -0.7110945   0.006552984 -0.023682
0.7026868  -0.7110756   0.006545897 -0.02366341
0.7026533  -0.711112   0.006470927 -0.0235864
0.7025936  -0.711175   0.006363612 -0.02349422
0.7025499  -0.7112191   0.006347758 -0.02346954
0.7024714  -0.7112951   0.0063827 -0.02350451
0.7025047  -0.7112598   0.006434252 -0.02356602
0.702577  -0.7111825   0.006583847 -0.02370033
0.7025103  -0.7112498   0.006558047 -0.02366555
0.7024564  -0.7112997   0.006627181 -0.02374724
0.7025129  -0.7112444   0.006613354 -0.02373509
0.7024893  -0.7112663   0.006650752 -0.02376905
0.7025139  -0.7112366   0.006756371 -0.02389831
0.7024929  -0.7112548   0.006799312 -0.02396079
0.7024179  -0.7113283   0.006815026 -0.02397546
0.7024084  -0.711337   0.006813261 -0.02399341
0.7023795  -0.7113683   0.006741453 -0.02393603
0.7023615  -0.7113876   0.006701086 -0.02390146
0.7024652  -0.7112862   0.00666183 -0.02387764
0.7025018  -0.7112533   0.006596904 -0.02380069
0.7025969  -0.7111584   0.006624203 -0.02382103
0.7025871  -0.7111676   0.006643916 -0.02383022
0.702558  -0.7112017   0.006518025 -0.02370364
0.7026682  -0.7110916   0.006547163 -0.02373255
0.7027073  -0.7110521   0.006561489 -0.02375576
0.7026991  -0.7110606   0.006548671 -0.02374754
0.7026985  -0.7110621   0.006518712 -0.02373046
0.7028225  -0.7109406   0.006492648 -0.02370296
0.7028425  -0.7109233   0.006426806 -0.02364931
0.7028173  -0.7109447   0.006512049 -0.02373132
0.7028418  -0.7109192   0.006542859 -0.02375772
0.7029079  -0.7108496   0.006634939 -0.02385787
0.7029025  -0.7108533   0.006683105 -0.02389513
0.7028682  -0.7108912   0.006585875 -0.02380436
0.7028694  -0.71089   0.006590747 -0.02380592
0.7028374  -0.7109259   0.006485295 -0.02370668
0.7029824  -0.7107796   0.006553721 -0.02377206
0.7029309  -0.7108281   0.006589588 -0.02383593
0.7028301  -0.7109286   0.006575091 -0.02381497
0.7027868  -0.7109709   0.006600454 -0.0238231
0.7027895  -0.7109677   0.006604678 -0.02383848
0.702823  -0.7109305   0.006685775 -0.02393589
0.7028384  -0.7109119   0.006774107 -0.02401207
0.702928  -0.7108276   0.006671892 -0.02391197
0.7029212  -0.7108353   0.006646399 -0.02389176
0.7029651  -0.7107882   0.006724076 -0.02397872
0.702989  -0.7107615   0.006793428 -0.0240497
0.7030579  -0.7106931   0.006804551 -0.02405418
0.703074  -0.7106761   0.006825597 -0.02407836
0.7030594  -0.710685   0.006957528 -0.02420691
0.7029989  -0.7107407   0.007046518 -0.02430187
0.7029237  -0.7108142   0.007057241 -0.02432681
0.7029623  -0.710775   0.007084241 -0.02434805
0.7029228  -0.7108156   0.007054629 -0.0243096
0.7029269  -0.7108136   0.007015621 -0.02426055
0.702881  -0.710861   0.006977001 -0.02421346
0.7029482  -0.7107933   0.007006958 -0.02424485
0.7030104  -0.7107334   0.006977933 -0.02420321
0.7030514  -0.7106963   0.00689307 -0.02412202
0.7030351  -0.7107167   0.006780876 -0.02403101
0.7029456  -0.7108058   0.006766242 -0.02401629
0.7028862  -0.7108655   0.006743561 -0.02399354
0.7029038  -0.7108476   0.006748808 -0.02400952
0.7029605  -0.7107937   0.006697544 -0.02396024
0.7028832  -0.710868   0.006749842 -0.02400465
0.7027643  -0.7109868   0.006720162 -0.02397713
0.7026768  -0.7110707   0.006775494 -0.02403993
0.7027535  -0.7109975   0.006719316 -0.0239775
0.7027699  -0.7109798   0.006752246 -0.02401263
0.7026484  -0.7111   0.006747744 -0.02400866
0.7026685  -0.7110795   0.006767802 -0.02402429
0.7025912  -0.7111544   0.006813797 -0.02405402
0.7026281  -0.7111182   0.006811916 -0.0240477
0.7026592  -0.7110873   0.00682041 -0.0240508
0.7026327  -0.7111111   0.006880809 -0.02410099
0.7026988  -0.7110479   0.00682534 -0.0240544
0.7028248  -0.7109257   0.006767592 -0.02400406
0.7027618  -0.7109926   0.006653285 -0.0238966
0.7027147  -0.7110375   0.006672009 -0.02394361
0.7026238  -0.7111283   0.006641163 -0.02392112
0.702649  -0.711107   0.006553815 -0.02383775
0.7025687  -0.7111877   0.006521631 -0.02380628
0.7025439  -0.7112105   0.006558366 -0.02384806
0.7025843  -0.7111698   0.006569868 -0.02386818
0.7025816  -0.7111748   0.006523111 -0.02381108
0.7025942  -0.7111655   0.006439137 -0.02373903
0.7027218  -0.7110376   0.006494813 -0.02377709
0.7028329  -0.7109283   0.006492311 -0.02376515
0.702781  -0.7109784   0.006514059 -0.02379284
0.7028391  -0.7109175   0.006603942 -0.02387598
0.7029048  -0.7108498   0.006671845 -0.02393716
0.7028317  -0.7109218   0.006679347 -0.0239447
0.702831  -0.7109218   0.006690487 -0.02395966
0.7028553  -0.7108954   0.006738359 -0.0240172
0.7027348  -0.711015   0.006723815 -0.02400437
0.7027864  -0.7109671   0.00666638 -0.02392762
0.7028617  -0.7108945   0.006641884 -0.02388218
0.7029303  -0.7108233   0.006700504 -0.02396435
0.702859  -0.7108968   0.006636015 -0.02389285
0.7028122  -0.7109433   0.006619971 -0.02389133
0.7027794  -0.7109752   0.006638571 -0.02389991
0.7027639  -0.7109882   0.006685389 -0.02395828
0.7027506  -0.7110013   0.006688515 -0.02395821
0.7027203  -0.7110327   0.006635451 -0.02392647
0.7027497  -0.7110069   0.006578816 -0.02385036
0.7027745  -0.7109792   0.006647367 -0.02392814
0.7028068  -0.7109442   0.00673737 -0.02398989
0.7027854  -0.7109674   0.00668658 -0.02394566
0.7028554  -0.7108929   0.006816198 -0.02406736
0.7028302  -0.7109172   0.006820053 -0.024083
0.702842  -0.7109107   0.006716794 -0.02396116
0.7028921  -0.7108638   0.006658511 -0.02389851
0.7028392  -0.710914   0.00670213 -0.0239475
0.7027928  -0.7109553   0.006811718 -0.0240535
0.702803  -0.7109468   0.006758074 -0.02401879
0.7027301  -0.7110178   0.006777249 -0.02404501
0.7027767  -0.7109749   0.006696795 -0.02397549
0.7028044  -0.7109467   0.006724734 -0.02399088
0.7028005  -0.7109483   0.006774092 -0.02404403
0.7028236  -0.710921   0.006887421 -0.02414294
0.7027983  -0.7109452   0.006902984 -0.02416314
0.7027281  -0.7110167   0.006855854 -0.02411691
0.7027493  -0.7109972   0.006810227 -0.02408302
0.7027097  -0.7110366   0.00680721 -0.02407794
0.7027091  -0.7110389   0.006768714 -0.02403621
0.7026939  -0.7110553   0.006720299 -0.02400753
0.7026865  -0.7110648   0.006661414 -0.02396156
0.7027186  -0.7110338   0.006649494 -0.02394555
0.7027075  -0.7110485   0.006567423 -0.02385365
0.7026799  -0.711071   0.006672358 -0.02396993
0.7026258  -0.7111245   0.00667293 -0.02396909
0.7026466  -0.711104   0.006669199 -0.0239685
0.7025862  -0.7111657   0.006609636 -0.02392426
0.7025645  -0.7111886   0.006579294 -0.02389144
0.7025098  -0.7112418   0.00660639 -0.02390193
0.7024764  -0.7112743   0.006619499 -0.02391289
0.7025061  -0.7112483   0.006540763 -0.02383825
0.7024783  -0.7112737   0.006586398 -0.02388874
0.7024568  -0.7112978   0.006506738 -0.02382271
0.7024418  -0.7113116   0.006517412 -0.02385266
0.7023963  -0.7113569   0.006497385 -0.02384591
0.7023932  -0.7113609   0.006489482 -0.02381981
0.7023866  -0.7113655   0.00653342 -0.02386716
0.7024515  -0.7113006   0.006549945 -0.02388466
0.7024172  -0.711334   0.006556408 -0.02389633
0.7025585  -0.7111949   0.006555142 -0.02388548
0.7025407  -0.7112148   0.006508369 -0.02382934
0.7025521  -0.7112057   0.006440082 -0.02377986
0.7026337  -0.7111238   0.006477754 -0.02381026
0.702563  -0.7111935   0.006466423 -0.02381401
0.7025033  -0.7112509   0.006511868 -0.0238506
0.7025113  -0.7112435   0.006499389 -0.02384331
0.7026001  -0.7111587   0.006433304 -0.02377109
0.7027053  -0.7110539   0.006454287 -0.02379177
0.7027139  -0.7110429   0.006515562 -0.02384867
0.7026447  -0.711112   0.006493628 -0.02383475
0.7026615  -0.7110933   0.006529714 -0.02388806
0.7026117  -0.7111427   0.006531276 -0.02388104
0.7025734  -0.7111784   0.006588798 -0.02392846
0.702692  -0.7110611   0.006591811 -0.02393038
0.7027251  -0.7110302   0.006553202 -0.02388725
0.7027985  -0.7109576   0.006565738 -0.02388515
0.7028542  -0.710896   0.006725895 -0.02403675
0.7029088  -0.710841   0.006746593 -0.02405853
0.7030501  -0.710702   0.006728739 -0.02403907
0.7030844  -0.7106686   0.006715751 -0.02402959
0.7028839  -0.7108665   0.006708106 -0.02404226
0.702887  -0.7108658   0.006644612 -0.02399043
0.7029497  -0.7108054   0.00659272 -0.02395563
0.7029434  -0.7108118   0.006593342 -0.02395281
0.7030154  -0.7107401   0.006597239 -0.02396435
0.7030818  -0.710674   0.006612465 -0.02397358
0.7030692  -0.7106887   0.006543423 -0.02392543
0.702999  -0.7107588   0.006517485 -0.0239141
0.7029482  -0.7108135   0.006415765 -0.02381225
0.7028711  -0.7108861   0.006492333 -0.0238956
0.7028784  -0.7108777   0.006530066 -0.02392155
0.7028795  -0.7108765   0.006527183 -0.02392365
0.7028498  -0.7109052   0.006533405 -0.02394228
0.7028041  -0.7109498   0.006549129 -0.02395586
0.7028038  -0.7109511   0.006528176 -0.02393184
0.7027333  -0.711019   0.00657268 -0.02397561
0.7027296  -0.7110222   0.00658886 -0.02398119
0.7026284  -0.7111208   0.006626456 -0.0240112
0.7025612  -0.7111871   0.006626629 -0.02401725
0.7025051  -0.7112413   0.006648903 -0.02404565
0.7025227  -0.7112235   0.00667487 -0.02405283
0.7024561  -0.7112923   0.006605077 -0.02398259
0.7025796  -0.7111709   0.006585597 -0.0239685
0.7026517  -0.7110987   0.006594408 -0.02399365
0.7026685  -0.711083   0.006567126 -0.02397789
0.7027214  -0.7110279   0.006652313 -0.0240338
0.7027636  -0.7109903   0.00656741 -0.02393791
0.7027673  -0.71099   0.006497456 -0.02385881
0.7027021  -0.7110561   0.006469643 -0.02381556
0.7026846  -0.7110729   0.006470948 -0.0238295
0.7026824  -0.7110742   0.006500538 -0.02384835
0.7026926  -0.7110623   0.006533232 -0.02389172
0.7025932  -0.7111552   0.006653587 -0.02401911
0.7025362  -0.7112094   0.006695566 -0.02406671
0.7024518  -0.711291   0.006725864 -0.02411142
0.7024276  -0.7113162   0.006702151 -0.02407779
0.7024505  -0.7112919   0.006747107 -0.0241182
0.7024092  -0.7113329   0.006731131 -0.02411669
0.7023427  -0.7113967   0.006755649 -0.02416333
0.7022881  -0.711454   0.0066957 -0.02408197
0.7022955  -0.7114499   0.006621932 -0.02400597
0.7022592  -0.7114814   0.006714036 -0.02410986
0.7022638  -0.7114775   0.006707596 -0.02409265
0.7023165  -0.7114298   0.006603074 -0.02399167
0.7023606  -0.7113874   0.006579364 -0.02396236
0.7023119  -0.7114322   0.006663545 -0.02403635
0.7024446  -0.7113026   0.006626875 -0.02400598
0.7025407  -0.7112088   0.006600771 -0.02398128
0.7025223  -0.7112275   0.006593397 -0.02396467
0.7025777  -0.7111714   0.006629271 -0.02399491
0.7026673  -0.711085   0.006574199 -0.02394882
0.7028427  -0.7109115   0.006593002 -0.02394888
0.7028083  -0.7109454   0.006614661 -0.02394569
0.7028215  -0.7109336   0.006571515 -0.02392183
0.7027281  -0.7110266   0.006555287 -0.02390633
0.7027602  -0.7109918   0.006630076 -0.0239746
0.7027568  -0.7109935   0.006667186 -0.02401572
0.7026364  -0.7111149   0.006610251 -0.02395989
0.7026065  -0.711143   0.00665544 -0.02398825
0.7027125  -0.7110406   0.006614473 -0.02393288
0.7027194  -0.7110344   0.006608139 -0.02391594
0.7026955  -0.7110584   0.006599313 -0.02390347
0.7025882  -0.7111632   0.006621915 -0.02393464
0.7026145  -0.7111382   0.006589766 -0.02391451
0.7026526  -0.7111043   0.006494618 -0.02383079
0.7027305  -0.7110265   0.006528827 -0.02384271
0.7027398  -0.7110199   0.006471838 -0.02378213
0.7027292  -0.7110274   0.006533385 -0.02385506
0.7027049  -0.7110546   0.006495775 -0.02377141
0.7026887  -0.7110696   0.006520204 -0.02379281
0.7027262  -0.7110311   0.006560376 -0.02382684
0.7027989  -0.7109631   0.006473521 -0.02373572
0.7027501  -0.7110147   0.006389536 -0.02365197
0.7027875  -0.7109773   0.006397295 -0.02366948
0.7026123  -0.711148   0.006438104 -0.02372843
0.7026457  -0.7111164   0.006390688 -0.02369881
0.7027621  -0.711   0.006423747 -0.02373091
0.7028265  -0.7109364   0.006441411 -0.02372627
0.7027988  -0.7109624   0.006468331 -0.02375795
0.7027662  -0.7109945   0.006478199 -0.0237588
0.702768  -0.7109908   0.00651452 -0.02380599
0.7027782  -0.7109806   0.006521175 -0.02380905
0.7028021  -0.7109565   0.006533068 -0.02382396
0.7027247  -0.7110327   0.006521023 -0.02383458
0.7027286  -0.7110272   0.006555705 -0.02387176
0.7026648  -0.7110927   0.006486566 -0.02381786
0.7026445  -0.7111132   0.00648466 -0.02380534
0.7026482  -0.7111102   0.006478276 -0.02378921
0.7027004  -0.7110575   0.006506111 -0.02381067
0.7027504  -0.7110096   0.006467942 -0.02377529
0.7028195  -0.7109441   0.006396809 -0.02371319
0.7027438  -0.7110165   0.006455548 -0.02377097
0.7027031  -0.7110572   0.006446731 -0.02375968
0.7026818  -0.7110767   0.006477704 -0.02379554
0.7026473  -0.711107   0.006555289 -0.02389257
0.7025263  -0.7112291   0.006467282 -0.02383695
0.7024841  -0.7112694   0.006493986 -0.02386959
0.70244  -0.7113096   0.006570368 -0.02395025
0.7023663  -0.7113817   0.006568138 -0.02397008
0.7024744  -0.7112802   0.006449028 -0.02384565
0.7024701  -0.7112854   0.006434103 -0.02382025
0.7025303  -0.7112292   0.006367988 -0.02374169
0.7025637  -0.7111945   0.006411964 -0.02377933
0.7025973  -0.7111622   0.006382906 -0.02376061
0.7025717  -0.7111846   0.006437656 -0.02383442
0.7026392  -0.7111163   0.006474677 -0.02387243
0.7026349  -0.7111199   0.006486412 -0.02388735
0.7026163  -0.7111402   0.006427758 -0.02384946
0.7025651  -0.7111867   0.006509645 -0.02394519
0.7026002  -0.711146   0.006638085 -0.02408914
0.7026666  -0.7110828   0.00658088 -0.02403325
0.7026659  -0.7110805   0.006657478 -0.02409935
0.7027815  -0.7109667   0.006650511 -0.02409105
0.7027296  -0.7110162   0.006679252 -0.02413336
0.7026844  -0.7110626   0.006635731 -0.02409652
0.702697  -0.7110514   0.006598584 -0.0240705
0.7027278  -0.7110194   0.006643621 -0.02410309
0.7027183  -0.7110312   0.006589268 -0.02404766
0.7027313  -0.7110186   0.006586815 -0.02404107
0.7027563  -0.7109948   0.006572334 -0.02401531
0.7027524  -0.7110016   0.006496306 -0.02395175
0.7026587  -0.7110925   0.006546755 -0.02398637
0.7027148  -0.7110387   0.006508471 -0.02394956
0.7027046  -0.7110476   0.006531295 -0.02397659
0.7026213  -0.7111314   0.006485158 -0.02394664
0.70263  -0.7111223   0.006505574 -0.02395543
0.7026374  -0.7111127   0.006570113 -0.02400804
0.7027095  -0.7110366   0.006675639 -0.02412062
0.7027205  -0.7110293   0.006600036 -0.02403514
0.7028156  -0.7109364   0.006569002 -0.02401164
0.7027591  -0.7109957   0.006480639 -0.02393089
0.7028226  -0.7109354   0.006436111 -0.02387317
0.7027864  -0.7109744   0.006373469 -0.02379399
0.7027718  -0.7109887   0.006365324 -0.02379761
0.7028036  -0.7109562   0.006405611 -0.02381798
0.7028505  -0.7109087   0.006426011 -0.02384843
0.7029406  -0.7108214   0.006370963 -0.02380849
0.7029381  -0.7108213   0.00644149 -0.0238673
0.702886  -0.7108766   0.006354582 -0.02378037
0.7028875  -0.7108738   0.006375912 -0.02381211
0.7029034  -0.7108593   0.006350616 -0.02378381
0.7028674  -0.7108927   0.006402574 -0.02383332
0.7029172  -0.7108432   0.00640898 -0.02384159
0.7027907  -0.7109673   0.006415356 -0.02386375
0.7028916  -0.7108645   0.006492844 -0.02393176
0.7028701  -0.7108877   0.006456767 -0.02388669
0.7028679  -0.7108905   0.00644577 -0.02387222
0.7028558  -0.7109019   0.006469899 -0.02388666
0.7028182  -0.7109382   0.006476233 -0.02390491
0.7028493  -0.7109063   0.006513876 -0.02392935
0.7027335  -0.7110221   0.006477163 -0.02390189
0.7027342  -0.7110195   0.006514468 -0.02394977
0.7027836  -0.7109684   0.006558966 -0.02400368
0.7027924  -0.7109639   0.006468008 -0.0239023
0.7027364  -0.7110168   0.006525873 -0.0239584
0.7026801  -0.7110711   0.006530182 -0.02399931
0.7026876  -0.7110585   0.006647773 -0.02411984
0.7027178  -0.7110254   0.006714253 -0.02419564
0.702716  -0.711029   0.006683096 -0.02415331
0.7027858  -0.7109604   0.006666278 -0.02414545
0.702896  -0.710852   0.0066438 -0.02413764
0.7029395  -0.7108107   0.006605943 -0.02409483
0.7029661  -0.7107821   0.006665449 -0.02414939
0.7029138  -0.7108332   0.006678508 -0.02416147
0.7030355  -0.710716   0.006598845 -0.0240884
0.7031198  -0.7106338   0.006586684 -0.02406144
0.7030421  -0.710712   0.006549615 -0.02403205
0.7030554  -0.7107032   0.006443167 -0.02393066
0.7030629  -0.7106965   0.00642176 -0.02391392
0.7029465  -0.7108111   0.006420976 -0.0239293
0.7029833  -0.7107756   0.006411195 -0.023907
0.7029673  -0.7107915   0.006415219 -0.02389983
0.7029939  -0.71076   0.006549251 -0.02401998
0.7029666  -0.7107857   0.006569703 -0.02405347
0.702969  -0.710781   0.006629692 -0.02410169
0.7029957  -0.7107549   0.00662037 -0.02409501
0.7029469  -0.710804   0.006592679 -0.02408074
0.7029104  -0.7108439   0.006504484 -0.02399193
0.7028904  -0.7108666   0.006443686 -0.02392221
0.7029246  -0.7108323   0.006451733 -0.02393288
0.7029653  -0.7107936   0.006413583 -0.02389847
0.7028836  -0.7108766   0.006360511 -0.02384658
0.7028325  -0.7109275   0.006339898 -0.02384002
0.7028484  -0.7109088   0.006410447 -0.02391186
0.7029031  -0.7108528   0.006448975 -0.02395858
0.7028623  -0.7108959   0.006408256 -0.02388675
0.7028478  -0.7109134   0.006329003 -0.0238131
0.7028204  -0.7109402   0.00633229 -0.02382208
0.7028627  -0.7108991   0.00630102 -0.02380868
0.7027827  -0.7109743   0.006392931 -0.02389918
0.7028183  -0.7109355   0.006500467 -0.02397825
0.7028831  -0.7108707   0.006516113 -0.0239953
0.7029138  -0.7108408   0.006527231 -0.02397922
0.7028764  -0.7108768   0.006545289 -0.02400223
0.7029734  -0.7107772   0.006628419 -0.02409025
0.702974  -0.7107774   0.006622184 -0.0240655
0.7029823  -0.7107711   0.006587899 -0.02402066
0.7029867  -0.7107688   0.006553778 -0.02396918
0.7029889  -0.7107671   0.006531578 -0.02395953
0.7030753  -0.7106804   0.006577286 -0.02398235
0.703073  -0.7106857   0.006522115 -0.02390929
0.7030404  -0.7107203   0.006450388 -0.02385837
0.7030045  -0.7107615   0.006324171 -0.02372403
0.7029735  -0.7107916   0.006340328 -0.02373799
0.7029104  -0.7108533   0.006362957 -0.02375196
0.7029465  -0.7108174   0.006365727 -0.02375663
0.7028838  -0.7108777   0.006418407 -0.02379296
0.7029672  -0.7107943   0.006437685 -0.02381242
0.7029201  -0.7108378   0.006518349 -0.02388322
0.7029027  -0.7108564   0.006486179 -0.0238488
0.7029401  -0.7108203   0.006483994 -0.02382697
0.7029867  -0.7107743   0.006485437 -0.02382394
0.7030233  -0.710739   0.006475625 -0.02380124
0.7029763  -0.7107847   0.00647494 -0.02382166
0.7030414  -0.7107227   0.006417756 -0.02376626
0.7029697  -0.7107978   0.006311426 -0.02366864
0.7029349  -0.7108306   0.006343682 -0.02371328
0.7029839  -0.710784   0.006279147 -0.02367328
0.702969  -0.7107984   0.006283759 -0.02368169
0.7029788  -0.7107885   0.006271721 -0.02368853
0.7029492  -0.7108181   0.006260509 -0.02368287
0.7028784  -0.7108887   0.006239125 -0.02366815
0.7028756  -0.7108923   0.006214637 -0.02365534
0.7027293  -0.7110378   0.006176237 -0.02363442
0.7026901  -0.7110776   0.006143232 -0.02361484
0.7026713  -0.7110946   0.006187037 -0.02364777
0.7026443  -0.7111223   0.006171801 -0.02362278
0.7026745  -0.71109   0.006228446 -0.02368097
0.7027364  -0.7110265   0.006284893 -0.02373808
0.7027578  -0.7110031   0.006335297 -0.0237916
0.7027196  -0.7110434   0.006284834 -0.02372429
0.7027941  -0.7109704   0.006276918 -0.0237103
0.7028227  -0.7109406   0.006328674 -0.02374223
0.7028382  -0.7109246   0.006335083 -0.02375923
0.702884  -0.7108775   0.006389522 -0.02380047
0.7028698  -0.710896   0.00627905 -0.02369607
0.7028396  -0.7109262   0.006291705 -0.02368358
0.7028844  -0.7108834   0.006257525 -0.02364521
0.702871  -0.7108984   0.006230712 -0.02360119
0.7028821  -0.7108871   0.006241452 -0.02360845
0.7028365  -0.7109308   0.006262604 -0.02364238
0.7028261  -0.7109413   0.006253791 -0.02363788
0.7027702  -0.7109936   0.006322927 -0.02371255
0.7026937  -0.7110689   0.006324316 -0.02372151
0.702723  -0.7110395   0.006326759 -0.02373547
0.7026644  -0.7111003   0.006246969 -0.02366356
0.7026184  -0.7111472   0.006216278 -0.02363136
0.7026512  -0.7111157   0.006200409 -0.02361033
0.7026781  -0.7110872   0.006235263 -0.02365565
0.7026423  -0.7111219   0.00624818 -0.02367365
0.7026938  -0.7110734   0.006188962 -0.02361685
0.7027128  -0.7110553   0.006157021 -0.02360437
0.7026197  -0.7111456   0.006205483 -0.02364477
0.7025956  -0.7111689   0.006206566 -0.02365879
0.7026572  -0.711109   0.00619609 -0.02363574
0.7026719  -0.7110937   0.006209833 -0.02365317
0.7027014  -0.7110631   0.006241775 -0.02368745
0.702702  -0.7110624   0.006244527 -0.02368657
0.7027764  -0.7109892   0.00624742 -0.02367578
0.7027647  -0.7110023   0.00621959 -0.02363795
0.7028002  -0.710964   0.006302275 -0.02371528
0.7028002  -0.7109595   0.006407492 -0.02382309
0.7029291  -0.71083   0.00645382 -0.02386751
0.7029005  -0.7108575   0.006468437 -0.02388651
