-0.4067383  -0.05742187   9.713867
-0.4019531  -0.153125   9.857422
-0.3875977  -0.1291992   9.862207
-0.4306641  -0.1291992   9.857422
-0.4163086  -0.1244141   9.862207
-0.397168  -0.08613281   9.776074
-0.4450195  -0.06699219   9.8
-0.4163086  -0.1196289   9.833496
-0.4545898  -0.1483398   9.866992
-0.3828125  -0.1196289   9.857422
-0.3828125  -0.1339844   9.876562
-0.4450195  -0.1291992   9.804785
-0.4545898  -0.1004883   9.79043
-0.3923828  -0.153125   9.857422
-0.4115234  -0.09570313   9.847852
-0.4115234  -0.1626953   9.761719
-0.4019531  -0.1626953   9.852636
-0.4067383  -0.1435547   9.871778
-0.4163086  -0.1052734   9.823926
-0.4258789  -0.1579102   9.752149
-0.4067383  -0.1148437   9.804785
-0.4450195  -0.1626953   9.795215
-0.4258789  -0.153125   9.823926
-0.4258789  -0.1339844   9.886133
-0.4019531  -0.1004883   9.80957
-0.4163086  -0.1435547   9.843066
-0.4115234  -0.1148437   9.833496
-0.4880859  -0.1004883   9.804785
-0.4115234  -0.1244141   9.81914
-0.3828125  -0.1004883   9.924414
-0.397168  -0.07177734   9.843066
-0.3828125  -0.1100586   9.828711
-0.4785156  -0.153125   9.881348
-0.3875977  -0.1244141   9.8
-0.4545898  -0.1052734   9.81914
-0.4067383  -0.1100586   9.857422
-0.4019531  -0.1387695   9.919629
-0.3923828  -0.1770508   9.804785
-0.4354492  -0.09570313   9.828711
-0.4210938  -0.1483398   9.890918
-0.4354492  -0.1483398   9.79043
-0.4258789  -0.07177734   9.838282
-0.397168  -0.1387695   9.862207
-0.459375  -0.1052734   9.890918
-0.4258789  -0.09570313   9.8
-0.3636719  -0.1004883   9.857422
-0.4545898  -0.1244141   9.838282
-0.3780273  -0.1100586   9.838282
-0.4019531  -0.07177734   9.823926
-0.397168  -0.1483398   9.79043
-0.4115234  -0.03828125   9.862207
-0.4019531  -0.08613281   9.900488
-0.3780273  -0.1291992   9.905273
-0.4498047  -0.1196289   9.862207
-0.3493164  -0.153125   9.895703
-0.4019531  -0.1483398   9.847852
-0.4354492  -0.1148437   9.852636
-0.4785156  -0.1866211   9.876562
-0.4498047  -0.1387695   9.823926
-0.4210938  -0.1004883   9.833496
-0.3780273  -0.1483398   9.843066
-0.4210938  -0.1483398   9.871778
-0.5072266  -0.1914063   9.8
-0.3923828  -0.1004883   9.8
-0.4450195  -0.1244141   9.843066
-0.4306641  -0.08134766   9.886133
-0.3923828  -0.0765625   9.823926
-0.4163086  -0.153125   9.876562
-0.459375  -0.1291992   9.847852
-0.3828125  -0.08613281   9.8
-0.4402344  -0.1626953   9.929199
-0.4354492  -0.1100586   9.795215
-0.3732422  -0.153125   9.900488
-0.4354492  -0.153125   9.823926
-0.4067383  -0.1244141   9.795215
-0.4306641  -0.1148437   9.857422
-0.4258789  -0.05263672   9.905273
-0.4450195  -0.1244141   9.780859
-0.3923828  -0.1866211   9.895703
-0.4545898  -0.153125   9.823926
-0.4019531  -0.1579102   9.8
-0.4163086  -0.1244141   9.823926
-0.4258789  -0.09570313   9.866992
-0.5024414  -0.1770508   9.924414
-0.3875977  -0.1674805   9.886133
-0.4210938  -0.1196289   9.871778
-0.4450195  -0.1100586   9.847852
-0.4737305  -0.1722656   9.895703
-0.4258789  -0.1244141   9.823926
-0.5120117  -0.1387695   9.957911
-0.3875977  -0.1626953   9.79043
-0.4306641  -0.09570313   9.910059
-0.4402344  -0.1483398   9.881348
-0.4354492  -0.1004883   9.919629
-0.4545898  -0.1866211   9.900488
-0.4450195  -0.09570313   9.804785
-0.3732422  -0.1004883   9.852636
-0.3828125  -0.08613281   9.847852
-0.4258789  -0.2009766   9.895703
-0.4785156  -0.1579102   9.828711
-0.4163086  -0.1291992   9.838282
-0.4067383  -0.1339844   9.838282
-0.4498047  -0.1291992   9.890918
-0.4258789  -0.1148437   9.866992
-0.368457  -0.1291992   9.962695
-0.4402344  -0.1387695   9.862207
-0.4163086  -0.07177734   9.929199
-0.4210938  -0.1435547   9.8
-0.3780273  -0.1244141   9.905273
-0.397168  -0.1674805   9.895703
-0.4641601  -0.1626953   9.814356
-0.397168  -0.1674805   9.862207
-0.4115234  -0.08134766   9.847852
-0.4306641  -0.1100586   9.905273
-0.4163086  -0.1244141   9.81914
-0.3732422  -0.1052734   9.776074
-0.4115234  -0.1339844   9.862207
-0.4163086  -0.1387695   9.81914
-0.4019531  -0.1196289   9.876562
-0.4354492  -0.08134766   9.847852
-0.4019531  -0.08134766   9.910059
-0.3875977  -0.1339844   9.804785
-0.4163086  -0.1339844   9.823926
-0.4210938  -0.1004883   9.728223
-0.4306641  -0.1148437   9.771289
-0.4737305  -0.1387695   9.728223
-0.4210938  -0.1196289   9.823926
-0.4689453  -0.1100586   9.81914
-0.4019531  -0.1196289   9.814356
-0.3923828  -0.2201172   9.795215
-0.3780273  -0.1004883   9.804785
-0.4354492  -0.09091797   9.814356
-0.4689453  -0.09570313   9.80957
-0.4833008  -0.1626953   9.857422
-0.4689453  -0.1100586   9.876562
-0.4641601  -0.1339844   9.857422
-0.4402344  -0.1435547   9.914844
-0.4354492  -0.1435547   9.785645
-0.4115234  -0.1483398   9.847852
-0.4210938  -0.1052734   9.838282
-0.397168  -0.09570313   9.919629
-0.3732422  -0.1196289   9.8
-0.4402344  -0.1004883   9.80957
-0.4306641  -0.1674805   9.804785
-0.4306641  -0.1291992   9.900488
-0.4354492  -0.08134766   9.852636
-0.4641601  -0.1148437   9.838282
-0.397168  -0.1052734   9.871778
-0.4306641  -0.1914063   9.804785
-0.459375  -0.1483398   9.881348
-0.4354492  -0.1291992   9.900488
-0.4258789  -0.153125   9.905273
-0.4450195  -0.09570313   9.910059
-0.4689453  -0.1004883   9.857422
-0.4019531  -0.1148437   9.890918
-0.4450195  -0.1435547   9.905273
-0.4450195  -0.1722656   9.881348
-0.4450195  -0.1052734   9.823926
-0.4880859  -0.1435547   9.804785
-0.4641601  -0.1100586   9.910059
-0.4258789  -0.1626953   9.866992
-0.3828125  -0.1387695   9.833496
-0.4545898  -0.1291992   9.933985
-0.397168  -0.1339844   9.890918
-0.397168  -0.1196289   9.890918
-0.4354492  -0.153125   9.852636
-0.4354492  -0.08613281   9.771289
-0.368457  -0.1674805   9.876562
-0.4737305  -0.1435547   9.900488
-0.4450195  -0.1196289   9.881348
-0.4115234  -0.1626953   9.80957
-0.4163086  -0.1818359   9.79043
-0.4306641  -0.1722656   9.852636
-0.4450195  -0.1196289   9.866992
-0.4545898  -0.1483398   9.924414
-0.4067383  -0.1626953   9.871778
-0.4210938  -0.1100586   9.828711
-0.459375  -0.07177734   9.852636
-0.4450195  -0.1004883   9.823926
-0.4258789  -0.08613281   9.8
-0.4737305  -0.1004883   9.80957
-0.3445312  -0.06220703   9.862207
-0.4402344  -0.1483398   9.752149
-0.4163086  -0.1148437   9.886133
-0.4306641  -0.1674805   9.886133
-0.4833008  -0.09570313   9.924414
-0.4067383  -0.0765625   9.924414
-0.4545898  -0.0765625   9.900488
-0.4785156  -0.1579102   9.929199
-0.368457  -0.1196289   9.857422
-0.4115234  -0.1196289   9.833496
-0.4545898  -0.1100586   9.833496
-0.459375  -0.1052734   9.847852
-0.4115234  -0.1866211   9.933985
-0.4306641  -0.1435547   9.871778
-0.4258789  -0.06699219   9.847852
-0.3875977  -0.1291992   9.838282
-0.4545898  -0.1339844   9.938769
-0.4210938  -0.1339844   9.833496
-0.4689453  -0.1435547   9.814356
-0.4306641  -0.1770508   9.756933
