-13.3856  6.7967   -28.96126
-13.99058  6.7967   -32.62006
-12.17564  7.3763   -30.42478
-11.26817  5.9273   -31.52242
-13.99058  6.2171   -31.15654
-13.3856  6.2171   -31.8883
-14.29307  7.0865   -31.52242
-12.17564  6.2171   -31.8883
-12.78062  6.2171   -31.15654
-13.3856  6.7967   -31.15654
-14.59556  7.3763   -31.15654
-12.78062  9.1151   -31.15654
-11.87315  6.5069   -32.98594
-13.99058  9.6947   -32.62006
-13.08311  7.6661   -32.25418
-13.68809  7.0865   -32.25418
-13.99058  5.6375   -33.35182
-13.99058  6.7967   -32.62006
-11.57066  7.3763   -31.15654
-13.3856  6.2171   -30.42478
-12.78062  9.1151   -35.5471
-14.89805  6.5069   -31.52242
-12.47813  7.0865   -32.25418
-12.47813  8.8253   -30.79066
-13.3856  6.7967   -34.08358
-13.99058  8.5355   -31.8883
-11.57066  9.1151   -32.62006
-13.08311  7.0865   -30.79066
-13.3856  6.7967   -32.62006
-12.47813  7.0865   -32.98594
-13.3856  8.5355   -33.35182
-13.08311  7.6661   -30.79066
-13.68809  8.2457   -30.79066
-13.08311  7.0865   -32.25418
-12.78062  6.7967   -31.8883
-14.29307  7.0865   -31.52242
-14.29307  8.8253   -32.25418
-11.87315  5.9273   -33.7177
-13.08311  7.0865   -32.25418
-13.99058  5.6375   -33.35182
-13.08311  7.0865   -31.52242
-13.3856  6.2171   -31.8883
-12.17564  7.3763   -31.8883
-12.47813  7.0865   -31.52242
-14.29307  7.0865   -32.98594
-15.80552  8.5355   -31.8883
-13.08311  8.2457   -32.98594
-13.99058  6.7967   -31.8883
-12.78062  7.3763   -32.62006
-13.08311  6.5069   -31.52242
-12.78062  7.9559   -32.62006
-14.29307  8.2457   -32.25418
-13.68809  7.0865   -31.52242
-12.78062  8.5355   -32.62006
-13.08311  7.0865   -32.98594
-13.3856  7.3763   -31.8883
-13.3856  7.9559   -32.62006
-13.99058  6.7967   -30.42478
-12.78062  6.7967   -32.62006
-13.3856  8.5355   -32.62006
-12.17564  7.9559   -33.35182
-13.08311  7.0865   -32.25418
-12.47813  7.6661   -32.98594
-12.78062  6.7967   -33.35182
-11.57066  7.9559   -31.8883
-12.78062  7.9559   -33.35182
-13.08311  8.8253   -32.98594
-13.99058  7.3763   -31.15654
-12.17564  7.9559   -31.15654
-13.08311  7.6661   -32.25418
-12.78062  6.7967   -33.35182
-13.68809  6.5069   -31.52242
-13.99058  6.7967   -31.8883
-13.3856  6.2171   -32.62006
-12.17564  7.9559   -31.8883
-12.47813  6.5069   -30.79066
-12.17564  7.9559   -31.15654
-12.17564  7.3763   -31.8883
-13.3856  7.3763   -32.62006
-13.08311  6.5069   -30.79066
-12.78062  6.7967   -32.62006
-13.68809  8.2457   -31.52242
-13.08311  7.6661   -31.52242
-12.47813  7.6661   -31.52242
-14.29307  6.5069   -31.52242
-12.17564  10.2743   -32.62006
-13.99058  6.2171   -32.62006
-13.3856  6.7967   -31.8883
-12.78062  7.3763   -32.62006
-13.68809  7.0865   -32.25418
-12.47813  8.8253   -31.52242
-13.3856  7.3763   -32.62006
-13.08311  8.2457   -32.98594
-12.78062  7.3763   -31.15654
-10.96568  7.3763   -31.15654
-13.08311  8.2457   -32.25418
-13.68809  6.5069   -31.52242
-13.68809  8.2457   -32.98594
-13.3856  8.5355   -32.62006
-12.17564  7.3763   -32.62006
-13.3856  8.5355   -33.35182
-13.3856  7.3763   -33.35182
-12.47813  7.0865   -33.7177
-13.08311  7.6661   -30.79066
-13.68809  6.5069   -32.98594
-11.87315  7.0865   -31.52242
-13.3856  6.7967   -34.08358
-11.57066  8.5355   -31.8883
-12.47813  7.0865   -32.25418
-12.47813  7.0865   -34.44946
-12.17564  7.3763   -31.8883
-14.89805  6.5069   -32.25418
-14.89805  6.5069   -32.98594
-12.17564  7.3763   -31.15654
-13.68809  7.0865   -32.25418
-14.59556  6.2171   -32.62006
-12.17564  7.3763   -32.62006
-13.08311  7.6661   -30.79066
-13.99058  8.5355   -31.15654
-13.68809  7.0865   -32.25418
-12.78062  7.3763   -31.8883
-13.08311  8.8253   -33.7177
-13.68809  6.5069   -32.25418
-14.29307  8.2457   -33.7177
-13.3856  7.9559   -32.62006
-13.99058  7.9559   -32.62006
-12.47813  9.4049   -32.25418
-12.78062  8.5355   -31.8883
-13.68809  5.9273   -32.98594
-13.3856  7.3763   -34.08358
-14.29307  7.6661   -30.79066
-13.3856  6.7967   -31.8883
-13.08311  7.0865   -30.79066
-14.59556  7.3763   -32.62006
-13.3856  7.9559   -30.42478
-12.78062  7.9559   -31.8883
-13.99058  7.9559   -34.08358
-12.78062  7.9559   -33.35182
-11.87315  5.9273   -32.98594
-11.87315  7.0865   -29.32714
-14.59556  6.7967   -33.35182
-13.3856  7.3763   -31.8883
-13.99058  7.3763   -32.62006
-14.59556  7.9559   -33.35182
-13.08311  7.0865   -32.98594
-14.29307  7.6661   -32.98594
-13.99058  7.9559   -33.35182
-13.68809  8.8253   -32.25418
-13.68809  7.6661   -32.98594
-12.78062  7.9559   -31.15654
-13.3856  7.3763   -31.8883
-13.68809  5.9273   -32.25418
-12.17564  7.9559   -34.08358
-13.3856  7.9559   -31.8883
-12.78062  6.7967   -34.08358
-13.3856  6.2171   -33.35182
-11.87315  7.6661   -32.25418
-12.17564  7.3763   -32.62006
-13.99058  6.7967   -32.62006
-13.99058  6.2171   -32.62006
-13.3856  7.9559   -33.35182
-13.3856  7.3763   -32.62006
-14.29307  7.6661   -33.7177
-14.29307  8.8253   -32.98594
-12.47813  7.0865   -33.7177
-13.3856  7.3763   -31.8883
-13.99058  6.7967   -32.62006
-13.08311  7.0865   -32.98594
-13.3856  7.3763   -32.62006
-12.17564  8.5355   -33.35182
-11.87315  6.5069   -32.98594
-14.29307  7.6661   -30.79066
-13.3856  7.3763   -34.08358
-13.3856  7.3763   -31.8883
-12.78062  7.9559   -30.42478
-13.08311  7.0865   -32.25418
-14.29307  7.6661   -32.98594
-13.3856  7.3763   -32.62006
-13.68809  6.5069   -30.79066
-12.78062  7.3763   -30.42478
-14.29307  7.6661   -31.52242
-13.08311  5.9273   -31.52242
-15.50303  7.6661   -32.25418
-13.68809  8.2457   -31.52242
-13.99058  7.3763   -32.62006
-12.47813  6.5069   -31.52242
-12.17564  9.1151   -32.62006
-14.29307  5.3477   -32.98594
-13.68809  7.0865   -32.25418
-13.3856  6.7967   -31.15654
-12.17564  7.3763   -31.8883
-12.17564  7.3763   -31.15654
-14.59556  7.9559   -31.8883
-12.47813  6.5069   -32.98594
-13.3856  7.3763   -32.62006
-13.99058  8.5355   -31.15654
-13.99058  7.9559   -31.8883
-13.3856  7.9559   -31.15654
-13.68809  7.0865   -32.25418
-13.08311  6.5069   -32.98594
-13.08311  7.0865   -30.79066
