-0.2296875  9.833496   -1.258496
-0.1914063  9.852636   -1.229785
-0.2727539  9.914844   -1.220215
-0.2583984  9.79043   -1.268066
-0.2583984  9.852636   -1.244141
-0.215332  9.828711   -1.210644
-0.2249023  9.900488   -1.354199
-0.244043  9.833496   -1.287207
-0.1435547  9.828711   -1.258496
-0.1961914  9.80957   -1.39248
-0.2344727  9.881348   -1.296777
-0.2201172  9.847852   -1.110156
-0.215332  9.857422   -1.277637
-0.2392578  9.847852   -1.220215
-0.153125  9.823926   -1.239355
-0.244043  9.852636   -1.229785
-0.1818359  9.857422   -1.268066
-0.2727539  9.852636   -1.220215
-0.1866211  9.876562   -1.225
-0.2392578  9.833496   -1.23457
-0.244043  9.828711   -1.138867
-0.1866211  9.795215   -1.253711
-0.244043  9.828711   -1.253711
-0.2249023  9.828711   -1.225
-0.2392578  9.804785   -1.153223
-0.2105469  9.847852   -1.229785
-0.2057617  9.900488   -1.301563
-0.2536133  9.823926   -1.325488
-0.2583984  9.852636   -1.287207
-0.2105469  9.843066   -1.21543
-0.1866211  9.881348   -1.143652
-0.1961914  9.833496   -1.148438
-0.2392578  9.871778   -1.205859
-0.1770508  9.852636   -1.201074
-0.1818359  9.862207   -1.301563
-0.1914063  9.804785   -1.239355
-0.2201172  9.857422   -1.172363
-0.2344727  9.910059   -1.095801
-0.2631836  9.823926   -1.220215
-0.1722656  9.862207   -1.205859
-0.244043  9.857422   -1.21543
-0.2296875  9.876562   -1.143652
-0.1914063  9.876562   -1.253711
-0.2249023  9.886133   -1.239355
-0.1626953  9.862207   -1.311133
-0.2201172  9.795215   -1.167578
-0.2249023  9.852636   -1.330273
-0.2201172  9.828711   -1.248926
-0.2105469  9.852636   -1.244141
-0.215332  9.804785   -1.129297
-0.2536133  9.857422   -1.23457
-0.2296875  9.871778   -1.23457
-0.2583984  9.81914   -1.23457
-0.2392578  9.838282   -1.205859
-0.2009766  9.895703   -1.229785
-0.2679687  9.881348   -1.258496
-0.2583984  9.857422   -1.225
-0.2057617  9.871778   -1.153223
-0.2344727  9.852636   -1.148438
-0.2105469  9.804785   -1.129297
-0.153125  9.761719   -1.210644
-0.2536133  9.828711   -1.162793
-0.244043  9.862207   -1.210644
-0.1961914  9.847852   -1.239355
-0.244043  9.823926   -1.21543
-0.215332  9.886133   -1.186719
-0.2057617  9.866992   -1.239355
-0.2344727  9.804785   -1.177148
-0.244043  9.80957   -1.205859
-0.2201172  9.833496   -1.239355
-0.1818359  9.847852   -1.134082
-0.2488281  9.838282   -1.138867
-0.2057617  9.871778   -1.23457
-0.2392578  9.828711   -1.167578
-0.2105469  9.833496   -1.229785
-0.1674805  9.823926   -1.162793
-0.2679687  9.766504   -1.153223
-0.215332  9.838282   -1.239355
-0.2679687  9.871778   -1.205859
-0.2296875  9.881348   -1.143652
-0.215332  9.852636   -1.153223
-0.2249023  9.871778   -1.225
-0.2631836  9.866992   -1.287207
-0.244043  9.866992   -1.210644
-0.1674805  9.847852   -1.244141
-0.2105469  9.8   -1.205859
-0.1961914  9.886133   -1.277637
-0.2344727  9.866992   -1.186719
-0.2344727  9.929199   -1.158008
-0.2249023  9.866992   -1.196289
-0.2631836  9.823926   -1.263281
-0.215332  9.823926   -1.239355
-0.2296875  9.843066   -1.191504
-0.2775391  9.862207   -1.167578
-0.2249023  9.814356   -1.177148
-0.1914063  9.847852   -1.143652
-0.2488281  9.823926   -1.229785
-0.1722656  9.871778   -1.196289
-0.2057617  9.862207   -1.191504
-0.2727539  9.866992   -1.225
-0.2009766  9.876562   -1.191504
-0.2105469  9.814356   -1.258496
-0.2344727  9.847852   -1.201074
-0.2249023  9.828711   -1.268066
-0.2536133  9.80957   -1.282422
-0.2057617  9.838282   -1.186719
-0.2296875  9.886133   -1.129297
-0.1961914  9.81914   -1.23457
-0.1914063  9.776074   -1.220215
-0.1770508  9.862207   -1.119727
-0.2488281  9.823926   -1.043164
-0.1770508  9.843066   -1.162793
-0.2344727  9.862207   -1.229785
-0.2105469  9.847852   -1.229785
-0.2057617  9.80957   -1.258496
-0.2631836  9.847852   -1.220215
-0.2536133  9.833496   -1.172363
-0.2344727  9.900488   -1.158008
-0.1674805  9.857422   -1.162793
-0.2344727  9.80957   -1.229785
-0.1961914  9.8   -1.287207
-0.215332  9.80957   -1.105371
-0.2057617  9.80957   -1.110156
-0.2249023  9.857422   -1.220215
-0.1866211  9.847852   -1.129297
-0.2679687  9.814356   -1.158008
-0.1674805  9.81914   -1.158008
-0.2488281  9.905273   -1.186719
-0.2344727  9.80957   -1.162793
-0.1626953  9.862207   -1.153223
-0.2249023  9.881348   -1.287207
-0.2105469  9.871778   -1.244141
-0.2583984  9.838282   -1.162793
-0.1674805  9.80957   -1.181934
-0.1914063  9.814356   -1.258496
-0.1961914  9.814356   -1.248926
-0.2296875  9.890918   -1.23457
-0.215332  9.847852   -1.21543
-0.2249023  9.838282   -1.138867
-0.215332  9.876562   -1.196289
-0.2679687  9.847852   -1.181934
-0.244043  9.80957   -1.220215
-0.2488281  9.905273   -1.196289
-0.2631836  9.890918   -1.248926
-0.215332  9.833496   -1.253711
-0.1866211  9.847852   -1.143652
-0.2392578  9.895703   -1.239355
-0.2536133  9.857422   -1.162793
-0.2057617  9.80957   -1.229785
-0.2488281  9.876562   -1.153223
-0.2392578  9.866992   -1.177148
-0.2009766  9.857422   -1.23457
-0.1722656  9.876562   -1.205859
-0.2488281  9.776074   -1.220215
-0.2249023  9.886133   -1.201074
-0.2201172  9.838282   -1.248926
-0.1339844  9.804785   -1.277637
-0.2201172  9.795215   -1.306348
-0.1674805  9.847852   -1.167578
-0.2966797  9.804785   -1.205859
-0.2392578  9.81914   -1.177148
-0.2392578  9.876562   -1.172363
-0.1579102  9.900488   -1.186719
-0.2392578  9.862207   -1.186719
-0.2057617  9.852636   -1.248926
-0.1818359  9.8   -1.172363
-0.2679687  9.900488   -1.186719
-0.2583984  9.857422   -1.186719
-0.2057617  9.843066   -1.138867
-0.2583984  9.79043   -1.268066
-0.1866211  9.852636   -1.263281
-0.1579102  9.862207   -1.220215
-0.2871094  9.852636   -1.220215
-0.2249023  9.895703   -1.191504
-0.244043  9.852636   -1.229785
-0.2727539  9.862207   -1.196289
-0.1674805  9.847852   -1.167578
-0.2536133  9.766504   -1.196289
-0.2296875  9.881348   -1.244141
-0.1674805  9.895703   -1.186719
-0.2344727  9.80957   -1.186719
-0.2488281  9.80957   -1.220215
-0.1626953  9.838282   -1.177148
-0.244043  9.843066   -1.23457
-0.2009766  9.929199   -1.220215
-0.2631836  9.852636   -1.225
-0.2201172  9.886133   -1.191504
-0.2105469  9.852636   -1.196289
-0.244043  9.80957   -1.220215
-0.2488281  9.823926   -1.220215
-0.2105469  9.838282   -1.205859
-0.215332  9.876562   -1.196289
-0.2392578  9.876562   -1.07666
-0.2201172  9.833496   -1.124512
-0.215332  9.80957   -1.258496
-0.2009766  9.833496   -1.239355
-0.244043  9.8   -1.282422
-0.215332  9.838282   -1.23457
-0.2344727  9.900488   -1.23457
-0.244043  9.857422   -1.177148
-0.1818359  9.795215   -1.162793
-0.1770508  9.862207   -1.167578
-0.2057617  9.795215   -1.263281
-0.1818359  9.876562   -1.162793
-0.2727539  9.862207   -1.301563
-0.2344727  9.776074   -1.196289
-0.2536133  9.833496   -1.320703
-0.215332  9.905273   -1.158008
-0.2201172  9.866992   -1.191504
-0.2201172  9.852636   -1.229785
-0.2679687  9.843066   -1.158008
-0.244043  9.857422   -1.186719
-0.2344727  9.771289   -1.263281
-0.2296875  9.866992   -1.229785
-0.1770508  9.847852   -1.196289
-0.244043  9.924414   -1.21543
-0.2679687  9.890918   -1.172363
-0.2344727  9.804785   -1.282422
-0.1674805  9.80957   -1.23457
-0.2201172  9.81914   -1.201074
-0.2488281  9.857422   -1.263281
-0.244043  9.871778   -1.296777
-0.215332  9.843066   -1.205859
-0.1866211  9.838282   -1.196289
-0.1674805  9.862207   -1.172363
-0.2009766  9.81914   -1.291992
-0.2488281  9.828711   -1.196289
-0.2823242  9.814356   -1.205859
-0.2201172  9.871778   -1.110156
-0.1914063  9.857422   -1.177148
-0.2392578  9.814356   -1.210644
-0.2488281  9.823926   -1.23457
-0.1626953  9.857422   -1.320703
-0.1818359  9.847852   -1.244141
-0.2344727  9.852636   -1.220215
-0.215332  9.857422   -1.272852
-0.2201172  9.833496   -1.191504
-0.1674805  9.780859   -1.196289
-0.2057617  9.847852   -1.143652
-0.2057617  9.914844   -1.119727
-0.2392578  9.857422   -1.196289
-0.244043  9.814356   -1.248926
-0.1866211  9.785645   -1.225
-0.215332  9.866992   -1.181934
-0.2488281  9.843066   -1.248926
-0.2201172  9.823926   -1.244141
-0.244043  9.857422   -1.210644
-0.2344727  9.838282   -1.220215
-0.2536133  9.900488   -1.181934
-0.2344727  9.81914   -1.177148
-0.2344727  9.857422   -1.181934
-0.1722656  9.866992   -1.172363
-0.2201172  9.814356   -1.277637
-0.2105469  9.866992   -1.129297
-0.2057617  9.876562   -1.081445
-0.2201172  9.838282   -1.186719
-0.2344727  9.862207   -1.229785
-0.1866211  9.876562   -1.210644
-0.2536133  9.795215   -1.205859
-0.2249023  9.905273   -1.205859
-0.1961914  9.871778   -1.248926
-0.244043  9.823926   -1.239355
-0.1914063  9.852636   -1.225
-0.2679687  9.823926   -1.291992
-0.2344727  9.895703   -1.258496
-0.2583984  9.814356   -1.105371
-0.1866211  9.766504   -1.181934
-0.215332  9.852636   -1.119727
-0.215332  9.881348   -1.172363
-0.1722656  9.852636   -1.091016
-0.2201172  9.804785   -1.248926
-0.1866211  9.895703   -1.119727
-0.2249023  9.890918   -1.148438
-0.2679687  9.776074   -1.277637
-0.1579102  9.804785   -1.296777
-0.2249023  9.871778   -1.181934
-0.2727539  9.871778   -1.191504
-0.2631836  9.876562   -1.210644
-0.1961914  9.847852   -1.177148
-0.2583984  9.847852   -1.177148
-0.1961914  9.847852   -1.248926
-0.2009766  9.890918   -1.210644
-0.2344727  9.866992   -1.162793
-0.1818359  9.881348   -1.229785
-0.244043  9.857422   -1.153223
-0.2201172  9.823926   -1.158008
-0.2057617  9.814356   -1.191504
-0.2583984  9.847852   -1.196289
-0.2105469  9.847852   -1.263281
-0.2249023  9.876562   -1.229785
-0.2488281  9.900488   -1.191504
-0.1866211  9.833496   -1.158008
-0.244043  9.852636   -1.114941
-0.2105469  9.847852   -1.138867
-0.2249023  9.795215   -1.196289
-0.2296875  9.847852   -1.263281
-0.2679687  9.881348   -1.196289
-0.1866211  9.81914   -1.143652
-0.2105469  9.866992   -1.239355
-0.2201172  9.847852   -1.239355
-0.244043  9.919629   -1.086231
-0.2296875  9.857422   -1.158008
-0.2057617  9.871778   -1.119727
-0.2296875  9.871778   -1.134082
-0.244043  9.847852   -1.191504
-0.2344727  9.866992   -1.210644
-0.2296875  9.852636   -1.220215
-0.2679687  9.866992   -1.205859
-0.2105469  9.862207   -1.196289
-0.2249023  9.862207   -1.158008
-0.1961914  9.80957   -1.153223
-0.2057617  9.871778   -1.134082
-0.2488281  9.833496   -1.291992
-0.2057617  9.81914   -1.253711
-0.2009766  9.828711   -1.210644
-0.1770508  9.847852   -1.143652
-0.2488281  9.866992   -1.225
-0.2296875  9.876562   -1.287207
-0.2488281  9.795215   -1.21543
-0.2392578  9.814356   -1.23457
-0.2488281  9.843066   -1.23457
-0.2488281  9.847852   -1.239355
-0.1818359  9.8   -1.062305
-0.215332  9.876562   -1.277637
-0.2871094  9.886133   -1.263281
-0.2057617  9.814356   -1.229785
-0.2105469  9.852636   -1.201074
-0.2296875  9.890918   -1.181934
-0.2488281  9.881348   -1.028809
-0.215332  9.862207   -1.23457
-0.1961914  9.795215   -1.21543
-0.2296875  9.81914   -1.210644
-0.2344727  9.823926   -1.177148
-0.2344727  9.871778   -1.220215
-0.215332  9.828711   -1.239355
-0.1722656  9.8   -1.358984
-0.2296875  9.814356   -1.268066
-0.2057617  9.843066   -1.186719
-0.2344727  9.80957   -1.124512
-0.2296875  9.843066   -1.205859
-0.2201172  9.890918   -1.263281
-0.2201172  9.833496   -1.124512
-0.2249023  9.80957   -1.263281
-0.2296875  9.843066   -1.124512
-0.2871094  9.886133   -1.210644
-0.1961914  9.886133   -1.225
-0.1914063  9.876562   -1.162793
-0.2392578  9.828711   -1.167578
-0.2201172  9.785645   -1.196289
-0.2296875  9.823926   -1.196289
-0.2057617  9.857422   -1.186719
-0.2344727  9.866992   -1.134082
-0.215332  9.876562   -1.119727
-0.2536133  9.8   -1.186719
-0.1818359  9.833496   -1.181934
-0.2009766  9.890918   -1.201074
-0.1866211  9.866992   -1.138867
-0.2392578  9.900488   -1.210644
-0.2296875  9.862207   -1.114941
-0.2249023  9.862207   -1.201074
-0.1722656  9.81914   -1.210644
-0.2679687  9.866992   -1.167578
-0.1674805  9.905273   -1.258496
-0.2296875  9.852636   -1.153223
-0.2249023  9.8   -1.091016
-0.2488281  9.785645   -1.23457
-0.1914063  9.814356   -1.124512
-0.2583984  9.862207   -1.21543
-0.2488281  9.871778   -1.177148
-0.2583984  9.895703   -1.177148
-0.2105469  9.833496   -1.191504
-0.215332  9.852636   -1.186719
-0.2249023  9.843066   -1.21543
-0.1818359  9.881348   -1.229785
-0.2249023  9.876562   -1.196289
-0.2057617  9.795215   -1.201074
-0.2536133  9.823926   -1.220215
-0.1770508  9.866992   -1.172363
-0.2392578  9.828711   -1.100586
-0.2536133  9.852636   -1.172363
-0.1914063  9.862207   -1.181934
-0.2296875  9.843066   -1.239355
-0.1914063  9.780859   -1.110156
-0.2679687  9.804785   -1.205859
-0.2009766  9.881348   -1.291992
-0.1722656  9.804785   -1.330273
-0.2488281  9.895703   -1.181934
-0.2105469  9.847852   -1.110156
-0.1914063  9.8   -1.158008
-0.2249023  9.886133   -1.167578
-0.1483398  9.843066   -1.100586
-0.244043  9.843066   -1.153223
-0.2201172  9.890918   -1.258496
-0.2536133  9.866992   -1.258496
-0.2392578  9.814356   -1.129297
-0.2488281  9.804785   -1.114941
-0.2536133  9.776074   -1.129297
-0.215332  9.862207   -1.143652
-0.2727539  9.910059   -1.205859
-0.2296875  9.8   -1.248926
-0.2009766  9.81914   -1.201074
-0.2583984  9.776074   -1.105371
-0.2871094  9.847852   -1.134082
-0.2249023  9.862207   -1.21543
-0.1961914  9.814356   -1.205859
-0.2536133  9.914844   -1.258496
-0.1961914  9.833496   -1.210644
-0.2488281  9.886133   -1.167578
-0.215332  9.866992   -1.201074
-0.2631836  9.862207   -1.153223
-0.2488281  9.929199   -1.186719
-0.2631836  9.862207   -1.225
-0.2105469  9.823926   -1.158008
-0.2105469  9.881348   -1.129297
-0.2249023  9.852636   -1.153223
-0.2249023  9.862207   -1.071875
-0.2392578  9.866992   -1.181934
-0.2201172  9.847852   -1.210644
-0.2344727  9.857422   -1.191504
-0.2871094  9.833496   -1.253711
-0.2009766  9.890918   -1.263281
-0.2201172  9.881348   -1.119727
-0.2105469  9.795215   -1.23457
-0.2536133  9.866992   -1.225
-0.2201172  9.828711   -1.244141
-0.2057617  9.838282   -1.148438
-0.2105469  9.862207   -1.201074
-0.2392578  9.833496   -1.229785
-0.2823242  9.804785   -1.201074
-0.3206055  9.847852   -1.100586
-0.244043  9.862207   -1.239355
-0.2296875  9.886133   -1.229785
-0.2344727  9.814356   -1.177148
-0.2536133  9.838282   -1.196289
-0.2009766  9.852636   -1.153223
-0.1961914  9.857422   -1.205859
-0.2488281  9.81914   -1.119727
-0.244043  9.81914   -1.177148
-0.2583984  9.823926   -1.205859
-0.2775391  9.866992   -1.177148
-0.1722656  9.814356   -1.225
-0.2105469  9.857422   -1.110156
-0.1866211  9.857422   -1.205859
-0.2105469  9.823926   -1.158008
-0.1770508  9.866992   -1.167578
-0.2201172  9.838282   -1.239355
-0.1818359  9.886133   -1.177148
-0.2009766  9.852636   -1.205859
-0.2249023  9.857422   -1.138867
-0.2249023  9.866992   -1.196289
-0.1339844  9.866992   -1.196289
-0.2488281  9.862207   -1.244141
-0.1866211  9.823926   -1.177148
-0.2583984  9.866992   -1.143652
-0.1818359  9.838282   -1.153223
-0.215332  9.862207   -1.177148
-0.2918945  9.80957   -1.244141
-0.2488281  9.81914   -1.143652
-0.2057617  9.852636   -1.225
-0.1914063  9.881348   -1.162793
-0.2488281  9.81914   -1.244141
-0.1866211  9.876562   -1.23457
-0.2583984  9.81914   -1.239355
-0.244043  9.795215   -1.205859
-0.2488281  9.876562   -1.205859
-0.215332  9.881348   -1.258496
-0.2344727  9.843066   -1.258496
-0.2009766  9.8   -1.167578
-0.1722656  9.895703   -1.105371
-0.1866211  9.838282   -1.205859
-0.215332  9.852636   -1.196289
-0.1961914  9.857422   -1.148438
-0.2679687  9.866992   -1.282422
-0.2775391  9.871778   -1.091016
-0.2009766  9.804785   -1.167578
-0.2679687  9.876562   -1.220215
-0.2392578  9.881348   -1.23457
-0.2392578  9.862207   -1.172363
-0.1914063  9.871778   -1.277637
-0.2296875  9.79043   -1.191504
-0.2296875  9.828711   -1.253711
-0.1961914  9.876562   -1.138867
-0.2201172  9.857422   -1.186719
-0.2488281  9.843066   -1.23457
-0.2344727  9.828711   -1.124512
-0.1961914  9.886133   -1.253711
-0.2249023  9.814356   -1.23457
-0.2344727  9.833496   -1.114941
-0.2871094  9.823926   -1.201074
-0.2201172  9.857422   -1.253711
-0.2727539  9.900488   -1.177148
-0.1818359  9.847852   -1.201074
-0.1914063  9.890918   -1.114941
-0.2727539  9.833496   -1.272852
-0.2344727  9.81914   -1.177148
-0.244043  9.81914   -1.143652
-0.1818359  9.857422   -1.177148
-0.2392578  9.828711   -1.258496
-0.2488281  9.833496   -1.248926
-0.2009766  9.843066   -1.162793
-0.1914063  9.823926   -1.205859
-0.1722656  9.948339   -1.253711
-0.1914063  9.881348   -1.253711
-0.2344727  9.833496   -1.191504
-0.2009766  9.8   -1.239355
-0.1722656  9.866992   -1.229785
-0.2249023  9.780859   -1.220215
-0.2296875  9.814356   -1.201074
-0.2344727  9.881348   -1.225
-0.2105469  9.871778   -1.158008
-0.1435547  9.804785   -1.181934
-0.2775391  9.81914   -1.114941
-0.2105469  9.843066   -1.153223
-0.215332  9.843066   -1.186719
-0.2344727  9.857422   -1.143652
-0.2583984  9.81914   -1.177148
-0.244043  9.780859   -1.167578
-0.1626953  9.866992   -1.105371
-0.2392578  9.843066   -1.201074
-0.2296875  9.857422   -1.210644
-0.2727539  9.847852   -1.134082
-0.2201172  9.847852   -1.229785
-0.2057617  9.910059   -1.225
-0.2583984  9.862207   -1.167578
-0.2344727  9.843066   -1.196289
-0.2966797  9.871778   -1.239355
-0.2009766  9.876562   -1.21543
-0.2201172  9.886133   -1.158008
-0.2201172  9.857422   -1.181934
-0.1818359  9.876562   -1.124512
-0.2583984  9.852636   -1.282422
-0.2296875  9.890918   -1.129297
-0.2201172  9.785645   -1.124512
-0.215332  9.862207   -1.191504
-0.2344727  9.804785   -1.23457
-0.2775391  9.823926   -1.181934
-0.2249023  9.900488   -1.205859
-0.215332  9.914844   -1.143652
-0.2775391  9.81914   -1.244141
-0.1961914  9.852636   -1.205859
-0.2201172  9.81914   -1.205859
-0.215332  9.838282   -1.21543
-0.2392578  9.866992   -1.134082
-0.2296875  9.833496   -1.153223
-0.2679687  9.886133   -1.248926
-0.2057617  9.857422   -1.177148
-0.1626953  9.895703   -1.033594
-0.2536133  9.838282   -1.196289
-0.1914063  9.838282   -1.167578
-0.1914063  9.881348   -1.244141
-0.2296875  9.81914   -1.23457
-0.2631836  9.929199   -1.229785
-0.2057617  9.814356   -1.205859
-0.2296875  9.838282   -1.167578
-0.2631836  9.905273   -1.229785
-0.1674805  9.795215   -1.114941
-0.153125  9.852636   -1.263281
-0.2392578  9.857422   -1.134082
-0.2344727  9.929199   -1.258496
-0.215332  9.871778   -1.167578
-0.2057617  9.852636   -1.181934
-0.2009766  9.838282   -1.282422
-0.1914063  9.838282   -1.153223
-0.2727539  9.81914   -1.124512
-0.2201172  9.780859   -1.23457
-0.2201172  9.823926   -1.239355
-0.2392578  9.871778   -1.134082
-0.2871094  9.833496   -1.354199
-0.1770508  9.80957   -1.248926
-0.2009766  9.881348   -1.162793
-0.2057617  9.895703   -1.220215
-0.2057617  9.81914   -1.196289
-0.2057617  9.828711   -1.177148
-0.2392578  9.80957   -1.196289
-0.2201172  9.924414   -1.196289
-0.1961914  9.843066   -1.239355
-0.2727539  9.804785   -1.158008
-0.2249023  9.776074   -1.119727
-0.2392578  9.919629   -1.229785
-0.2201172  9.852636   -1.220215
-0.215332  9.866992   -1.167578
-0.2249023  9.890918   -1.177148
-0.2057617  9.828711   -1.186719
-0.2296875  9.852636   -1.143652
-0.1483398  9.8   -1.177148
-0.2009766  9.876562   -1.162793
-0.2344727  9.847852   -1.167578
-0.2536133  9.843066   -1.196289
-0.2105469  9.823926   -1.191504
-0.2296875  9.79043   -1.07666
-0.2009766  9.857422   -1.110156
-0.2344727  9.823926   -1.196289
-0.2536133  9.838282   -1.138867
-0.2344727  9.857422   -1.225
-0.1674805  9.866992   -1.124512
-0.2344727  9.828711   -1.177148
-0.2679687  9.919629   -1.095801
-0.2631836  9.933985   -1.158008
-0.2392578  9.823926   -1.205859
-0.1626953  9.80957   -1.210644
-0.2201172  9.857422   -1.177148
-0.2009766  9.852636   -1.244141
-0.244043  9.852636   -1.153223
-0.2344727  9.881348   -1.201074
-0.2727539  9.838282   -1.23457
-0.2296875  9.881348   -1.291992
-0.2009766  9.80957   -1.148438
-0.2009766  9.833496   -1.167578
-0.1914063  9.847852   -1.143652
-0.2488281  9.81914   -1.148438
-0.2583984  9.843066   -1.114941
-0.2296875  9.881348   -1.114941
-0.2536133  9.79043   -1.220215
-0.2392578  9.852636   -1.138867
-0.244043  9.81914   -1.210644
-0.2775391  9.843066   -1.210644
-0.2057617  9.871778   -1.210644
-0.2679687  9.886133   -1.196289
-0.2201172  9.862207   -1.287207
-0.2249023  9.795215   -1.114941
-0.1961914  9.828711   -1.162793
-0.215332  9.852636   -1.191504
-0.1866211  9.871778   -1.177148
-0.2536133  9.905273   -1.153223
-0.1866211  9.828711   -1.229785
-0.244043  9.847852   -1.153223
-0.215332  9.838282   -1.129297
-0.215332  9.910059   -1.263281
-0.2201172  9.843066   -1.100586
-0.2201172  9.895703   -1.201074
-0.1818359  9.81914   -1.07666
-0.244043  9.833496   -1.095801
-0.2631836  9.852636   -1.143652
-0.2679687  9.857422   -1.291992
-0.2249023  9.871778   -1.205859
-0.2536133  9.914844   -1.129297
-0.215332  9.833496   -1.129297
-0.1914063  9.80957   -1.196289
-0.1961914  9.871778   -1.177148
-0.2105469  9.833496   -1.153223
-0.2105469  9.823926   -1.258496
-0.1770508  9.804785   -1.143652
-0.2249023  9.900488   -1.268066
-0.1722656  9.833496   -1.138867
-0.1770508  9.823926   -1.220215
-0.1626953  9.823926   -1.263281
-0.1914063  9.862207   -1.162793
-0.244043  9.81914   -1.181934
-0.2296875  9.871778   -1.158008
-0.1387695  9.838282   -1.191504
-0.2105469  9.881348   -1.291992
-0.2057617  9.852636   -1.229785
-0.244043  9.876562   -1.119727
-0.1914063  9.81914   -1.191504
-0.215332  9.871778   -1.129297
-0.2105469  9.852636   -1.134082
-0.1866211  9.862207   -1.191504
-0.2392578  9.795215   -1.282422
-0.244043  9.771289   -1.248926
-0.215332  9.881348   -1.229785
-0.1674805  9.857422   -1.105371
-0.1818359  9.843066   -1.153223
-0.2105469  9.876562   -1.158008
-0.2536133  9.910059   -1.201074
-0.2727539  9.866992   -1.177148
-0.1961914  9.780859   -1.220215
-0.2105469  9.890918   -1.196289
-0.2296875  9.828711   -1.225
-0.2679687  9.852636   -1.124512
-0.1961914  9.795215   -1.263281
-0.1914063  9.833496   -1.186719
-0.2105469  9.881348   -1.110156
-0.2009766  9.876562   -1.05752
-0.2105469  9.81914   -1.167578
-0.215332  9.924414   -1.181934
-0.2344727  9.881348   -1.244141
-0.2249023  9.933985   -1.253711
-0.1818359  9.814356   -1.158008
-0.2392578  9.933985   -1.162793
-0.2488281  9.852636   -1.162793
-0.1961914  9.962695   -1.086231
-0.2296875  9.871778   -1.110156
-0.2823242  9.694727   -1.081445
-0.2105469  9.670801   -1.162793
-0.1914063  9.785645   -1.277637
-0.2009766  9.919629   -1.191504
-0.3301758  10.07754   -1.253711
-0.1818359  10.00098   -1.282422
-0.215332  9.866992   -1.158008
-0.2583984  9.752149   -1.091016
-0.1961914  9.689941   -1.186719
-0.1483398  9.8   -1.248926
-0.1961914  9.953125   -1.311133
-0.2488281  9.943555   -1.277637
-0.2488281  9.847852   -1.124512
-0.215332  9.857422   -1.177148
-0.1866211  9.919629   -1.268066
-0.2201172  9.895703   -1.153223
-0.1914063  9.838282   -1.244141
-0.2249023  9.766504   -1.129297
-0.2009766  9.776074   -1.134082
-0.2344727  9.8   -1.186719
-0.1914063  9.919629   -1.177148
-0.2249023  9.905273   -1.210644
-0.215332  9.895703   -1.129297
-0.2392578  9.81914   -1.047949
-0.2296875  9.814356   -1.134082
-0.1674805  9.761719   -1.196289
-0.2536133  9.876562   -1.306348
-0.1961914  9.828711   -1.21543
-0.1722656  9.838282   -1.186719
-0.215332  9.862207   -1.229785
-0.2296875  9.828711   -1.095801
-0.2249023  9.866992   -1.205859
-0.2201172  9.895703   -1.172363
-0.2392578  9.866992   -1.196289
-0.1674805  9.823926   -1.210644
-0.2249023  9.79043   -1.225
-0.2249023  9.728223   -1.210644
-0.1961914  9.804785   -1.253711
-0.2057617  9.943555   -1.186719
-0.2105469  9.795215   -1.172363
-0.2296875  9.814356   -1.181934
-0.2536133  9.843066   -1.153223
-0.2105469  9.833496   -1.091016
-0.2249023  9.871778   -1.167578
-0.2344727  9.804785   -1.225
-0.2344727  9.833496   -1.201074
-0.244043  9.847852   -1.220215
-0.2536133  9.847852   -1.162793
-0.1626953  9.852636   -1.177148
-0.2249023  9.929199   -1.210644
-0.2392578  9.847852   -1.258496
-0.2201172  9.838282   -1.268066
-0.2105469  9.847852   -1.186719
-0.1483398  9.833496   -1.258496
-0.2105469  9.823926   -1.205859
-0.2009766  9.862207   -1.21543
-0.2918945  9.871778   -1.282422
-0.2105469  9.862207   -1.296777
-0.215332  9.81914   -1.291992
-0.1770508  9.81914   -1.105371
-0.2488281  9.838282   -1.081445
-0.2392578  9.80957   -1.248926
-0.2631836  9.886133   -1.186719
-0.2249023  9.823926   -1.158008
-0.2536133  9.828711   -1.172363
-0.2057617  9.866992   -1.167578
-0.2536133  9.876562   -1.134082
-0.2057617  9.847852   -1.225
-0.2727539  9.80957   -1.201074
-0.244043  9.876562   -1.220215
-0.1818359  9.857422   -1.263281
-0.2392578  9.857422   -1.205859
-0.2201172  9.852636   -1.086231
-0.2201172  9.857422   -1.095801
-0.2249023  9.871778   -1.162793
-0.2631836  9.871778   -1.205859
-0.2631836  9.857422   -1.201074
-0.2344727  9.857422   -1.186719
-0.1579102  9.80957   -1.229785
-0.1914063  9.847852   -1.167578
-0.2392578  9.838282   -1.138867
-0.2392578  9.895703   -1.114941
-0.1674805  9.857422   -1.081445
-0.2105469  9.8   -1.282422
-0.1961914  9.776074   -1.225
-0.1914063  9.905273   -1.134082
-0.2679687  9.857422   -1.143652
-0.2105469  9.852636   -1.229785
-0.2536133  9.823926   -1.177148
-0.215332  9.890918   -1.205859
-0.1866211  9.857422   -1.277637
-0.2488281  9.857422   -1.201074
-0.2392578  9.876562   -1.196289
-0.215332  9.828711   -1.196289
-0.2296875  9.881348   -1.239355
-0.2105469  9.881348   -1.186719
-0.2727539  9.857422   -1.181934
-0.2009766  9.833496   -1.143652
-0.2536133  9.838282   -1.239355
-0.2392578  9.828711   -1.205859
-0.244043  9.80957   -1.21543
-0.2057617  9.862207   -1.196289
-0.2631836  9.871778   -1.201074
-0.2201172  9.766504   -1.167578
-0.215332  9.843066   -1.019238
-0.2057617  9.914844   -1.172363
-0.215332  9.948339   -1.220215
-0.2536133  10.00098   -1.248926
-0.2631836  9.929199   -1.158008
-0.1770508  9.852636   -1.105371
-0.215332  9.828711   -1.148438
-0.2583984  9.776074   -1.124512
-0.1961914  9.862207   -1.263281
-0.215332  9.905273   -1.311133
-0.1579102  9.862207   -1.244141
-0.2201172  9.795215   -1.205859
-0.2296875  9.833496   -1.258496
-0.215332  9.910059   -1.263281
-0.2296875  9.900488   -1.153223
-0.244043  9.866992   -1.296777
-0.1914063  9.843066   -1.282422
-0.244043  9.80957   -1.210644
-0.1866211  9.838282   -1.181934
-0.2918945  9.886133   -1.119727
-0.2344727  9.871778   -1.162793
-0.2009766  9.910059   -1.196289
-0.2105469  9.886133   -1.220215
-0.2296875  9.852636   -1.06709
-0.2583984  9.881348   -1.129297
-0.2201172  9.871778   -1.172363
-0.1961914  9.871778   -1.210644
-0.2105469  9.871778   -1.196289
-0.2105469  9.843066   -1.225
-0.215332  9.776074   -1.100586
-0.2201172  9.847852   -1.138867
-0.2344727  9.938769   -1.186719
-0.2775391  9.823926   -1.177148
-0.2392578  9.895703   -1.196289
-0.244043  9.81914   -1.181934
-0.2201172  9.866992   -1.23457
-0.244043  9.847852   -1.196289
-0.2296875  9.866992   -1.153223
-0.3158203  9.862207   -1.21543
-0.215332  9.81914   -1.253711
-0.2488281  9.81914   -1.167578
-0.1866211  9.862207   -1.134082
-0.1914063  9.895703   -1.196289
-0.244043  9.833496   -1.153223
-0.2105469  9.876562   -1.114941
-0.244043  9.977051   -1.148438
-0.1722656  9.890918   -1.119727
-0.1961914  9.852636   -1.153223
-0.2536133  9.804785   -1.186719
-0.215332  9.8   -1.134082
-0.1914063  9.862207   -1.387695
-0.08134766  10.1876   -0.7512695
-0.1770508  10.12539   -0.7847656
-0.2871094  9.910059   -1.153223
