-1.341463  0.1829268   -0.9146342
-1.280488  -0.1219512   -1.036585
-0.9756098  -0.06097561   -1.219512
-0.9146342  0.1219512   -1.097561
-0.7926829  0.06097561   -1.036585
-0.7317073  -0.06097561   -0.7926829
-0.7317073  0   -0.9756098
-0.6707317  0   -1.158537
-0.9756098  -0.06097561   -1.097561
-1.036585  0   -0.7317073
-1.036585  0.1219512   -0.9146342
-0.9146342  0.06097561   -0.8536586
-0.7926829  0.06097561   -1.036585
-0.8536586  0.06097561   -0.9146342
-0.6707317  -0.1219512   -1.097561
-1.097561  -0.06097561   -0.7926829
-1.463415  0.1219512   -1.036585
-1.036585  0   -0.8536586
-1.158537  0.06097561   -1.097561
-0.6707317  0   -1.097561
-0.7926829  0.1219512   -1.036585
-0.7926829  0.1219512   -0.9146342
-1.097561  -0.1219512   -0.9756098
-1.036585  0   -0.8536586
-1.158537  -0.1219512   -0.9146342
-1.036585  0   -0.9756098
-0.9146342  -0.1829268   -0.9146342
-0.7926829  0   -1.097561
-0.9146342  -0.06097561   -1.097561
-1.158537  0   -1.158537
-1.097561  -0.1219512   -0.9756098
-0.9756098  0   -0.9146342
-0.9146342  0.06097561   -1.036585
-1.097561  -0.06097561   -0.7317073
-1.036585  -0.1219512   -0.9756098
-0.9146342  -0.06097561   -1.036585
-1.158537  0   -1.036585
-0.9756098  0.1219512   -0.9146342
-1.036585  0.06097561   -0.9756098
-0.7926829  -0.1219512   -0.9756098
-0.9756098  0   -1.097561
-0.9146342  0.06097561   -0.9756098
-1.158537  0.1829268   -0.9756098
-0.8536586  -0.1829268   -0.9146342
-1.036585  0.06097561   -0.7926829
-0.8536586  0.2439024   -0.9756098
-0.8536586  0   -1.036585
-0.9756098  0.1219512   -1.158537
-1.036585  0   -1.219512
-1.036585  -0.06097561   -1.036585
-1.158537  0.06097561   -0.9146342
-0.9756098  0.06097561   -1.036585
-0.9756098  0.1829268   -0.9756098
-0.8536586  0.1219512   -0.9146342
-0.9146342  0.1219512   -1.036585
-1.097561  -0.06097561   -0.9756098
-0.9756098  0   -0.9146342
-1.097561  -0.1219512   -1.036585
-0.7926829  0.1219512   -0.7926829
-1.097561  0.1219512   -0.9756098
-0.9146342  0.1829268   -0.8536586
-1.036585  0.2439024   -0.8536586
-0.9146342  -0.1219512   -0.9146342
-0.8536586  0.06097561   -1.097561
-1.158537  -0.1219512   -1.097561
-0.9146342  0.1219512   -1.097561
-0.9146342  -0.06097561   -0.9146342
-0.8536586  -0.06097561   -0.9756098
-0.7317073  0.06097561   -1.158537
-1.036585  0   -0.9146342
-1.036585  -0.1829268   -0.9756098
-0.8536586  -0.06097561   -0.9146342
-0.9756098  0.1219512   -1.097561
-0.7926829  0.1219512   -0.9146342
-0.9756098  0.1829268   -0.9146342
-1.097561  0.06097561   -0.9146342
-0.9756098  -0.1219512   -0.9756098
-0.7926829  -0.06097561   -0.7926829
-0.9146342  0   -0.9756098
-0.7317073  0   -1.158537
-0.8536586  0.06097561   -0.9756098
-1.097561  -0.1219512   -0.9756098
-1.097561  0   -1.097561
-1.036585  -0.06097561   -1.158537
-1.036585  0.1219512   -1.158537
-0.7926829  0   -0.9756098
-0.7926829  0   -1.036585
-0.9756098  -0.06097561   -0.8536586
-1.158537  0.1219512   -1.036585
-1.036585  0   -0.9756098
-1.219512  0.06097561   -1.036585
-0.7317073  -0.1829268   -0.9756098
-0.7317073  0   -0.8536586
-0.9146342  0.1829268   -0.9146342
-0.9756098  -0.06097561   -1.036585
-1.158537  -0.06097561   -0.9146342
-1.097561  0.1829268   -0.7926829
-0.8536586  0.1219512   -0.9756098
-0.6707317  0.06097561   -1.097561
-0.9146342  -0.06097561   -0.9756098
-0.9146342  0.1219512   -1.097561
-0.7926829  0   -0.9756098
-0.9756098  -0.06097561   -1.036585
-0.8536586  0   -1.036585
-0.8536586  0   -0.9756098
-0.8536586  0   -0.9146342
-0.9146342  0.1219512   -1.097561
-1.097561  0.1219512   -1.036585
-1.158537  0.1219512   -0.8536586
-1.036585  0.1219512   -1.158537
-0.5487805  0.06097561   -1.097561
-0.9146342  -0.06097561   -1.158537
-0.9146342  0   -0.9756098
-1.036585  0.06097561   -0.9756098
-1.158537  -0.1219512   -0.9756098
-0.9756098  0.1219512   -0.9756098
-0.9756098  0   -0.9146342
-0.9756098  0.06097561   -0.9146342
-0.8536586  -0.1219512   -1.158537
-1.036585  0.1219512   -0.9756098
-1.158537  0.1219512   -1.158537
-0.9146342  -0.06097561   -0.9756098
-0.8536586  -0.1219512   -0.9756098
-0.7926829  -0.1219512   -0.9756098
-0.8536586  0.06097561   -1.097561
-1.036585  0   -1.036585
-1.158537  -0.2439024   -0.8536586
-0.9146342  -0.1829268   -1.036585
-0.8536586  -0.06097561   -1.097561
-0.7926829  -0.06097561   -1.097561
-0.9756098  0   -1.036585
-1.036585  0.1219512   -0.9756098
-1.097561  0.06097561   -0.9756098
-0.7926829  0.06097561   -0.9756098
-0.7317073  -0.06097561   -1.036585
-0.7926829  0.06097561   -0.9756098
-0.7926829  -0.1219512   -0.9756098
-1.280488  0.1219512   -0.9756098
-1.036585  0   -1.036585
-1.036585  0.1219512   -1.097561
-1.097561  0.06097561   -1.097561
-0.9756098  -0.1829268   -0.9146342
-0.9146342  -0.06097561   -1.097561
-0.9146342  0.06097561   -1.097561
-1.097561  0.1219512   -1.097561
-0.9146342  0.1829268   -1.097561
-0.9756098  0   -0.9756098
-0.9756098  -0.1219512   -1.036585
-0.9146342  -0.06097561   -1.097561
-0.9756098  0.1829268   -0.9756098
-0.9756098  0   -0.9146342
-0.8536586  -0.06097561   -0.7317073
-0.9756098  0   -1.097561
-0.9756098  0   -0.9756098
-0.9756098  0   -1.036585
-1.158537  0   -0.9146342
-0.9756098  0   -0.8536586
-0.9146342  -0.06097561   -1.158537
-0.8536586  -0.06097561   -0.8536586
-0.8536586  -0.1219512   -1.158537
-0.8536586  0.1219512   -1.036585
-1.036585  -0.3048781   -0.9756098
-0.9756098  -0.2439024   -0.9146342
-1.097561  -0.06097561   -1.219512
-1.036585  0.06097561   -0.9756098
-0.7926829  0   -0.7926829
-0.9146342  0.06097561   -0.9146342
-1.036585  -0.06097561   -1.036585
-0.9756098  0   -0.9756098
-0.9146342  0.06097561   -1.158537
-0.9756098  0.06097561   -1.036585
-0.9146342  -0.06097561   -1.097561
-0.9146342  0   -1.036585
-0.9146342  -0.06097561   -0.9146342
-0.9756098  0   -0.9756098
-1.036585  -0.1829268   -1.097561
-0.7926829  0.1219512   -1.036585
-0.7317073  -0.06097561   -1.097561
-0.8536586  -0.1219512   -1.036585
-0.9756098  -0.06097561   -0.8536586
-1.158537  0   -0.8536586
-1.158537  0.06097561   -0.9146342
-0.6707317  -0.1219512   -0.7926829
-0.4878049  -0.1219512   -1.097561
-0.6707317  0   -1.097561
-0.9146342  0.06097561   -1.036585
-1.402439  -0.06097561   -0.9756098
-1.219512  0.06097561   -0.9146342
-0.9146342  -0.1219512   -1.036585
-0.6707317  -0.06097561   -1.036585
-0.6097561  0.06097561   -1.158537
-0.9756098  -0.06097561   -1.097561
-1.219512  0.06097561   -0.9146342
-1.036585  0.06097561   -1.036585
-1.097561  -0.06097561   -0.8536586
-0.7926829  0   -0.9756098
-0.6707317  -0.1829268   -0.8536586
-1.036585  -0.06097561   -1.036585
-1.280488  0   -0.8536586
-1.097561  0.1219512   -0.8536586
-1.097561  0.06097561   -1.097561
0.1064027  -0.1259146   0.08475691
0.3503051  0.0570122   -0.09816992
0.04542708  -0.003963415   0.0237813
-0.259451  0.0570122   0.0237813
-0.3204265  0.0570122   0.0237813
-0.07652408  -0.003963415   -0.09816992
0.1673783  -0.1868902   -0.03719425
0.04542708  0.0570122   -0.2201211
-0.07652408  0.1179878   0.0237813
-0.259451  -0.1259146   0.2067081
-0.1984753  -0.003963415   0.08475691
-0.07652408  -0.06493903   0.08475691
0.3503051  -0.1259146   -0.03719425
0.1673783  -0.003963415   0.0237813
0.1064027  0.1179878   -0.03719425
-0.1374997  -0.003963415   -0.03719425
-0.1984753  0.1179878   0.2067081
0.1064027  0.1789634   -0.09816992
-0.01554853  0.1179878   -0.03719425
0.1064027  0.0570122   0.0237813
-0.01554853  -0.003963415   0.2067081
-0.01554853  0.0570122   0.08475691
-0.3204265  -0.003963415   0.08475691
-0.07652408  -0.1259146   0.0237813
-0.07652408  -0.003963415   -0.1591455
0.1064027  0.0570122   -0.2201211
0.1064027  -0.003963415   -0.09816992
0.1064027  -0.003963415   -0.2201211
-0.1374997  0.1179878   0.0237813
-0.1374997  0.1179878   0.1457325
0.04542708  -0.06493903   -0.1591455
0.2893295  -0.06493903   -0.03719425
0.2283539  -0.003963415   -0.09816992
-0.01554853  0.0570122   0.1457325
-0.01554853  -0.06493903   0.1457325
-0.01554853  -0.06493903   -0.03719425
0.2893295  0.0570122   0.0237813
0.1064027  -0.06493903   0.0237813
0.1064027  -0.1868902   -0.03719425
-0.1374997  -0.003963415   -0.03719425
-0.1374997  0.1789634   -0.03719425
-0.01554853  0.0570122   0.1457325
0.2893295  0.1789634   0.08475691
0.3503051  -0.003963415   -0.09816992
0.2283539  -0.003963415   -0.09816992
-0.1984753  -0.1259146   0.1457325
-0.01554853  -0.003963415   -0.03719425
-0.01554853  -0.003963415   0.0237813
-0.01554853  -0.1259146   -0.03719425
0.1673783  -0.003963415   0.0237813
-0.01554853  -0.1259146   -0.1591455
-0.07652408  -0.003963415   0.08475691
-0.01554853  -0.003963415   -0.03719425
-0.259451  0.0570122   0.0237813
0.1064027  0.0570122   0.0237813
0.04542708  0.1179878   -0.09816992
0.1673783  0.0570122   0.0237813
-0.1984753  -0.003963415   0.1457325
-0.1374997  -0.1868902   0.08475691
-0.259451  -0.003963415   0.0237813
-0.01554853  -0.1259146   0.0237813
0.2283539  0.0570122   -0.2201211
0.04542708  -0.003963415   0.1457325
0.04542708  -0.003963415   0.1457325
-0.259451  -0.003963415   -0.2201211
-0.1984753  -0.003963415   0.0237813
0.1064027  -0.06493903   -0.03719425
0.1064027  -0.003963415   0.0237813
-0.01554853  -0.06493903   0.0237813
0.1064027  0.0570122   0.0237813
0.04542708  -0.003963415   -0.1591455
-0.07652408  0.1179878   0.2676837
-0.01554853  -0.06493903   0.08475691
0.04542708  0.0570122   0.08475691
0.04542708  -0.003963415   0.1457325
0.04542708  -0.003963415   -0.03719425
-0.07652408  -0.06493903   0.0237813
-0.259451  -0.003963415   -0.03719425
-0.01554853  -0.003963415   -0.09816992
-0.01554853  0.1179878   -0.2201211
0.2893295  -0.06493903   -0.09816992
0.1064027  0.1179878   -0.03719425
-0.07652408  0.1789634   -0.03719425
-0.1984753  0.0570122   -0.03719425
-0.259451  -0.003963415   -0.03719425
-0.1984753  -0.06493903   0.0237813
0.1064027  0.0570122   -0.1591455
0.3503051  -0.003963415   0.08475691
0.1064027  -0.1259146   -0.09816992
-0.07652408  -0.003963415   0.2067081
-0.1374997  -0.06493903   0.1457325
0.1673783  -0.003963415   0.0237813
0.2283539  -0.06493903   0.0237813
0.04542708  -0.003963415   -0.09816992
-0.01554853  -0.003963415   -0.03719425
-0.1984753  0.1179878   0.0237813
-0.1374997  0.1179878   0.0237813
-0.1984753  0.1179878   0.0237813
-0.07652408  -0.003963415   -0.09816992
0.1673783  -0.003963415   -0.03719425
-0.1374997  -0.003963415   0.08475691
-0.1374997  -0.06493903   0.0237813
-0.1374997  0.1179878   0.0237813
0.04542708  0.1179878   -0.03719425
0.1673783  0.1179878   -0.03719425
0.04542708  0.0570122   -0.03719425
-0.01554853  0.239939   -0.03719425
-0.3204265  0.0570122   0.0237813
-0.1984753  -0.06493903   0.2067081
0.04542708  -0.06493903   -0.03719425
0.04542708  -0.1259146   -0.1591455
0.2893295  0.0570122   0.08475691
0.1673783  -0.003963415   -0.1591455
-0.1374997  -0.06493903   0.0237813
-0.3204265  0.1179878   0.2676837
-0.07652408  0.1789634   -0.03719425
0.2283539  -0.1259146   -0.03719425
0.1064027  0.1789634   0.0237813
-0.07652408  0.0570122   0.1457325
-0.1984753  -0.06493903   -0.09816992
-0.1374997  0.0570122   0.0237813
-0.1374997  0.1179878   -0.03719425
-0.07652408  -0.003963415   -0.03719425
0.04542708  0.0570122   -0.03719425
0.1064027  -0.06493903   0.0237813
-0.01554853  -0.003963415   0.08475691
-0.1374997  0.0570122   0.1457325
-0.07652408  0.1179878   0.0237813
-0.07652408  -0.1868902   0.1457325
0.1064027  0.0570122   0.0237813
0.1064027  -0.1259146   0.1457325
0.2283539  0.1179878   -0.1591455
-0.07652408  0.1179878   -0.09816992
-0.1984753  -0.003963415   0.0237813
-0.3814022  -0.1259146   0.2067081
0.1673783  -0.1259146   0.1457325
0.4112808  0.0570122   -0.2810967
-0.01554853  -0.003963415   -0.09816992
-0.1984753  0.0570122   -0.1591455
-0.5033534  -0.003963415   -0.03719425
-0.07652408  -0.06493903   -0.03719425
0.1673783  -0.06493903   0.0237813
0.04542708  -0.3088415   0.0237813
-0.07652408  -0.06493903   -0.09816992
0.04542708  -0.1259146   0.0237813
-0.259451  -0.003963415   0.2067081
-0.1374997  -0.003963415   0.1457325
0.04542708  -0.003963415   -0.03719425
0.2893295  -0.003963415   -0.2201211
0.1673783  -0.003963415   -0.1591455
-0.07652408  -0.06493903   0.0237813
-0.259451  -0.003963415   -0.03719425
-0.01554853  -0.06493903   -0.03719425
0.4722564  0.1789634   -0.1591455
0.04542708  0.0570122   -0.1591455
0.1064027  0.1179878   0.1457325
-0.01554853  0.1179878   -0.03719425
-0.01554853  -0.06493903   -0.09816992
0.04542708  0.1179878   0.08475691
-0.07652408  0.0570122   -0.1591455
0.04542708  0.0570122   0.08475691
-0.07652408  -0.003963415   0.08475691
-0.3204265  0.1179878   0.1457325
-0.1374997  0.0570122   -0.09816992
-0.01554853  0.1179878   0.0237813
0.2893295  -0.06493903   -0.09816992
0.04542708  -0.06493903   0.08475691
0.04542708  -0.1868902   -0.09816992
-0.1374997  -0.06493903   0.08475691
-0.259451  0.1789634   -0.03719425
-0.01554853  0.0570122   0.0237813
0.1673783  -0.06493903   -0.09816992
0.04542708  0.1789634   -0.09816992
-0.1374997  0.0570122   -0.09816992
-0.07652408  0.1179878   0.2067081
-0.1374997  0.0570122   -0.09816992
-0.01554853  -0.06493903   0.08475691
0.2283539  -0.1259146   -0.1591455
0.1064027  -0.06493903   -0.1591455
-0.1374997  0.0570122   0.0237813
-0.07652408  -0.1868902   -0.03719425
-0.01554853  -0.06493903   -0.09816992
-0.01554853  0.1789634   -0.03719425
0.1064027  0.1179878   0.0237813
0.04542708  -0.06493903   -0.1591455
0.04542708  -0.003963415   0.08475691
-0.07652408  0.0570122   -0.1591455
-0.259451  -0.06493903   0.1457325
-0.1374997  -0.1259146   -0.2201211
0.1673783  -0.003963415   -0.03719425
0.2283539  0.1179878   0.08475691
-0.01554853  -0.003963415   0.08475691
-0.259451  -0.06493903   0.0237813
-0.01554853  -0.1259146   -0.09816992
0.04542708  0.0570122   0.0237813
0.04542708  -0.003963415   0.0237813
-0.07652408  -0.06493903   -0.09816992
0.04542708  0.1789634   -0.03719425
-0.01554853  0.1789634   0.2676837
-0.4423777  -0.1259146   0.2676837
-0.1984753  0.1179878   0.1457325
0.2893295  0.1179878   0.0237813
0.04542708  0.1179878   -0.1591455
-0.01554853  0.1179878   0.1457325
0.04542708  0.0570122   0.1457325
-0.07652408  -0.003963415   0.08475691
-0.07652408  -0.003963415   0.1457325
0.2283539  0.0570122   -0.09816992
0.3503051  -0.003963415   -0.1591455
0.04542708  -0.1259146   -0.09816992
-0.07652408  0.0570122   0.0237813
-0.3814022  -0.1868902   0.1457325
-0.1374997  -0.1259146   0.2067081
0.2893295  0.0570122   -0.03719425
0.1064027  0.1789634   0.0237813
0.04542708  -0.06493903   0.0237813
-0.259451  -0.003963415   -0.03719425
-0.07652408  0.0570122   0.08475691
-0.259451  0.0570122   0.0237813
0.2283539  0.1179878   0.2067081
0.04542708  -0.06493903   0.08475691
0.1064027  0.1179878   -0.09816992
-0.1984753  -0.06493903   -0.03719425
-0.259451  -0.003963415   -0.03719425
-0.3204265  0.0570122   -0.03719425
0.04542708  -0.003963415   -0.09816992
0.3503051  -0.06493903   -0.03719425
0.1673783  -0.003963415   0.08475691
-0.01554853  -0.06493903   -0.03719425
-0.3204265  -0.1259146   -0.03719425
-0.259451  0.1179878   0.08475691
0.04542708  -0.1868902   0.0237813
-0.01554853  -0.06493903   0.0237813
0.1064027  -0.003963415   -0.09816992
0.1064027  0.1789634   0.08475691
-0.01554853  -0.1259146   0.08475691
-0.1984753  -0.1259146   0.0237813
-0.01554853  -0.06493903   0.1457325
-0.01554853  0.239939   0.08475691
0.1673783  -0.1259146   -0.03719425
-0.01554853  -0.003963415   0.08475691
-0.01554853  0.0570122   0.08475691
0.1673783  0.1179878   -0.03719425
-0.07652408  -0.003963415   0.08475691
-0.01554853  0.0570122   0.0237813
-0.1374997  -0.1259146   0.0237813
-0.07652408  -0.003963415   -0.1591455
-0.07652408  -0.06493903   -0.09816992
-0.1984753  -0.003963415   -0.03719425
-0.1984753  0.0570122   -0.03719425
0.2283539  0.0570122   0.0237813
-0.01554853  0.1179878   0.08475691
0.1673783  -0.003963415   0.08475691
0.04542708  0.1789634   -0.03719425
-0.259451  -0.003963415   0.2067081
-0.259451  0.0570122   -0.03719425
-0.01554853  -0.06493903   0.08475691
0.1673783  0.0570122   0.0237813
-0.07652408  -0.003963415   -0.03719425
-0.1984753  0.1179878   0.1457325
-0.07652408  -0.1259146   -0.03719425
0.04542708  -0.003963415   0.08475691
0.1064027  0.239939   -0.03719425
-0.1984753  0.1179878   -0.03719425
0.2283539  0.1179878   0.0237813
-0.01554853  -0.06493903   0.08475691
-0.07652408  0.1179878   0.1457325
-0.01554853  -0.003963415   0.0237813
0.1673783  -0.06493903   0.0237813
0.1064027  -0.003963415   0.0237813
-0.01554853  0.0570122   0.0237813
-0.07652408  -0.003963415   0.2067081
-0.07652408  -0.003963415   0.08475691
-0.07652408  -0.06493903   -0.03719425
0.04542708  -0.1259146   0.1457325
-0.1374997  -0.1259146   0.2067081
-0.1374997  -0.003963415   -0.09816992
-0.07652408  0.0570122   -0.03719425
-0.07652408  -0.003963415   -0.1591455
-0.07652408  0.1179878   -0.1591455
-0.01554853  -0.06493903   0.08475691
0.1673783  -0.1259146   0.0237813
-0.07652408  0.1179878   0.0237813
-0.01554853  0.0570122   0.08475691
-0.1984753  -0.003963415   -0.09816992
-0.01554853  -0.2478659   0.08475691
-0.01554853  -0.1868902   0.0237813
0.1064027  -0.003963415   -0.09816992
0.1064027  -0.1259146   0.0237813
-0.07652408  0.1789634   -0.03719425
-0.07652408  0.1789634   0.0237813
-0.07652408  -0.06493903   0.2067081
0.2283539  0.1179878   -0.03719425
0.1673783  -0.1868902   -0.09816992
-0.01554853  -0.1259146   -0.03719425
0.04542708  -0.06493903   -0.03719425
-0.1374997  0.0570122   0.1457325
-0.07652408  -0.2478659   0.0237813
0.1673783  0.0570122   -0.03719425
0.1064027  -0.1259146   0.0237813
0.04542708  -0.06493903   0.0237813
-0.01554853  -0.06493903   0.08475691
-0.01554853  0.0570122   -0.09816992
-0.07652408  -0.06493903   0.08475691
0.1673783  -0.1259146   0.0237813
-0.1374997  -0.1868902   -0.03719425
0.1673783  0.0570122   -0.09816992
0.04542708  -0.003963415   0.0237813
-0.1374997  -0.1259146   -0.03719425
-0.1374997  0.0570122   0.0237813
-0.3204265  0.1179878   0.1457325
-0.01554853  -0.003963415   0.0237813
0.04542708  0.1789634   -0.09816992
0.1064027  0.0570122   0.0237813
0.04542708  -0.06493903   0.0237813
-0.1984753  -0.1259146   0.08475691
-0.1984753  0.0570122   0.0237813
-0.01554853  0.1179878   0.0237813
-0.01554853  -0.003963415   -0.09816992
0.1064027  -0.06493903   0.0237813
0.1064027  -0.1868902   -0.2201211
-0.01554853  0.0570122   0.1457325
0.04542708  0.0570122   -0.09816992
0.1064027  -0.1259146   -0.09816992
-0.1984753  0.1789634   0.08475691
-0.1374997  -0.003963415   -0.1591455
0.1064027  -0.1259146   0.08475691
-0.1374997  -0.003963415   -0.1591455
0.1673783  -0.1259146   0.1457325
0.04542708  0.0570122   -0.03719425
0.04542708  -0.003963415   0.0237813
-0.07652408  0.1179878   -0.03719425
-0.01554853  0.0570122   0.08475691
0.1064027  0.0570122   0.1457325
0.1673783  0.0570122   -0.09816992
-0.1984753  0.1179878   0.08475691
-0.01554853  -0.003963415   -0.09816992
0.04542708  -0.06493903   -0.1591455
-0.1984753  0.0570122   -0.09816992
0.1064027  -0.2478659   -0.03719425
-0.01554853  -0.06493903   0.0237813
-0.01554853  -0.06493903   -0.09816992
-0.01554853  -0.003963415   0.1457325
-0.1984753  -0.1259146   -0.09816992
-0.07652408  0.1789634   0.1457325
-0.01554853  -0.003963415   0.2067081
-0.01554853  0.0570122   0.0237813
-0.01554853  -0.2478659   -0.03719425
-0.01554853  0.3618903   -0.03719425
0.1673783  0.0570122   -0.03719425
-0.259451  -0.06493903   0.08475691
-0.1984753  -0.003963415   0.0237813
-0.1374997  0.0570122   -0.03719425
-0.07652408  -0.06493903   -0.03719425
-0.01554853  -0.003963415   -0.1591455
-0.07652408  -0.06493903   -0.2201211
-0.1374997  -0.1259146   0.0237813
-0.01554853  -0.003963415   0.0237813
-0.1374997  -0.06493903   -0.03719425
-0.1374997  -0.06493903   0.2067081
0.04542708  -0.1868902   -0.03719425
0.1064027  0.0570122   -0.3420724
-0.1984753  0.1179878   0.08475691
-0.1374997  0.1179878   0.0237813
-0.1374997  -0.003963415   0.08475691
0.1064027  0.0570122   -0.1591455
0.04542708  0.0570122   -0.03719425
-0.1374997  -0.003963415   -0.1591455
-0.1984753  0.0570122   0.0237813
-0.259451  0.1179878   -0.09816992
-0.1374997  -0.003963415   0.08475691
0.1064027  -0.003963415   -0.09816992
0.1673783  -0.003963415   0.0237813
0.04542708  -0.06493903   -0.03719425
-0.07652408  -0.003963415   0.2067081
-0.1984753  0.1179878   0.08475691
-0.01554853  -0.06493903   -0.03719425
0.2893295  0.1179878   0.0237813
0.2893295  -0.06493903   -0.03719425
-0.1374997  0.1179878   0.0237813
-0.1374997  -0.003963415   0.1457325
-0.3204265  -0.06493903   0.2676837
0.04542708  -0.06493903   -0.03719425
0.04542708  -0.06493903   -0.03719425
0.2283539  0.0570122   -0.09816992
-0.1374997  -0.1868902   -0.09816992
-0.01554853  0.0570122   0.0237813
-0.1984753  0.1179878   0.1457325
-0.1374997  0.1179878   0.08475691
-0.07652408  0.0570122   -0.1591455
-0.07652408  -0.1259146   0.08475691
0.1673783  0.0570122   -0.03719425
-0.01554853  0.0570122   -0.03719425
-0.259451  0.0570122   0.08475691
-0.07652408  0.1179878   -0.03719425
-0.1984753  -0.06493903   0.2067081
-0.07652408  0.0570122   -0.09816992
0.04542708  -0.003963415   -0.09816992
-0.01554853  0.0570122   -0.09816992
-0.259451  -0.06493903   0.0237813
-0.3204265  -0.2478659   0.0237813
-0.01554853  -0.1259146   -0.03719425
0.2283539  -0.06493903   0.0237813
-0.1374997  0.1179878   -0.09816992
-0.07652408  -0.06493903   0.08475691
-0.1374997  0.0570122   0.08475691
-0.259451  -0.06493903   0.08475691
-0.01554853  -0.06493903   -0.03719425
0.04542708  -0.003963415   -0.1591455
0.1673783  0.0570122   -0.09816992
-0.01554853  0.1179878   0.0237813
-0.07652408  -0.1868902   0.2676837
-0.01554853  0.0570122   0.0237813
-0.1374997  0.239939   0.08475691
-0.01554853  -0.003963415   -0.03719425
-0.07652408  -0.06493903   -0.03719425
-0.01554853  0.1789634   -0.03719425
0.04542708  -0.06493903   -0.03719425
0.1673783  -0.06493903   -0.1591455
0.2283539  -0.003963415   0.08475691
0.1064027  -0.003963415   0.08475691
0.04542708  -0.003963415   0.0237813
0.04542708  0.0570122   0.2067081
-0.1374997  -0.06493903   0.1457325
-0.3204265  -0.1868902   0.0237813
-0.07652408  0.0570122   0.0237813
0.2893295  -0.06493903   -0.2201211
-0.1984753  -0.1259146   0.08475691
-0.1374997  0.1179878   -0.03719425
-0.1984753  -0.06493903   -0.1591455
-0.01554853  0.1789634   -0.03719425
0.04542708  -0.1259146   -0.03719425
-0.1374997  -0.003963415   0.08475691
0.1064027  0.1789634   -0.1591455
0.04542708  -0.003963415   0.1457325
-0.3814022  -0.003963415   0.0237813
-0.3204265  -0.003963415   -0.09816992
-0.07652408  -0.06493903   -0.09816992
0.1064027  -0.06493903   -0.09816992
0.1064027  -0.1259146   -0.09816992
-0.01554853  0.0570122   0.0237813
0.04542708  -0.1259146   0.3286594
-0.01554853  0.0570122   0.0237813
0.1064027  -0.003963415   0.0237813
-0.01554853  0.1179878   -0.03719425
-0.07652408  -0.003963415   0.0237813
-0.1374997  0.1179878   -0.03719425
0.1064027  0.1179878   -0.09816992
-0.01554853  0.1789634   -0.03719425
0.2283539  0.0570122   -0.03719425
0.1064027  0.0570122   -0.09816992
-0.01554853  -0.003963415   0.2067081
-0.259451  0.1789634   -0.03719425
-0.07652408  0.1179878   0.1457325
-0.01554853  -0.06493903   -0.09816992
0.1064027  -0.06493903   -0.03719425
0.1064027  -0.06493903   -0.1591455
-0.01554853  -0.06493903   -0.2201211
-0.01554853  -0.003963415   0.0237813
-0.07652408  0.1179878   -0.2201211
-0.1374997  0.1179878   0.0237813
-0.1374997  -0.1259146   0.0237813
0.2893295  -0.06493903   0.08475691
-0.01554853  -0.1868902   0.08475691
-0.07652408  -0.06493903   -0.03719425
-0.1374997  0.0570122   0.0237813
0.1064027  0.1789634   -0.2201211
0.2283539  -0.003963415   0.1457325
-0.07652408  0.0570122   -0.03719425
-0.07652408  0.1789634   0.08475691
-0.1374997  -0.003963415   0.0237813
-0.07652408  -0.1868902   -0.1591455
0.04542708  -0.06493903   -0.03719425
0.1064027  0.0570122   -0.03719425
0.04542708  0.0570122   0.2676837
-0.07652408  -0.003963415   0.1457325
0.1064027  0.0570122   0.08475691
0.2283539  -0.06493903   -0.2201211
0.6551832  0.0570122   -0.4030479
0.2283539  -0.003963415   0.08475691
-0.3204265  -0.06493903   0.5725618
0.1673783  -0.003963415   0.1457325
0.83811  0.1179878   -0.2810967
0.7771344  0.0570122   -0.2810967
0.1064027  0.0570122   0.0237813
-1.539939  0.1179878   0.2067081
-1.966768  0.1179878   0.2676837
-0.9911583  0.1789634   0.2676837
0.7771344  0.0570122   -0.1591455
1.935671  -0.003963415   -0.6469504
1.630793  -0.06493903   -0.4030479
0.2283539  0.0570122   0.0237813
-1.357012  0.0570122   0.2067081
-1.844817  -0.003963415   0.2676837
-1.174085  0.1789634   0.08475691
0.1673783  -0.06493903   0.1457325
0.533232  0.1179878   -0.1591455
1.021037  0.239939   -0.2810967
0.83811  0.0570122   -0.2201211
0.6551832  -0.06493903   -0.2201211
-0.1984753  -0.06493903   -0.03719425
-0.8692071  -0.003963415   0.1457325
-1.417988  -0.06493903   0.2067081
-0.6862802  0.1789634   0.08475691
-0.01554853  -0.06493903   0.0237813
1.021037  0.0570122   -0.2810967
1.386891  -0.1868902   -0.3420724
0.7771344  -0.003963415   -0.2201211
-0.3814022  0.3009146   -0.03719425
-1.052134  -0.06493903   0.0237813
-1.235061  0.0570122   0.2067081
-0.5033534  0.0570122   0.2676837
0.1064027  -0.1868902   -0.2201211
0.533232  -0.003963415   -0.2201211
0.7771344  0.1789634   -0.03719425
0.6551832  -0.1868902   -0.2201211
0.2283539  0.0570122   -0.09816992
-0.1374997  0.0570122   -0.03719425
-0.6253046  -0.003963415   0.2067081
-0.8082314  0.0570122   0.0237813
-0.4423777  0.0570122   0.3286594
0.1064027  0.1789634   -0.09816992
0.7161588  -0.1259146   -0.1591455
0.8990856  -0.003963415   -0.1591455
0.4722564  -0.003963415   -0.03719425
-0.259451  0.0570122   0.2067081
-0.8082314  -0.06493903   0.1457325
-0.8082314  -0.06493903   -0.03719425
-0.1984753  -0.1259146   -0.1591455
0.04542708  -0.06493903   -0.09816992
0.4112808  -0.003963415   -0.2201211
0.4722564  0.0570122   -0.03719425
0.1673783  -0.2478659   -0.03719425
-0.1374997  0.0570122   -0.03719425
-0.5033534  0.0570122   -0.1591455
-0.4423777  -0.1868902   0.3286594
-0.3814022  -0.003963415   0.08475691
-0.07652408  -0.06493903   0.1457325
0.2283539  -0.06493903   -0.2810967
0.2893295  -0.003963415   -0.2201211
0.2893295  -0.06493903   0.0237813
-0.01554853  -0.2478659   -0.03719425
-0.1984753  -0.06493903   0.08475691
-0.259451  -0.06493903   0.1457325
-0.3814022  -0.06493903   0.08475691
-0.259451  0.1179878   -0.09816992
0.2283539  -0.003963415   0.08475691
0.4112808  -0.003963415   -0.1591455
0.2893295  0.0570122   -0.2201211
0.04542708  0.1179878   0.1457325
-0.259451  -0.003963415   0.08475691
-0.259451  0.0570122   0.08475691
-0.3814022  0.1789634   0.1457325
-0.259451  -0.003963415   -0.03719425
0.1064027  -0.06493903   -0.1591455
0.2893295  -0.1259146   -0.09816992
0.3503051  0.1179878   -0.1591455
0.1064027  0.239939   -0.03719425
-0.01554853  -0.06493903   0.08475691
-0.3204265  -0.06493903   0.08475691
-0.259451  0.1789634   -0.03719425
-0.259451  -0.003963415   -0.2201211
0.1064027  0.0570122   -0.1591455
0.2283539  0.1179878   -0.03719425
0.2893295  0.0570122   0.08475691
-0.07652408  0.1789634   -0.2810967
-0.01554853  0.0570122   0.08475691
-0.01554853  0.0570122   -0.03719425
-0.3814022  0.1179878   0.2676837
-0.4423777  -0.06493903   0.08475691
0.1064027  0.0570122   -0.09816992
0.3503051  -0.06493903   0.0237813
0.04542708  -0.003963415   -0.09816992
0.04542708  -0.1259146   -0.03719425
-0.1984753  -0.06493903   0.0237813
-0.5033534  -0.1259146   0.08475691
-0.1374997  0.1179878   0.1457325
-0.07652408  0.1179878   0.0237813
0.1064027  0.0570122   -0.2810967
0.3503051  0.0570122   0.0237813
-0.07652408  -0.1259146   -0.03719425
-0.3204265  0.0570122   -0.03719425
-0.1374997  -0.06493903   0.1457325
0.1064027  -0.1868902   -0.03719425
-0.01554853  -0.06493903   -0.03719425
-0.01554853  0.0570122   -0.03719425
-0.01554853  0.1789634   0.08475691
-0.1374997  0.1789634   0.1457325
-0.3814022  0.0570122   0.08475691
-0.6862802  0.0570122   0.1457325
-0.3814022  -0.06493903   0.0237813
0.533232  0.0570122   -0.09816992
1.021037  -0.06493903   -0.2201211
0.7161588  -0.003963415   -0.3420724
-0.1374997  -0.1259146   -0.03719425
-0.9911583  -0.1259146   0.0237813
-0.9911583  -0.06493903   0.2676837
-0.3204265  0.1789634   0.08475691
0.04542708  0.0570122   -0.09816992
0.3503051  0.1789634   -0.1591455
0.3503051  -0.1868902   -0.09816992
0.3503051  -0.06493903   0.08475691
0.2283539  -0.06493903   0.2067081
0.1673783  0.0570122   -0.1591455
-0.3204265  -0.1259146   -0.03719425
-0.6862802  0.1179878   0.08475691
-0.6862802  0.1179878   0.08475691
0.1064027  0.0570122   0.0237813
0.5942076  -0.1259146   -0.3420724
0.5942076  -0.06493903   -0.2201211
0.3503051  -0.003963415   -0.09816992
-0.1374997  0.1179878   0.08475691
-0.4423777  0.0570122   0.0237813
-0.3814022  -0.1259146   0.0237813
-0.564329  0.1789634   0.2067081
0.1673783  -0.003963415   -0.03719425
0.533232  -0.1259146   -0.09816992
0.3503051  -0.1259146   -0.09816992
0.04542708  0.0570122   -0.1591455
0.04542708  -0.06493903   0.08475691
-0.01554853  0.3009146   -0.03719425
-0.5033534  0.1179878   0.0237813
-0.4423777  0.4228659   0.0237813
-0.1984753  0.1789634   -0.09816992
0.04542708  0.1789634   -0.09816992
0.2893295  -0.1259146   -0.03719425
0.3503051  -0.003963415   -0.2810967
0.1064027  -0.1259146   0.0237813
-0.1984753  -0.1868902   -0.03719425
-0.564329  0.0570122   0.0237813
-0.564329  -0.1259146   0.1457325
-0.1374997  0.1789634   0.0237813
0.04542708  0.1179878   -0.1591455
0.4112808  -0.1868902   -0.1591455
0.2893295  -0.003963415   -0.09816992
-1.966768  -0.003963415   0.08475691
7.179573  -0.1868902   -1.317682
18.70396  -0.5527439   -3.451828
25.16738  -0.4917683   -4.488414
