0.9999956  0.002948007   -1.098808E-05 -0.0004382295
0.9999814  0.006029352   -6.134872E-06 -0.0009457316
0.9999616  0.008656272   -6.488374E-06 -0.001353672
0.9999322  0.01147377   -3.005476E-06 -0.001969542
0.9999002  0.01391119   1.152873E-06 -0.00246449
0.9998587  0.01654038   2.54466E-07 -0.002989493
0.9998206  0.01863402   -1.629201E-05 -0.003383904
0.9997784  0.02070718   -1.114706E-05 -0.003788132
0.9997322  0.02276596   -6.16687E-07 -0.004151429
0.9996885  0.02452971   -1.517851E-05 -0.004602592
0.9996423  0.02627828   -1.694382E-05 -0.004980285
0.999589  0.02816848   -2.243758E-05 -0.005319947
0.9995373  0.02988758   -3.330658E-05 -0.00563588
0.9994892  0.03142758   -3.013742E-05 -0.005799131
0.9994395  0.03290949   -2.13469E-05 -0.006123063
0.9993939  0.03419909   -2.562433E-05 -0.006493406
0.999339  0.03572031   -1.505508E-05 -0.006744263
0.9992893  0.03707121   6.72227E-06 -0.006839732
0.999243  0.03825689   1.727836E-05 -0.007057867
0.9991912  0.0395371   2.058452E-05 -0.007329749
0.9991378  0.04082131   1.917119E-05 -0.007559255
0.9990951  0.04182417   2.466674E-05 -0.00771761
0.9990563  0.04272791   2.782272E-05 -0.007796247
0.999021  0.04354077   2.179708E-05 -0.00782753
0.9989721  0.04462504   2.554241E-05 -0.007958726
0.9989339  0.04542867   2.729565E-05 -0.008208882
0.9988949  0.04622028   1.986181E-05 -0.008521553
0.9988706  0.04671632   1.852655E-05 -0.008669361
0.9988409  0.04733788   3.199548E-05 -0.008716408
0.9988067  0.048025   3.982145E-05 -0.008873277
0.9987698  0.0487504   3.22735E-05 -0.009073102
0.9987251  0.04966502   3.671789E-05 -0.009033662
0.9986911  0.05034102   4.217127E-05 -0.009049875
0.9986615  0.05090065   4.458875E-05 -0.009175893
0.998627  0.05156192   4.009356E-05 -0.009247618
0.9986036  0.05199459   3.377163E-05 -0.009345307
0.9985797  0.05246053   4.465925E-05 -0.009301874
0.9985648  0.05273502   3.840358E-05 -0.009354766
0.9985546  0.0529169   2.125392E-05 -0.009407463
0.9985343  0.05327589   1.764872E-05 -0.009543552
0.9985068  0.05376191   3.079258E-05 -0.00968645
0.9984843  0.05418347   3.972878E-05 -0.009663499
0.9984677  0.05447784   5.405212E-05 -0.009714762
0.998441  0.05493695   5.02824E-05 -0.009865615
0.9984171  0.05535669   5.065946E-05 -0.009937824
0.9984013  0.05562401   3.542745E-05 -0.0100441
0.9983835  0.05592382   3.328702E-05 -0.01013744
0.9983727  0.05609434   2.731597E-05 -0.01026514
0.998362  0.05626864   1.383528E-05 -0.01034933
0.998351  0.05645076   1.079971E-05 -0.01042107
0.9983444  0.0565812   6.896751E-06 -0.01034904
0.9983214  0.05697896   8.139531E-06 -0.01038146
0.9983214  0.05697554   7.30486E-06 -0.01039641
0.9983298  0.05682898   1.117968E-05 -0.01039261
0.99832  0.05699557   1.548634E-05 -0.01042685
0.9983047  0.05724867   2.48484E-05 -0.01050426
0.9982938  0.05744776   3.464528E-05 -0.01044676
0.9982829  0.05761774   2.874953E-05 -0.01055504
0.9982749  0.05775085   1.158619E-05 -0.0105853
0.9982618  0.0579843   1.610595E-05 -0.01054815
0.9982473  0.05821824   2.307584E-06 -0.01063642
0.9982359  0.05841727   1.292865E-05 -0.01060661
0.998214  0.05876637   6.876717E-06 -0.0107407
0.9982003  0.05899169   5.083748E-06 -0.01077966
0.9982088  0.05882132   -2.30607E-06 -0.01091436
0.9982067  0.05887153   2.301302E-06 -0.01084192
0.9982129  0.05876422   -4.61895E-06 -0.01084699
0.9982117  0.05878534   -5.028321E-06 -0.01084443
0.9982238  0.05860004   -6.49296E-06 -0.01073576
0.9982093  0.05884409   -4.587636E-07 -0.01075444
0.998217  0.0587208   2.632397E-06 -0.01069992
0.9982203  0.05866589   9.304842E-06 -0.01070637
0.9982004  0.05897695   -1.948573E-06 -0.01084444
0.9981819  0.05931681   1.454315E-05 -0.01069533
0.9981809  0.05933163   1.164049E-05 -0.01071425
0.9981769  0.05936939   2.855668E-06 -0.01086812
0.9981714  0.05944083   -9.049661E-06 -0.0109849
0.9981732  0.05941819   -5.753277E-06 -0.01093442
0.998172  0.05941773   -1.182811E-05 -0.01104821
0.9981618  0.05959674   4.999316E-06 -0.01100968
0.998157  0.0596845   2.963782E-06 -0.01097339
0.9981591  0.05964005   1.022673E-05 -0.01101806
0.9981539  0.05974459   3.287117E-05 -0.01092727
0.9981589  0.0596494   3.323187E-05 -0.0109993
0.998163  0.05957546   3.233142E-05 -0.01100979
0.9981622  0.0595973   2.890971E-05 -0.01097898
0.9981579  0.05964632   2.888793E-05 -0.01109555
0.9981441  0.05988136   3.142778E-05 -0.01106489
0.9981374  0.0599908   2.121568E-05 -0.01108687
0.9981377  0.05997644   1.555426E-05 -0.01113915
0.9981437  0.05989401   1.357357E-05 -0.01104208
0.9981529  0.0597289   7.129447E-06 -0.01110378
0.9981586  0.05963858   1.302924E-06 -0.01107864
0.9981548  0.05969635   1.020224E-06 -0.01110398
0.9981425  0.05989696   1.678929E-06 -0.01113151
0.9981414  0.05989438   5.159909E-06 -0.01124593
0.998149  0.05978448   1.970475E-05 -0.0111539
0.9981425  0.05989929   3.315421E-05 -0.01112403
0.9981349  0.06002481   3.490503E-05 -0.011132
0.9981498  0.059763   2.818307E-05 -0.01119059
0.9981545  0.05968412   2.559105E-05 -0.01120308
0.9981653  0.05950952   2.06042E-05 -0.01115982
0.9981729  0.05937957   2.834209E-05 -0.01117776
0.9981697  0.05942233   3.580783E-05 -0.01123743
0.9981638  0.05951553   4.528155E-05 -0.01126889
0.9981572  0.05962165   5.05899E-05 -0.01128791
0.9981526  0.05967702   6.57429E-05 -0.0114003
0.998153  0.05968068   7.359179E-05 -0.01135899
0.9981579  0.05959912   6.636651E-05 -0.01134063
0.9981619  0.05954649   6.435279E-05 -0.01127494
0.9981691  0.05943043   5.550026E-05 -0.01124441
0.9981496  0.05974706   5.907484E-05 -0.01130307
0.9981379  0.05994639   6.412173E-05 -0.01127291
0.9981355  0.0599985   6.250132E-05 -0.01121622
0.9981454  0.05985912   7.723874E-05 -0.01107914
0.9981393  0.05994496   8.975547E-05 -0.01115422
0.9981235  0.0602045   8.021936E-05 -0.01117841
0.9981177  0.06028735   9.203324E-05 -0.01124781
0.998111  0.06039199   9.492952E-05 -0.01127837
0.9981053  0.06047161   8.718731E-05 -0.01135162
0.9980991  0.06056311   8.968269E-05 -0.0114096
0.998121  0.06022086   0.0001030895 -0.01130392
0.9981095  0.06041645   0.0001066948 -0.01128414
0.9980981  0.06057393   0.0001040391 -0.01144413
0.998093  0.0606682   0.0001021987 -0.01139177
0.9980938  0.06066361   0.0001036896 -0.01134647
0.9980983  0.06058945   0.000106689 -0.01134374
0.9981245  0.06014537   0.0001083331 -0.01140056
0.9981191  0.06024197   9.416959E-05 -0.01136191
0.9981151  0.06032301   0.0001039274 -0.01128984
0.9981115  0.06038029   9.159429E-05 -0.01129499
0.9981123  0.06036026   0.0001002912 -0.011337
0.998109  0.06040764   0.0001103392 -0.01136864
0.9981036  0.06050311   0.0001127733 -0.01134306
0.9980819  0.06088625   0.0001136783 -0.01119612
0.9980709  0.06106582   0.0001022863 -0.01120603
0.9980722  0.06104566   0.0001101778 -0.01119003
0.9980842  0.06084329   0.0001059725 -0.01123369
0.9980846  0.06082886   0.0001108769 -0.01126582
0.9980794  0.06091662   0.0001133126 -0.01125916
0.9980921  0.06070849   0.0001060221 -0.01125679
0.9980811  0.06088659   0.0001014861 -0.01126219
0.9980931  0.06068759   7.106677E-05 -0.01127918
0.998091  0.06069005   5.653582E-05 -0.01144553
0.998089  0.06073897   5.06904E-05 -0.01136558
0.9980983  0.06060712   5.349437E-05 -0.01126163
0.9981032  0.06051838   4.909013E-05 -0.01129108
0.9981023  0.06053509   4.935943E-05 -0.01128909
0.9981003  0.06056046   4.887461E-05 -0.01132509
0.9981019  0.06053998   5.165977E-05 -0.01129196
0.9981123  0.06036499   4.244918E-05 -0.01131663
0.9981257  0.0601444   4.172685E-05 -0.01129649
0.9981247  0.0601459   3.159542E-05 -0.01137838
0.9981245  0.06016821   5.388336E-05 -0.0112826
0.9981241  0.06018246   6.328978E-05 -0.01123754
0.9981331  0.06005355   7.662941E-05 -0.0111332
0.9981304  0.06008901   8.487194E-05 -0.01117993
0.9981417  0.05989546   7.636526E-05 -0.01120924
0.9981396  0.059932   8.612168E-05 -0.01120787
0.9981371  0.0599933   0.0001001757 -0.01109788
0.998139  0.05993979   9.67915E-05 -0.01121037
0.9981315  0.060093   0.0001062457 -0.01106358
0.9981387  0.05997122   0.0001134193 -0.01107696
0.9981527  0.05973056   0.0001154589 -0.01110246
0.9981431  0.05987743   0.000122675 -0.01117662
0.998151  0.05975869   0.0001200306 -0.01111231
0.9981453  0.05983752   0.0001089972 -0.01120088
0.9981458  0.05981405   8.888241E-05 -0.01127711
0.9981477  0.05976883   7.743289E-05 -0.01135536
0.998148  0.05977007   9.584465E-05 -0.01132254
0.998148  0.05977461   0.0001021104 -0.01129776
0.9981422  0.05986929   9.750736E-05 -0.01130999
0.998137  0.05997295   0.0001211318 -0.01121023
0.9981369  0.05997334   0.000126529 -0.01122439
0.9981349  0.06001587   0.0001386652 -0.01116725
0.9981295  0.06008979   0.0001402267 -0.01125886
0.9981339  0.06003825   0.0001405575 -0.01113586
0.9981451  0.05984187   0.0001248502 -0.01119929
0.9981454  0.05981733   0.0001147418 -0.01129356
0.9981478  0.05979417   0.0001244766 -0.01120969
0.9981396  0.05992617   0.0001088416 -0.01123365
0.9981508  0.05975196   0.0001062374 -0.01116814
0.9981453  0.05981976   0.0001155774 -0.01129121
0.9981301  0.06008561   0.0001320358 -0.01122994
0.998109  0.0604535   0.0001387298 -0.01112008
0.9981114  0.06040421   0.0001331048 -0.01118199
0.998125  0.06018183   0.0001381956 -0.01116867
0.9981315  0.06008834   0.0001355844 -0.01108418
0.998136  0.06000846   0.0001244427 -0.01111579
0.9981501  0.05980464   0.0001325207 -0.01093906
0.9981529  0.05974782   0.0001371217 -0.01100074
0.9981426  0.05992024   0.0001380582 -0.01099681
0.9981326  0.06007017   0.000129088 -0.011084
0.9981406  0.05992703   0.0001139347 -0.01114544
0.9981495  0.05976321   0.0001124193 -0.01121702
0.9981554  0.0596519   0.0001055642 -0.01129926
0.9981617  0.05954659   0.0001006709 -0.01128652
0.9981573  0.05959785   0.0001098012 -0.01140851
0.9981464  0.05978291   0.0001254058 -0.01139657
0.9981465  0.05979554   0.0001176852 -0.01131349
0.9981573  0.05960119   0.0001198964 -0.01139189
0.998161  0.05951045   0.0001191721 -0.0115444
0.9981555  0.05960198   0.0001318354 -0.01154768
0.9981522  0.05967453   0.0001469859 -0.01145462
0.9981412  0.05984829   0.0001493202 -0.01150475
0.9981385  0.05990917   0.0001540963 -0.01141885
0.998142  0.05984357   0.0001490843 -0.01146128
0.998139  0.05989712   0.0001565182 -0.01143954
0.9981412  0.05984047   0.0001501549 -0.01154512
0.9981416  0.05982362   0.0001366544 -0.01160038
0.9981353  0.05991249   0.0001376887 -0.01168133
0.9981418  0.05981455   0.0001233183 -0.01161902
0.9981523  0.05965444   0.0001127162 -0.01155116
0.9981552  0.05960764   0.0001173241 -0.01154451
0.9981711  0.05934137   0.0001300652 -0.01153197
0.99817  0.05935619   0.0001227875 -0.01155678
0.9981663  0.05942124   0.0001252051 -0.01153827
0.9981646  0.05944831   0.0001293203 -0.01154533
0.9981527  0.05962051   0.0001278591 -0.01169099
0.9981411  0.0598326   0.0001437868 -0.01159351
0.9981517  0.05966369   0.0001371441 -0.01156131
0.9981425  0.05982162   0.0001521297 -0.011526
0.9981372  0.0598984   0.0001441921 -0.01159233
0.9981297  0.06002592   0.0001473972 -0.01157307
0.998138  0.05989972   0.0001552278 -0.01151805
0.9981362  0.05993592   0.0001583959 -0.01148207
0.9981273  0.06007717   0.0001519974 -0.01151661
0.9981225  0.06013237   0.0001430943 -0.01164904
0.9981334  0.05990444   0.0001213403 -0.01187946
0.9981272  0.06000367   0.0001111354 -0.01190465
0.9981233  0.06007231   0.0001233689 -0.01187927
0.9981245  0.06005428   0.0001066386 -0.01187852
0.9981228  0.06007254   9.828022E-05 -0.01192378
0.9981288  0.05998893   0.0001025489 -0.01184398
0.9981269  0.06003964   0.0001238886 -0.0117389
0.9981366  0.05987259   0.0001079321 -0.01177564
0.9981381  0.05984189   9.512923E-05 -0.01180354
0.9981341  0.05989909   8.560446E-05 -0.01185483
0.9981347  0.05986897   9.934785E-05 -0.01195259
0.9981291  0.05999187   9.931999E-05 -0.01179607
0.9981419  0.05979266   9.970109E-05 -0.01173063
0.9981403  0.05984247   0.00011174 -0.01160779
0.9981436  0.05979616   0.0001241503 -0.01156342
0.9981484  0.05974212   0.0001307496 -0.01142489
0.9981402  0.05988381   0.0001381245 -0.01140779
0.9981442  0.05983812   0.0001335207 -0.01129412
0.9981421  0.05988168   0.000138068 -0.01125098
0.9981496  0.05975428   0.0001313283 -0.01126508
0.998149  0.0597631   0.0001314415 -0.0112721
0.9981509  0.05977189   0.0001505486 -0.01105027
0.9981401  0.05993763   0.0001523117 -0.01112257
0.9981424  0.05991864   0.0001669514 -0.0110315
0.9981472  0.05981975   0.0001587601 -0.0111239
0.9981525  0.05974789   0.0001793943 -0.01103041
0.9981554  0.05970547   0.0001784873 -0.01100431
0.9981446  0.05984846   0.0001744157 -0.01119622
0.9981499  0.05975102   0.0001630239 -0.01125975
0.9981433  0.05986794   0.0001714424 -0.01121415
0.9981486  0.05979411   0.0001753072 -0.01113914
0.9981394  0.05993518   0.0001824059 -0.01119887
0.9981342  0.06003796   0.0001783028 -0.01111338
0.9981249  0.06017596   0.0001730386 -0.01120447
0.9981205  0.06023625   0.0001910212 -0.01126579
0.9981195  0.0602419   0.0001981269 -0.01133169
0.9981094  0.06041398   0.0002112462 -0.01130468
0.9980997  0.06056809   0.0002052692 -0.01132487
0.998105  0.06049536   0.0002174734 -0.01125599
0.9981214  0.06024842   0.0002220568 -0.01112517
0.9981194  0.06029706   0.0002215474 -0.01103971
0.9981188  0.06030964   0.0002214939 -0.01102967
0.9981266  0.06019024   0.0002284137 -0.01097157
0.9981126  0.06040204   0.0002218354 -0.01107992
0.9981278  0.06012494   0.0002093173 -0.01121799
0.9981315  0.06007275   0.0002064604 -0.01117111
0.9981261  0.06014322   0.0001884501 -0.01127504
0.9981207  0.06022858   0.000175316 -0.01129614
0.9981242  0.0601607   0.0001726537 -0.01134343
0.998113  0.06036096   0.0001853311 -0.0112619
0.9981127  0.06036132   0.0001847352 -0.01129634
0.9981036  0.0605056   0.0001966394 -0.01132598
0.998114  0.06034688   0.0001931027 -0.01124743
0.9981148  0.06033683   0.0001819714 -0.01123939
0.9981085  0.06042996   0.0001892953 -0.01130326
0.9981189  0.06025286   0.0001901128 -0.01132411
0.9981123  0.06037378   0.000196401 -0.01126055
0.9981059  0.06047911   0.0001751586 -0.01126153
0.998118  0.06027399   0.0001546376 -0.01129076
0.998114  0.06030817   0.00014522 -0.01146104
0.9981049  0.06046174   0.0001367429 -0.01144202
0.998108  0.06038819   0.0001450031 -0.0115571
0.9981091  0.06039402   0.0001678228 -0.01143612
0.9981238  0.0601719   0.0001641168 -0.01132873
0.9981086  0.06039827   0.0001693067 -0.01145405
0.9981099  0.06037312   0.0001516321 -0.01148495
0.9981167  0.06024938   0.0001368074 -0.01153288
0.9981205  0.06020994   0.0001378741 -0.01141928
0.9981106  0.06036835   0.0001420952 -0.01144049
0.9981021  0.06049839   0.0001185796 -0.0114967
0.9981072  0.06042558   0.000126603 -0.01143306
0.9981059  0.06046442   0.0001209884 -0.01134503
0.9981006  0.0605766   0.000124629 -0.01120733
0.9980941  0.06069877   0.0001246778 -0.01112201
0.9980952  0.06067454   0.0001276818 -0.01116712
0.9980896  0.06077634   0.0001257901 -0.01111196
0.9980865  0.06084945   0.0001225434 -0.01098975
0.9980834  0.06089502   0.0001058723 -0.01101625
0.9980823  0.06090671   0.0001092688 -0.0110556
0.9980795  0.06094623   0.0001068798 -0.0110907
0.9980883  0.0608039   9.625268E-05 -0.01107078
0.9980938  0.06074885   0.0001122342 -0.01087985
0.9981068  0.06050799   0.0001100629 -0.01102521
0.9981139  0.06039477   0.0001095241 -0.01100416
0.998115  0.06037639   0.0001257015 -0.01100576
0.9981221  0.06025224   0.0001264644 -0.01104479
0.9981227  0.06022384   0.0001141268 -0.01114503
0.9981257  0.06016308   9.861188E-05 -0.01120147
0.9981418  0.05992497   0.0001101612 -0.01104993
0.9981391  0.05996048   0.0001176219 -0.0110991
0.9981355  0.06001361   0.0001169394 -0.01113217
0.9981417  0.05988621   0.0001015957 -0.01126244
0.9981345  0.06000423   8.802574E-05 -0.01127534
0.9981309  0.06007491   9.589581E-05 -0.01121513
0.9981332  0.06001877   9.520265E-05 -0.01131399
0.9981309  0.06004803   8.327016E-05 -0.01134984
0.998123  0.06014784   8.917892E-05 -0.01152039
0.9981213  0.06018716   9.459745E-05 -0.0114646
0.9981268  0.06009979   8.31318E-05 -0.01143862
0.998129  0.06006378   8.447504E-05 -0.01143603
0.9981399  0.05990732   7.743645E-05 -0.01131071
0.9981244  0.06014872   8.008337E-05 -0.01139958
0.9981341  0.05998521   7.718996E-05 -0.01140527
0.9981431  0.05983759   8.676481E-05 -0.01139728
0.9981428  0.05984782   9.303606E-05 -0.01136289
0.998134  0.0599934   9.710548E-05 -0.01137626
0.998132  0.05999916   9.430775E-05 -0.01151778
0.9981316  0.06000956   0.0001053123 -0.01149891
0.9981399  0.05987659   0.0001060517 -0.01147304
0.9981287  0.06003451   9.524126E-05 -0.01161576
0.9981282  0.06005773   0.0001065168 -0.01153883
0.9981248  0.06011619   8.674877E-05 -0.01152405
0.9981214  0.06017936   8.364338E-05 -0.01149053
0.9981301  0.06002767   7.506345E-05 -0.01152804
0.9981354  0.05994119   7.271214E-05 -0.01151995
0.9981267  0.06006546   5.824245E-05 -0.01162656
0.9981301  0.06002478   7.647502E-05 -0.01155097
0.9981563  0.05962257   8.051264E-05 -0.01136526
0.9981531  0.05966259   8.150962E-05 -0.0114354
0.9981561  0.05962876   6.498785E-05 -0.01135245
0.9981483  0.05977499   0.0001035093 -0.01126817
0.998139  0.05992502   0.0001089429 -0.0112893
0.9981345  0.05998405   9.836174E-05 -0.01137654
0.9981328  0.06002143   0.0001015486 -0.01132729
0.9981363  0.0599592   0.0001054125 -0.01134456
0.9981304  0.0600398   9.542633E-05 -0.01144123
0.9981422  0.05986799   0.000102763 -0.01130907
0.9981328  0.06005335   0.0001111934 -0.01115042
0.9981416  0.05990002   9.587659E-05 -0.01119523
0.9981322  0.06005275   9.551309E-05 -0.01122045
0.9981368  0.05997899   9.059513E-05 -0.01120571
0.9981391  0.05995044   8.624912E-05 -0.01114738
0.9981249  0.06019433   7.576308E-05 -0.01110229
0.9981306  0.06010896   8.564418E-05 -0.01106091
0.9981396  0.05993472   8.564866E-05 -0.0111904
0.9981319  0.06006239   9.749696E-05 -0.01118775
0.9981248  0.06018194   9.844965E-05 -0.01117815
0.9981328  0.06003949   9.979951E-05 -0.01123565
0.9981055  0.06045917   9.980009E-05 -0.01140138
0.998099  0.06058752   0.0001093468 -0.01129453
0.998107  0.06046714   0.0001167662 -0.01123367
0.9981062  0.060486   0.0001309658 -0.01119728
0.9981073  0.06047815   0.0001326819 -0.0111515
0.9981098  0.06044114   0.0001344513 -0.01112349
0.9981079  0.06046489   0.0001308737 -0.01117175
0.9981092  0.06044215   0.0001254833 -0.01116853
0.998104  0.06054207   0.0001290947 -0.01108812
0.9981092  0.06043436   0.0001297953 -0.0112172
0.9981195  0.06026011   0.0001217081 -0.01123236
0.9981135  0.06035339   0.0001300414 -0.01126776
0.9981084  0.06043874   0.0001254399 -0.01126367
0.9981142  0.06034725   0.0001360483 -0.01124083
0.9981185  0.06027694   0.0001341924 -0.01123182
0.9981217  0.0602367   0.0001297559 -0.01116825
0.9981287  0.0601155   0.0001215496 -0.01119341
0.9981316  0.06010009   0.0001268075 -0.01101469
0.9981354  0.06004265   0.000133879 -0.01097871
0.9981389  0.05997626   0.0001150468 -0.01103151
0.9981366  0.05999713   0.0001148054 -0.01111806
0.9981371  0.05999509   0.000126044 -0.01108206
0.9981534  0.05971983   0.0001313002 -0.01110381
0.9981651  0.05952899   0.0001379668 -0.01106982
0.9981623  0.05957262   0.0001248 -0.01110318
0.9981663  0.05948747   0.0001235595 -0.01119206
0.9981592  0.05960007   0.0001281109 -0.01122687
0.9981708  0.05943255   0.0001395219 -0.01108084
0.9981704  0.05943189   0.0001477898 -0.0111228
0.9981836  0.05919142   0.0001318707 -0.01122099
0.9981864  0.05912403   0.0001309382 -0.01132702
0.99818  0.05922256   0.0001297993 -0.01137489
0.9981754  0.05932761   0.0001457226 -0.01122769
0.9981768  0.05930756   0.0001405673 -0.01122022
0.9981687  0.05945162   0.0001242735 -0.01116604
0.9981718  0.05938815   0.0001093803 -0.01122769
0.9981672  0.05945996   0.0001022522 -0.01125468
0.9981578  0.05959306   0.000107298 -0.01138868
0.9981422  0.05985401   0.0001038275 -0.01139004
0.9981486  0.05976078   0.0001111304 -0.01132282
0.9981527  0.05970235   0.0001083219 -0.01125834
0.9981595  0.05960409   0.0001065071 -0.01118293
0.9981625  0.05953624   0.0001019001 -0.01126784
0.99817  0.05939167   0.0001000774 -0.01136559
0.9981797  0.05922774   0.0001077939 -0.01137302
0.9981714  0.05935659   8.728899E-05 -0.01142588
0.9981767  0.05926222   8.913637E-05 -0.01145624
0.998171  0.0593516   0.0001082202 -0.01149268
0.9981642  0.05943938   0.0001016141 -0.01162199
0.9981608  0.05950889   0.0001008321 -0.01156315
0.9981578  0.05954018   0.0001113062 -0.01166106
0.9981421  0.05980875   0.0001105584 -0.01163662
0.9981506  0.05966414   0.0001043347 -0.01164037
0.998153  0.05964255   0.0001079187 -0.01154793
0.9981515  0.05967597   0.000109313 -0.01150695
0.9981536  0.05966097   0.0001148343 -0.01140029
0.998158  0.05957719   0.0001136872 -0.01144873
0.9981523  0.05969563   0.0001148601 -0.01133662
0.9981577  0.05959475   9.498618E-05 -0.01138504
0.9981659  0.05946344   9.995032E-05 -0.0113581
0.9981529  0.05968242   9.899167E-05 -0.01135012
0.9981662  0.05946269   8.613442E-05 -0.01133244
0.9981644  0.05949481   9.803435E-05 -0.01132173
0.998181  0.05923129   9.685541E-05 -0.01123114
0.9981918  0.05904097   0.0001072111 -0.0112893
0.9981942  0.05897937   8.975048E-05 -0.01139293
0.9981756  0.05927338   8.635861E-05 -0.01149114
0.9981708  0.0593554   0.0001039694 -0.01149615
0.9981779  0.05922466   9.762005E-05 -0.01154491
0.9981865  0.0590866   9.823851E-05 -0.0115106
0.9981845  0.05913577   0.0001049261 -0.01142936
0.9981852  0.05913706   0.0001044899 -0.01136151
0.9981874  0.05910574   0.00010086 -0.01133518
0.9981737  0.0593421   9.486684E-05 -0.01131069
0.998179  0.05927457   0.0001058595 -0.01119252
0.998166  0.05949654   9.52832E-05 -0.01116974
0.9981732  0.05940095   0.0001063661 -0.01104525
0.9981667  0.05952711   0.0001132497 -0.01093965
0.9981552  0.05974417   0.0001341472 -0.01080778
0.9981596  0.05968216   0.0001365753 -0.01074853
0.9981588  0.05967854   0.0001424472 -0.01083171
0.9981619  0.05962099   0.0001501827 -0.0108769
0.9981621  0.05964964   0.0001777731 -0.01068721
0.9981451  0.0599345   0.0001858133 -0.0106858
0.9981383  0.06004888   0.0001931934 -0.01067947
0.9981487  0.05986519   0.0001849674 -0.01074231
0.9981492  0.05986599   0.0002043476 -0.01069286
0.9981585  0.05971155   0.0002118491 -0.01068794
0.9981658  0.05958742   0.0002055459 -0.01069449
0.9981644  0.05962072   0.0002040273 -0.01063465
0.9981468  0.05990038   0.0001974705 -0.01072432
0.9981349  0.06007918   0.0001898318 -0.01082851
0.9981295  0.06016669   0.0001902924 -0.01082724
0.9981442  0.0599417   0.0002065341 -0.01072796
0.9981508  0.05984633   0.000220493 -0.01064911
0.9981561  0.05975755   0.0002088146 -0.01064598
0.9981521  0.05980744   0.0001964776 -0.01074305
0.9981521  0.05978147   0.0001705134 -0.01088676
0.9981462  0.05988595   0.0001690347 -0.01084527
0.9981465  0.05988641   0.0001748914 -0.01083039
0.9981391  0.05999872   0.0001902637 -0.01088831
0.9981462  0.05985742   0.0001792447 -0.01100768
0.9981345  0.06006168   0.0001899131 -0.01095874
0.9981359  0.06005226   0.0002089028 -0.01088719
0.9981492  0.05983265   0.0002071289 -0.01087139
0.9981694  0.05949915   0.0001903938 -0.01084962
0.9981703  0.05948457   0.0001852078 -0.01084445
0.9981706  0.0594807   0.000190254 -0.0108452
0.9981608  0.05963912   0.0001926108 -0.01086946
0.998152  0.05978625   0.0001920753 -0.01087649
0.9981557  0.05974029   0.0002008243 -0.01078654
0.9981582  0.05968381   0.0001916899 -0.01086599
0.9981564  0.05969118   0.0001925168 -0.0109857
0.9981722  0.05943976   0.0001920362 -0.01091968
0.9981843  0.05923741   0.0001798342 -0.0109033
0.9981927  0.05906517   0.0001659101 -0.01106971
0.9981862  0.05917421   0.0001779146 -0.01108194
0.9981657  0.05952608   0.0001907163 -0.01103894
0.9981651  0.05954532   0.0001983975 -0.01098909
0.9981635  0.05952521   0.0001945617 -0.01123477
0.9981627  0.05956341   0.0002142215 -0.01110198
0.9981719  0.05941747   0.0002294177 -0.01106594
0.9981777  0.05929745   0.0002260671 -0.01118556
0.9981629  0.05954522   0.0002313372 -0.01118691
0.9981447  0.05987635   0.0002391381 -0.01104072
0.9981275  0.06017393   0.0002505012 -0.0109771
0.998123  0.0602388   0.0002532651 -0.01103219
0.9981424  0.05990631   0.0002467322 -0.01108607
0.9981503  0.05977786   0.0002633468 -0.0110673
0.9981393  0.05997936   0.0002639083 -0.0109703
0.9981424  0.05992504   0.0002730792 -0.01098891
0.9981287  0.06016004   0.0002999638 -0.01094736
0.9981318  0.06010076   0.0003022657 -0.0109923
0.9981357  0.06003776   0.0002980671 -0.01097444
0.9981357  0.06002859   0.0002900719 -0.01102479
0.9981443  0.05990206   0.0002934709 -0.01094173
0.9981491  0.05982125   0.0002874668 -0.01094218
0.998162  0.05960914   0.0003019045 -0.01092875
0.9981807  0.05928346   0.0002889846 -0.01098746
0.9981802  0.05928205   0.000291452 -0.01104502
0.9981691  0.05948469   0.0002838982 -0.01095145
0.9981453  0.05986246   0.000281934 -0.01106154
0.9981431  0.05990976   0.0003129435 -0.01100737
0.9981496  0.05982129   0.0003150331 -0.01089192
0.9981499  0.05982141   0.0003213226 -0.01087265
0.9981652  0.05956024   0.0003207028 -0.01088743
0.9981608  0.0596289   0.0003047352 -0.01093071
0.9981598  0.05963954   0.000304193 -0.01095732
0.9981532  0.05973911   0.0003162551 -0.01101529
0.9981464  0.059872   0.0003088439 -0.01090993
0.9981379  0.06000744   0.0003137887 -0.01094448
0.9981327  0.06008764   0.0003183917 -0.01097565
0.9981264  0.06020542   0.0003224814 -0.01090734
0.9981336  0.060092   0.000329421 -0.01087512
0.9981381  0.0600245   0.0003332699 -0.01083784
0.9981374  0.06002644   0.000346739 -0.01088622
0.9981377  0.06000061   0.0003291317 -0.01099776
0.9981475  0.05983932   0.0003271031 -0.01099535
0.9981477  0.05982923   0.0003248812 -0.01101621
0.9981421  0.05991979   0.0003276033 -0.01104228
0.9981436  0.05988913   0.0003199155 -0.01107134
0.9981421  0.05990337   0.0003123854 -0.011138
0.9981455  0.05982653   0.0002967379 -0.01123654
0.9981481  0.05980966   0.000300297 -0.0110956
0.9981432  0.05988561   0.0003005991 -0.01112396
0.9981293  0.06010716   0.0003044111 -0.01117519
0.9981166  0.06031779   0.0002851584 -0.01117789
0.9981188  0.06028568   0.0002918258 -0.0111544
0.9981133  0.06040724   0.0003109062 -0.01098679
0.9981143  0.06039898   0.000294598 -0.01094354
0.9981142  0.06040882   0.0002970372 -0.01089658
0.9981002  0.06060794   0.000281436 -0.01107411
0.9980846  0.0608628   0.0002810045 -0.01107664
0.9980693  0.06111247   0.0002845289 -0.01108776
0.9980845  0.06088259   0.0002820535 -0.01098126
0.9981025  0.06057191   0.0002523662 -0.01106638
0.9980949  0.06068892   0.0002447051 -0.01111267
0.9980983  0.06061588   0.0002314936 -0.01120679
0.9981063  0.06048281   0.0002240655 -0.01120925
0.9981102  0.06040161   0.0002295237 -0.01129856
0.9981142  0.06034371   0.0002303866 -0.01124561
0.9981209  0.06021817   0.0002240247 -0.01133617
0.9981148  0.06032381   0.0002335855 -0.01130843
0.9981117  0.06035471   0.0002357445 -0.01142102
0.9981093  0.06038471   0.0002331735 -0.01145729
0.9981022  0.06052674   0.0002466911 -0.01133634
0.998103  0.06050782   0.0002597969 -0.01135979
0.9981216  0.06020297   0.0002573953 -0.01135154
0.9981357  0.05996778   0.0002503808 -0.01135436
0.9981383  0.05992332   0.0002388813 -0.01136306
0.9981328  0.05999378   0.0002443991 -0.0114712
0.9981295  0.06003203   0.0002602773 -0.01156368
0.99813  0.06002175   0.0002532554 -0.01157051
0.9981269  0.06010807   0.0002594418 -0.01138653
0.9981327  0.06002823   0.0002799476 -0.01130384
0.9981406  0.05988301   0.0002772063 -0.01136324
0.9981511  0.05970092   0.0002786916 -0.01141065
0.9981667  0.0594659   0.0002947952 -0.01126665
0.9981491  0.05976785   0.0003038495 -0.01123054
0.9981424  0.05988669   0.0003260724 -0.01119255
0.9981521  0.05973885   0.0003336417 -0.01110701
0.998157  0.0596357   0.0003304336 -0.01123111
0.9981523  0.05972248   0.0003427874 -0.0111779
0.9981543  0.05967652   0.0003320346 -0.01125446
0.998151  0.05973235   0.0003391531 -0.01124228
0.9981363  0.05999565   0.0003410451 -0.01115035
0.9981335  0.06002827   0.0003372383 -0.01122964
0.9981321  0.06004145   0.0003240253 -0.01127512
0.998132  0.0600474   0.0003197906 -0.01125529
0.9981277  0.06011754   0.0003092036 -0.01126442
0.9981301  0.06008545   0.0003205779 -0.01121865
0.9981306  0.06005524   0.0003228695 -0.01134337
0.998137  0.0599541   0.0003314283 -0.01130976
0.9981264  0.0601168   0.0003328616 -0.01138326
0.9981237  0.06015336   0.0003204432 -0.01142394
0.9981205  0.06019687   0.0003238504 -0.0114748
0.9981217  0.06019023   0.0003208794 -0.01140854
0.9981192  0.06021383   0.0002992546 -0.01150565
0.9981216  0.06017384   0.000294211 -0.01149521
0.998148  0.05974177   0.0002962136 -0.01146864
0.9981516  0.05969357   0.0003142093 -0.01140398
0.998149  0.05974562   0.0003317621 -0.01135928
0.9981434  0.05982821   0.0003342041 -0.01141465
0.9981515  0.05967712   0.0003327148 -0.01149064
0.9981665  0.0594511   0.0003326482 -0.01136269
0.9981679  0.05943065   0.0003381622 -0.01134866
0.9981679  0.05940865   0.0003259873 -0.01145873
0.9981521  0.05968274   0.0003337214 -0.01141136
0.998135  0.05997341   0.0003282895 -0.01138599
0.9981339  0.06002296   0.0003299242 -0.01121491
0.9981359  0.05999501   0.0003245608 -0.01119075
0.9981267  0.06014678   0.0003407156 -0.01120424
0.9981169  0.06031034   0.0003490908 -0.0111934
0.9981219  0.06022211   0.0003627463 -0.01122448
0.998104  0.060505   0.0003462068 -0.0112882
0.9980903  0.06074619   0.0003469744 -0.01120137
0.9980869  0.06079575   0.0003367358 -0.01124281
0.9980901  0.0607573   0.0003472201 -0.01116715
0.9981031  0.06050852   0.0003235663 -0.01134731
0.9981124  0.06035222   0.0003315207 -0.01136333
0.9981178  0.06027583   0.0003456374 -0.01129254
0.9981144  0.06033885   0.0003530375 -0.0112561
0.9981302  0.06006871   0.0003385742 -0.01130463
0.9981356  0.0599594   0.0003265043 -0.01140991
0.9981365  0.05994462   0.0003267137 -0.0114034
0.9981351  0.05998368   0.000341761 -0.01132054
0.9981371  0.05995835   0.0003492711 -0.0112835
0.9981337  0.06001979   0.0003415053 -0.01125076
0.9981491  0.05977039   0.0003551335 -0.01121811
0.9981549  0.05967252   0.0003537981 -0.01121735
0.9981527  0.05970367   0.0003410575 -0.0112532
0.9981496  0.05972752   0.0003217994 -0.01140258
0.9981476  0.05975016   0.0003258607 -0.01144792
0.9981468  0.05975876   0.0003170004 -0.01148716
0.9981397  0.05987885   0.0003459409 -0.01146998
0.9981404  0.0598606   0.0003542858 -0.01151069
0.9981477  0.05973577   0.0003901827 -0.0115107
0.9981416  0.05979428   0.0003941451 -0.01173899
0.9981308  0.05998059   0.0004147678 -0.01170604
0.9981314  0.05996281   0.0004004463 -0.01175573
0.9981388  0.05985524   0.000406538 -0.0116646
0.9981388  0.0598768   0.0004015256 -0.01156243
0.998144  0.0597815   0.0003823427 -0.01160662
0.9981583  0.05955147   0.0003885841 -0.01155536
0.9981678  0.05938731   0.0003742194 -0.01157483
0.9981793  0.05922233   0.0003966198 -0.01142782
0.9981828  0.0591759   0.000411536 -0.01136627
0.9981767  0.05926119   0.0003917483 -0.01145678
0.9981804  0.05920126   0.0003921423 -0.01144017
0.9981601  0.05956114   0.0004046312 -0.01134451
0.9981933  0.05904907   0.0003970769 -0.01109384
0.9981551  0.05965896   0.0003442832 -0.01128018
0.9980208  0.06176078   0.0002896678 -0.01183116
