-0.4737305  -0.1244141   9.747363
-0.4067383  -0.1052734   9.823926
-0.4498047  -0.1674805   9.804785
-0.4067383  -0.1291992   9.852636
-0.4067383  -0.1291992   9.804785
-0.459375  -0.1052734   9.881348
-0.4402344  -0.1866211   9.862207
-0.4737305  -0.1148437   9.766504
-0.4067383  -0.1961914   9.785645
-0.3923828  -0.1148437   9.761719
-0.4498047  -0.1387695   9.771289
-0.4354492  -0.1339844   9.900488
-0.4450195  -0.1387695   9.857422
-0.4115234  -0.1291992   9.718653
-0.4163086  -0.1770508   9.804785
-0.4402344  -0.1148437   9.919629
-0.4689453  -0.08134766   9.81914
-0.4354492  -0.08134766   9.81914
-0.4354492  -0.1914063   9.910059
-0.4402344  -0.1387695   9.795215
-0.4545898  -0.1387695   9.833496
-0.4306641  -0.1579102   9.81914
-0.5072266  -0.1387695   9.924414
-0.4545898  -0.1100586   9.776074
-0.4163086  -0.1100586   9.857422
-0.4306641  -0.1291992   9.838282
-0.4498047  -0.1244141   9.900488
-0.4402344  -0.1339844   9.919629
-0.4354492  -0.1291992   9.814356
-0.4210938  -0.07177734   9.80957
-0.4115234  -0.1579102   9.733007
-0.4545898  -0.1244141   9.814356
-0.4976563  -0.1722656   9.886133
-0.4115234  -0.08134766   9.766504
-0.4115234  -0.1483398   9.890918
-0.4354492  -0.09570313   9.890918
-0.4067383  -0.1866211   9.890918
-0.4641601  -0.1291992   9.80957
-0.397168  -0.1722656   9.785645
-0.4306641  -0.1866211   9.957911
-0.4306641  -0.1579102   9.828711
-0.4067383  -0.1435547   9.857422
-0.4306641  -0.1339844   9.81914
-0.4163086  -0.1435547   9.823926
-0.4880859  -0.1722656   9.852636
-0.4067383  -0.1244141   9.795215
-0.4641601  -0.1770508   9.838282
-0.4833008  -0.1100586   9.81914
-0.4402344  -0.1961914   9.876562
-0.4785156  -0.1196289   9.80957
-0.4450195  -0.153125   9.862207
-0.4641601  -0.08613281   9.852636
-0.4354492  -0.2105469   9.871778
-0.459375  -0.1196289   9.852636
-0.4306641  -0.1770508   9.828711
-0.4689453  -0.1196289   9.862207
-0.4641601  -0.1244141   9.814356
-0.4210938  -0.153125   9.828711
-0.4258789  -0.153125   9.933985
-0.4354492  -0.1674805   9.890918
-0.4450195  -0.153125   9.79043
-0.4258789  -0.1148437   9.862207
-0.4258789  -0.1244141   9.795215
-0.5167969  -0.1626953   9.79043
-0.4019531  -0.1052734   9.876562
-0.4833008  -0.1626953   9.866992
-0.4880859  -0.1483398   9.780859
-0.4737305  -0.1674805   9.8
-0.4689453  -0.1244141   9.847852
-0.4354492  -0.1148437   9.804785
-0.3732422  -0.1579102   9.852636
-0.4833008  -0.1291992   9.8
-0.4163086  -0.1387695   9.938769
-0.4067383  -0.215332   9.857422
-0.4306641  -0.1435547   9.895703
-0.459375  -0.1339844   9.828711
-0.4785156  -0.1244141   9.814356
-0.4067383  -0.1291992   9.847852
-0.4354492  -0.1435547   9.847852
-0.4450195  -0.153125   9.881348
-0.4545898  -0.09570313   9.857422
-0.4641601  -0.1291992   9.823926
-0.4641601  -0.153125   9.833496
-0.459375  -0.1626953   9.876562
-0.4737305  -0.1339844   9.871778
-0.4354492  -0.0765625   9.761719
-0.4306641  -0.1052734   9.876562
-0.5024414  -0.1100586   9.814356
-0.4115234  -0.08613281   10.01055
-0.4258789  -0.1339844   9.866992
-0.4928711  -0.1866211   9.795215
-0.4498047  -0.1674805   9.862207
-0.4354492  -0.1339844   9.895703
-0.4545898  -0.1244141   9.871778
-0.459375  -0.1674805   9.866992
-0.4258789  -0.1196289   9.814356
-0.4306641  -0.09570313   9.871778
-0.4641601  -0.1435547   9.771289
-0.4306641  -0.1291992   9.838282
-0.4641601  -0.1483398   9.828711
-0.4163086  -0.1339844   9.876562
-0.4258789  -0.1387695   9.833496
-0.5024414  -0.1435547   9.876562
-0.4306641  -0.1770508   9.862207
-0.4450195  -0.1100586   9.833496
-0.4354492  -0.0765625   9.910059
-0.4210938  -0.05263672   9.80957
-0.4641601  -0.1004883   9.785645
-0.4498047  -0.153125   9.81914
-0.4402344  -0.1387695   9.756933
-0.4833008  -0.07177734   9.8
-0.4067383  -0.1579102   9.833496
-0.4641601  -0.1483398   9.80957
-0.4402344  -0.1339844   9.823926
-0.4163086  -0.08613281   9.871778
-0.459375  -0.1100586   9.780859
-0.4115234  -0.1052734   9.828711
-0.4689453  -0.07177734   9.79043
-0.4067383  -0.0765625   9.886133
-0.4641601  -0.1435547   9.871778
-0.4880859  -0.153125   9.914844
-0.459375  -0.1483398   9.852636
-0.3780273  -0.08613281   9.713867
-0.459375  -0.1196289   9.847852
-0.4306641  -0.1483398   9.761719
-0.4354492  -0.09091797   9.814356
-0.4737305  -0.1674805   9.852636
-0.459375  -0.1626953   9.857422
-0.4258789  -0.1387695   9.785645
-0.4545898  -0.1579102   9.814356
-0.459375  -0.1004883   9.80957
-0.4354492  -0.1722656   9.905273
-0.4928711  -0.1148437   9.828711
-0.4641601  -0.1244141   9.857422
-0.4354492  -0.1244141   9.866992
-0.4258789  -0.1148437   9.900488
-0.4641601  -0.1339844   9.833496
-0.4210938  -0.1244141   9.81914
-0.4785156  -0.1483398   9.871778
-0.4163086  -0.1291992   9.847852
-0.459375  -0.1244141   9.81914
-0.4354492  -0.1339844   9.833496
-0.4450195  -0.06220703   9.943555
-0.4258789  -0.1483398   9.910059
-0.4258789  -0.1674805   9.895703
-0.4163086  -0.153125   9.871778
-0.4737305  -0.1626953   9.814356
-0.4641601  -0.1770508   9.771289
-0.4545898  -0.1483398   9.910059
-0.4450195  -0.1100586   9.852636
-0.4306641  -0.1626953   9.876562
-0.4354492  -0.09570313   9.910059
-0.4545898  -0.1626953   9.761719
-0.4354492  -0.1244141   9.843066
-0.4450195  -0.1387695   9.766504
-0.4498047  -0.09091797   9.785645
-0.4641601  -0.08613281   9.881348
-0.4402344  -0.1579102   9.862207
-0.4354492  -0.1818359   9.910059
-0.4258789  -0.1100586   9.733007
-0.4785156  -0.1148437   9.933985
-0.4258789  -0.1626953   9.890918
-0.4115234  -0.1674805   9.957911
-0.4402344  -0.1626953   9.914844
-0.4545898  -0.153125   9.843066
-0.4258789  -0.1818359   9.890918
-0.4545898  -0.1387695   9.881348
-0.4450195  -0.1435547   9.862207
-0.4545898  -0.1579102   9.780859
-0.4450195  -0.1435547   9.895703
-0.4833008  -0.1387695   9.785645
-0.4306641  -0.1387695   9.823926
-0.4450195  -0.09091797   9.900488
-0.4880859  -0.1339844   9.838282
-0.4210938  -0.1196289   9.938769
-0.4498047  -0.1579102   9.871778
-0.4258789  -0.1100586   9.914844
-0.459375  -0.1387695   9.823926
-0.4163086  -0.1483398   9.752149
-0.4785156  -0.1483398   9.843066
-0.4402344  -0.1291992   9.900488
-0.4163086  -0.1052734   9.8
-0.4689453  -0.1579102   9.910059
-0.4928711  -0.1291992   9.833496
-0.4737305  -0.1004883   9.79043
-0.4402344  -0.153125   9.80957
-0.4737305  -0.1435547   9.833496
-0.4306641  -0.1148437   9.833496
-0.3780273  -0.1291992   9.938769
-0.4210938  -0.1387695   9.771289
-0.4258789  -0.153125   9.838282
-0.4737305  -0.1339844   9.785645
-0.4545898  -0.1818359   9.756933
-0.4785156  -0.1339844   9.795215
-0.459375  -0.1148437   9.776074
-0.4545898  -0.1291992   9.886133
-0.4785156  -0.1291992   9.847852
-0.5311524  -0.1052734   9.881348
-0.4928711  -0.1339844   9.871778
-0.4545898  -0.1722656   9.967481
-0.4545898  -0.1435547   9.914844
-0.4258789  -0.06699219   9.814356
-0.4641601  -0.1196289   9.80957
-0.4115234  -0.1483398   9.795215
-0.4258789  -0.1579102   9.80957
-0.4641601  -0.1148437   9.895703
-0.4545898  -0.1339844   9.823926
-0.4545898  -0.1196289   9.886133
-0.4306641  -0.1196289   9.857422
-0.4450195  -0.1626953   9.814356
-0.4833008  -0.1818359   9.804785
-0.4450195  -0.1435547   9.843066
-0.4402344  -0.1244141   9.838282
-0.4163086  -0.1196289   9.814356
-0.4163086  -0.1148437   9.771289
-0.4450195  -0.1339844   9.876562
-0.4450195  -0.1004883   9.862207
-0.4498047  -0.1339844   9.833496
-0.5120117  -0.1291992   9.852636
-0.4210938  -0.1244141   9.80957
-0.4258789  -0.1818359   9.804785
-0.4354492  -0.1579102   9.81914
-0.5550781  -0.1148437   9.857422
-0.4689453  -0.1148437   9.838282
-0.4498047  -0.1387695   9.80957
-0.4258789  -0.1291992   9.919629
-0.4689453  -0.1579102   9.962695
-0.4833008  -0.1052734   9.828711
-0.397168  -0.1435547   9.862207
-0.459375  -0.1722656   9.843066
-0.4163086  -0.1818359   9.933985
-0.3828125  -0.1052734   9.862207
-0.4928711  -0.1770508   9.833496
-0.4019531  -0.1291992   9.81914
-0.4498047  -0.09091797   9.886133
-0.4737305  -0.1579102   9.823926
-0.4258789  -0.1387695   9.871778
-0.4402344  -0.1387695   9.780859
-0.4880859  -0.1148437   9.713867
-0.4737305  -0.1579102   9.886133
-0.4689453  -0.1148437   9.833496
-0.4402344  -0.1387695   9.938769
-0.4450195  -0.1435547   9.919629
-0.4115234  -0.1291992   9.804785
-0.5120117  -0.06220703   9.862207
-0.4928711  -0.1244141   9.828711
-0.4402344  -0.1004883   9.843066
-0.4163086  -0.05263672   9.8
-0.4402344  -0.1196289   9.752149
-0.4737305  -0.1196289   9.852636
-0.4258789  -0.1387695   9.828711
-0.4833008  -0.153125   9.876562
-0.4641601  -0.08134766   9.804785
-0.4641601  -0.1818359   9.828711
-0.4785156  -0.1100586   9.881348
-0.4306641  -0.2105469   9.910059
-0.4785156  -0.1435547   9.756933
-0.4163086  -0.215332   9.761719
-0.4498047  -0.1626953   9.780859
-0.4545898  -0.1196289   9.929199
-0.4545898  -0.1866211   9.780859
-0.4641601  -0.08613281   9.866992
-0.4067383  -0.1244141   9.905273
-0.4354492  -0.1435547   9.81914
-0.4737305  -0.1100586   9.828711
-0.4306641  -0.04785156   9.886133
-0.4785156  -0.1196289   9.905273
-0.4450195  -0.1626953   9.828711
-0.4737305  -0.1244141   9.929199
-0.4354492  -0.1339844   9.876562
-0.5024414  -0.1387695   9.843066
-0.4258789  -0.1148437   9.924414
-0.4450195  -0.1148437   9.871778
-0.4498047  -0.1483398   9.857422
-0.4833008  -0.1148437   9.866992
-0.4115234  -0.1866211   9.8
-0.4354492  -0.153125   9.866992
-0.4785156  -0.08134766   9.905273
-0.459375  -0.1579102   9.905273
-0.4689453  -0.153125   9.81914
-0.4498047  -0.1100586   9.866992
-0.4402344  -0.1004883   9.890918
-0.4258789  -0.1291992   9.847852
-0.4785156  -0.1435547   9.876562
-0.4019531  -0.1244141   9.823926
-0.4833008  -0.1244141   9.886133
-0.459375  -0.1339844   9.862207
-0.4115234  -0.1770508   9.871778
-0.4258789  -0.1722656   9.847852
-0.4450195  -0.153125   9.838282
-0.4641601  -0.1148437   9.862207
-0.4785156  -0.1148437   9.80957
-0.4833008  -0.1674805   9.866992
-0.4163086  -0.09091797   9.843066
-0.4785156  -0.1722656   9.900488
-0.4450195  -0.1435547   9.890918
-0.4785156  -0.1483398   9.866992
-0.4928711  -0.05742187   9.905273
-0.4306641  -0.1579102   9.876562
-0.4928711  -0.1579102   9.804785
-0.4210938  -0.1148437   9.804785
-0.4067383  -0.1722656   9.771289
-0.4498047  -0.1435547   9.843066
-0.4928711  -0.08613281   9.910059
-0.4115234  -0.1244141   9.919629
-0.4545898  -0.1674805   9.876562
-0.4258789  -0.1866211   9.79043
-0.4641601  -0.1435547   9.81914
-0.4210938  -0.1866211   9.81914
-0.4258789  -0.1196289   9.80957
-0.4402344  -0.1004883   9.814356
-0.397168  -0.1579102   9.881348
-0.4689453  -0.1196289   9.8
-0.4689453  -0.1339844   9.804785
-0.4067383  -0.09091797   9.780859
-0.4498047  -0.1722656   9.890918
-0.4115234  -0.1483398   9.756933
-0.4545898  -0.1579102   9.843066
-0.4354492  -0.1674805   9.804785
-0.4019531  -0.1579102   9.871778
-0.4163086  -0.1914063   9.833496
-0.4450195  -0.1674805   9.862207
-0.4450195  -0.1291992   9.886133
-0.4258789  -0.1626953   9.886133
-0.4306641  -0.153125   9.828711
-0.4115234  -0.1387695   9.838282
-0.4785156  -0.09570313   9.828711
-0.4067383  -0.1770508   9.81914
-0.4498047  -0.1387695   9.833496
-0.4450195  -0.1722656   9.843066
-0.4306641  -0.1387695   9.881348
-0.4306641  -0.1100586   9.833496
-0.4450195  -0.1196289   9.847852
-0.4641601  -0.153125   9.838282
-0.4163086  -0.1004883   9.838282
-0.4833008  -0.1387695   9.80957
-0.4258789  -0.1004883   9.81914
-0.4306641  -0.1291992   9.752149
-0.4785156  -0.1914063   9.795215
-0.4737305  -0.1579102   9.871778
-0.4737305  -0.1339844   9.857422
-0.4210938  -0.1244141   9.747363
-0.4689453  -0.1914063   9.81914
-0.4833008  -0.1914063   9.843066
-0.4545898  -0.1100586   9.895703
-0.4737305  -0.09570313   9.871778
-0.4067383  -0.1770508   9.804785
-0.459375  -0.1387695   9.833496
-0.4737305  -0.1244141   9.843066
-0.459375  -0.1291992   9.828711
-0.459375  -0.1004883   9.81914
-0.4498047  -0.1387695   9.857422
-0.4545898  -0.1244141   9.886133
-0.4354492  -0.1339844   9.881348
-0.4641601  -0.2009766   9.933985
-0.4689453  -0.1483398   9.871778
-0.4354492  -0.1196289   9.8
-0.4210938  -0.1387695   9.895703
-0.4354492  -0.1626953   9.838282
-0.4306641  -0.153125   9.910059
-0.4258789  -0.2009766   9.785645
-0.4545898  -0.1387695   9.823926
-0.4354492  -0.1674805   9.838282
-0.4163086  -0.09570313   9.876562
-0.4833008  -0.1674805   9.895703
-0.4354492  -0.1291992   9.881348
-0.4689453  -0.1961914   9.828711
-0.4689453  -0.1579102   9.79043
-0.4163086  -0.1435547   9.914844
-0.4210938  -0.1244141   9.843066
-0.459375  -0.153125   9.852636
-0.4306641  -0.1866211   9.900488
-0.4498047  -0.1004883   9.814356
-0.4641601  -0.1244141   9.795215
-0.4306641  -0.09570313   9.967481
-0.4450195  -0.1674805   9.823926
-0.4115234  -0.1148437   9.785645
-0.4737305  -0.1052734   9.871778
-0.4306641  -0.1483398   9.857422
-0.4737305  -0.1435547   9.862207
-0.3828125  -0.1244141   9.857422
-0.4689453  -0.1244141   9.847852
-0.4115234  -0.1100586   9.80957
-0.4450195  -0.1387695   9.843066
-0.4833008  -0.1148437   9.833496
-0.4163086  -0.153125   9.843066
-0.4450195  -0.1004883   9.967481
-0.4210938  -0.09570313   9.866992
-0.4689453  -0.1579102   9.977051
-0.459375  -0.1196289   9.900488
-0.3780273  -0.06220703   9.80957
-0.4402344  -0.1196289   9.890918
-0.4833008  -0.2009766   9.8
-0.4689453  -0.1100586   9.910059
-0.4545898  -0.1339844   9.857422
-0.459375  -0.1770508   9.8
-0.4928711  -0.153125   9.828711
-0.4019531  -0.1626953   9.866992
-0.4880859  -0.1339844   9.862207
-0.4354492  -0.1435547   9.905273
-0.4785156  -0.1339844   9.981836
-0.4833008  -0.153125   9.895703
-0.4450195  -0.1291992   9.886133
-0.4880859  -0.1866211   9.905273
-0.4354492  -0.1435547   9.838282
-0.4115234  -0.1339844   9.838282
-0.4354492  -0.1387695   9.795215
-0.4450195  -0.1004883   9.871778
-0.4402344  -0.1483398   9.871778
-0.5024414  -0.1387695   9.929199
-0.4354492  -0.1196289   9.895703
-0.4833008  -0.1196289   9.881348
-0.4737305  -0.1435547   9.828711
-0.4976563  -0.1483398   9.8
-0.4306641  -0.1100586   9.761719
-0.4354492  -0.1004883   9.871778
-0.4641601  -0.05263672   9.814356
-0.4019531  -0.1052734   9.80957
-0.4402344  -0.1674805   9.862207
-0.4641601  -0.08613281   9.857422
-0.4402344  -0.08613281   9.895703
-0.4498047  -0.1339844   9.862207
-0.4450195  -0.1435547   9.833496
-0.4354492  -0.1435547   9.919629
-0.4019531  -0.1339844   9.847852
-0.4880859  -0.1291992   9.80957
-0.459375  -0.1674805   9.823926
-0.4163086  -0.1339844   9.828711
-0.4833008  -0.1148437   9.847852
-0.4402344  -0.1100586   9.843066
-0.4689453  -0.1722656   9.847852
-0.4641601  -0.1148437   9.833496
-0.4880859  -0.1722656   9.80957
-0.4545898  -0.1244141   9.862207
-0.4545898  -0.1722656   9.814356
-0.521582  -0.1291992   9.943555
-0.4785156  -0.1291992   9.900488
-0.4450195  -0.1818359   9.838282
-0.4354492  -0.08134766   9.881348
-0.459375  -0.1387695   9.919629
-0.4545898  -0.09570313   9.833496
-0.4354492  -0.1339844   9.857422
-0.4785156  -0.1914063   9.857422
-0.4880859  -0.1196289   9.910059
-0.4641601  -0.1339844   9.804785
-0.4545898  -0.1435547   9.886133
-0.4689453  -0.1291992   9.862207
-0.4545898  -0.1722656   9.780859
-0.4402344  -0.1483398   9.756933
-0.4641601  -0.1339844   9.833496
-0.3875977  -0.1387695   9.914844
-0.4306641  -0.09570313   9.852636
-0.4450195  -0.1818359   9.943555
-0.4545898  -0.1770508   9.857422
-0.459375  -0.1291992   9.823926
-0.4450195  -0.1770508   9.876562
-0.4354492  -0.1435547   9.866992
-0.4689453  -0.1435547   9.866992
-0.4545898  -0.1722656   9.843066
-0.4545898  -0.1339844   9.838282
-0.4545898  -0.1291992   9.862207
-0.4545898  -0.1722656   9.81914
-0.4210938  -0.153125   9.852636
-0.4976563  -0.1387695   9.924414
-0.3923828  -0.1770508   9.905273
-0.5024414  -0.1387695   9.881348
-0.4976563  -0.1244141   9.862207
-0.3875977  -0.1435547   9.737793
-0.4785156  -0.1196289   9.833496
-0.4880859  -0.1435547   9.914844
-0.4450195  -0.1674805   9.780859
-0.4210938  -0.1244141   9.823926
-0.4545898  -0.1626953   9.852636
-0.4402344  -0.1100586   9.924414
-0.4450195  -0.2057617   9.804785
-0.4210938  -0.1483398   9.871778
-0.5120117  -0.153125   9.733007
-0.4163086  -0.06220703   9.890918
-0.4498047  -0.1483398   9.905273
-0.4545898  -0.1387695   9.756933
-0.4067383  -0.153125   9.972265
-0.4258789  -0.1387695   9.785645
-0.4689453  -0.1244141   9.80957
-0.4354492  -0.1291992   9.752149
-0.4545898  -0.1004883   9.838282
-0.4019531  -0.1435547   9.862207
-0.4833008  -0.1387695   9.914844
-0.4402344  -0.1004883   9.924414
-0.4354492  -0.1770508   9.833496
-0.5024414  -0.1626953   9.752149
-0.4737305  -0.1052734   9.733007
-0.4354492  -0.1387695   9.776074
-0.4258789  -0.07177734   9.852636
-0.4785156  -0.1004883   9.795215
-0.4833008  -0.1339844   9.895703
-0.4402344  -0.1291992   9.852636
-0.4306641  -0.1291992   9.862207
-0.4019531  -0.1291992   9.933985
-0.459375  -0.1387695   9.967481
-0.4306641  -0.153125   9.900488
-0.4641601  -0.1579102   9.795215
-0.4976563  -0.1722656   9.866992
-0.4498047  -0.1579102   9.881348
-0.4737305  -0.0765625   9.852636
-0.4115234  -0.2009766   9.929199
-0.4785156  -0.1100586   9.795215
-0.3923828  -0.153125   9.857422
-0.4450195  -0.1100586   9.838282
-0.4545898  -0.1435547   9.871778
-0.4019531  -0.1674805   9.857422
-0.4545898  -0.1291992   9.81914
-0.4210938  -0.09570313   9.910059
-0.4115234  -0.1291992   9.828711
-0.4258789  -0.1291992   9.828711
-0.4402344  -0.1100586   9.857422
-0.4115234  -0.1148437   9.876562
-0.4402344  -0.1626953   9.771289
-0.4833008  -0.1339844   9.833496
-0.3636719  -0.1387695   9.79043
-0.4785156  -0.1387695   9.900488
-0.459375  -0.1100586   9.852636
-0.550293  -0.1004883   9.938769
-0.5024414  -0.1052734   9.823926
-0.4450195  -0.08613281   9.890918
-0.4258789  -0.1291992   9.847852
-0.4498047  -0.1818359   9.890918
-0.4019531  -0.153125   9.804785
-0.4402344  -0.1674805   9.991406
-0.4498047  -0.09091797   9.938769
-0.459375  -0.1339844   9.857422
-0.459375  -0.06220703   9.890918
-0.4880859  -0.1339844   9.895703
-0.4641601  -0.1483398   9.924414
-0.4115234  -0.09091797   9.943555
-0.4833008  -0.1483398   9.900488
-0.4019531  -0.1483398   9.838282
-0.4833008  -0.1483398   9.776074
-0.4354492  -0.153125   9.866992
-0.4354492  -0.1387695   9.852636
-0.4450195  -0.09570313   9.862207
-0.4737305  -0.1674805   9.795215
-0.459375  -0.1961914   9.847852
-0.4833008  -0.08613281   9.876562
-0.4067383  -0.1483398   9.919629
-0.4354492  -0.1100586   9.752149
-0.459375  -0.1387695   9.814356
-0.4833008  -0.1339844   9.785645
-0.4833008  -0.1291992   9.866992
-0.4880859  -0.1626953   9.804785
-0.4498047  -0.2057617   9.890918
-0.459375  -0.1052734   9.886133
-0.397168  -0.1435547   9.838282
-0.3875977  -0.08613281   9.8
-0.4067383  -0.1339844   9.914844
-0.4306641  -0.1435547   10.00098
-0.4641601  -0.1244141   9.804785
-0.4641601  -0.1579102   9.804785
-0.4258789  -0.1196289   9.752149
-0.4258789  -0.1244141   9.871778
-0.3780273  -0.1004883   9.862207
-0.4545898  -0.1626953   9.814356
-0.3923828  -0.1579102   9.857422
-0.5024414  -0.1435547   9.780859
-0.4354492  -0.06699219   9.919629
-0.4450195  -0.1483398   9.785645
-0.459375  -0.1339844   9.804785
-0.4737305  -0.244043   9.924414
-0.3875977  -0.1339844   9.852636
-0.4880859  -0.1244141   9.962695
-0.4641601  -0.1770508   9.866992
-0.4163086  -0.1435547   9.804785
-0.4785156  -0.1626953   9.833496
-0.4163086  -0.1196289   9.914844
-0.4354492  -0.1004883   9.866992
-0.4354492  -0.1770508   9.866992
-0.5072266  -0.1148437   9.804785
-0.4258789  -0.1579102   9.886133
-0.4067383  -0.1339844   9.900488
-0.4258789  -0.1483398   9.914844
-0.4163086  -0.1291992   9.814356
-0.4258789  -0.1435547   9.862207
-0.4258789  -0.1100586   9.780859
-0.4498047  -0.09570313   9.881348
-0.4163086  -0.1339844   9.81914
-0.3923828  -0.1626953   9.847852
-0.4785156  -0.09091797   9.795215
-0.5072266  -0.1626953   9.833496
-0.4354492  -0.1626953   9.838282
-0.4210938  -0.1483398   9.80957
-0.4689453  -0.1435547   9.8
