-1.52439  0   0.5487805
-1.646341  0   0.5487805
-1.707317  0   0.3658537
-1.463415  0   0.4878049
-1.52439  -0.06097561   0.4268293
-1.707317  -0.2439024   0.4878049
-1.646341  0   0.4878049
-1.585366  0   0.4268293
-1.402439  -0.1829268   0.4878049
-1.463415  -0.06097561   0.4878049
-1.707317  -0.06097561   0.3658537
-1.585366  -0.1829268   0.4878049
-1.707317  -0.06097561   0.5487805
-1.646341  0.06097561   0.6097561
-1.585366  0   0.4878049
-1.463415  0.1829268   0.3048781
-1.52439  0.06097561   0.4268293
-1.585366  -0.06097561   0.4878049
-1.52439  0.06097561   0.5487805
-1.52439  -0.06097561   0.5487805
-1.707317  0.1219512   0.3658537
-1.707317  -0.1219512   0.3658537
-1.585366  -0.06097561   0.4268293
-1.463415  0.1219512   0.4268293
-1.463415  0   0.4268293
-1.52439  -0.1219512   0.4268293
-1.463415  0.1219512   0.4878049
-1.52439  -0.06097561   0.4878049
-1.402439  0   0.5487805
-1.52439  0.06097561   0.5487805
-1.463415  -0.1219512   0.4268293
-1.463415  -0.06097561   0.4878049
-1.585366  0.06097561   0.6097561
-1.585366  0   0.3048781
-1.707317  0   0.4268293
-1.52439  0.1829268   0.3658537
-1.585366  0   0.4268293
-1.585366  0   0.4268293
-1.646341  0.1829268   0.5487805
-1.646341  0.06097561   0.4878049
-1.52439  0   0.3658537
-1.707317  0   0.1829268
-1.585366  0   0.4878049
-1.585366  0.06097561   0.5487805
-1.52439  0   0.3658537
-1.585366  0.06097561   0.6097561
-1.585366  0.06097561   0.5487805
-1.646341  0.1219512   0.6707317
-1.463415  -0.06097561   0.6097561
-1.52439  -0.1219512   0.4268293
-1.52439  0   0.2439024
-1.585366  0.1219512   0.4268293
-1.585366  0   0.4878049
-1.52439  0   0.4878049
-1.402439  0   0.3048781
-1.585366  -0.06097561   0.6097561
-1.52439  0.1219512   0.5487805
-1.52439  -0.06097561   0.4268293
-1.585366  0   0.4268293
-1.52439  -0.1829268   0.4878049
-1.585366  -0.1219512   0.4268293
-1.52439  0.06097561   0.4268293
-1.768293  -0.1219512   0.4878049
-1.768293  0   0.4878049
-1.646341  -0.1219512   0.4878049
-1.707317  0.1829268   0.3658537
-1.707317  -0.1829268   0.4878049
-1.646341  0.06097561   0.5487805
-1.646341  0   0.4878049
-1.646341  0   0.4878049
-1.890244  0   0.5487805
-1.646341  0.06097561   0.5487805
-1.829268  0.1219512   0.6097561
-1.646341  -0.06097561   0.6097561
-1.707317  0   0.3048781
-1.646341  0   0.4268293
-1.829268  0   0.4878049
-1.646341  0   0.6097561
-1.52439  0   0.4268293
-1.52439  -0.06097561   0.4268293
-1.585366  0.1219512   0.4268293
-1.585366  -0.06097561   0.4268293
-1.585366  0.06097561   0.4878049
-1.52439  0.1219512   0.4268293
-1.829268  -0.2439024   0.4878049
-1.52439  -0.1219512   0.4878049
-1.585366  0   0.4268293
-1.707317  -0.06097561   0.4268293
-1.585366  0   0.4878049
-1.585366  0   0.3658537
-1.707317  -0.06097561   0.4268293
-1.707317  -0.1219512   0.4878049
-1.646341  0   0.4878049
-1.585366  0.1219512   0.3658537
-1.707317  -0.06097561   0.4268293
-1.585366  0.06097561   0.4268293
-1.52439  0   0.5487805
-1.585366  -0.06097561   0.4268293
-1.646341  -0.06097561   0.4268293
-1.52439  0.1219512   0.3658537
-1.829268  0   0.3658537
-1.768293  0.06097561   0.4878049
-1.585366  -0.1219512   0.4878049
-1.585366  0   0.4268293
-1.646341  0.1219512   0.3048781
-1.707317  -0.06097561   0.5487805
-1.707317  0   0.5487805
-1.646341  0.1219512   0.3658537
-1.707317  0   0.3048781
-1.707317  -0.06097561   0.3658537
-1.52439  -0.06097561   0.4878049
-1.646341  -0.06097561   0.6097561
-1.463415  0.1219512   0.4268293
-1.585366  0.1219512   0.4268293
-1.707317  0.1219512   0.3048781
-1.463415  0.06097561   0.6097561
-1.646341  0   0.3658537
-1.646341  -0.06097561   0.3658537
-1.52439  -0.06097561   0.4878049
-1.585366  -0.1829268   0.4268293
-1.52439  0   0.3658537
-1.585366  -0.1829268   0.6097561
-1.829268  0   0.3658537
-1.585366  -0.1219512   0.5487805
-1.707317  0.1219512   0.4268293
-1.646341  -0.1219512   0.6097561
-1.646341  0.1219512   0.6097561
-1.52439  0.06097561   0.5487805
-1.646341  0.1219512   0.4268293
-1.829268  0   0.6097561
-1.707317  0.1829268   0.5487805
-1.768293  -0.1219512   0.5487805
-1.585366  0.06097561   0.3658537
-1.585366  0.06097561   0.4268293
-1.52439  0   0.6097561
-1.646341  0   0.6097561
-1.585366  -0.1219512   0.3658537
-1.707317  0   0.5487805
-1.646341  0   0.4268293
-1.646341  -0.1829268   0.5487805
-1.341463  0.1829268   0.5487805
-1.463415  0.06097561   0.4878049
-1.646341  -0.1219512   0.6097561
-1.646341  0   0.4268293
-1.707317  -0.06097561   0.6707317
-1.707317  0.06097561   0.4268293
-1.646341  0.06097561   0.4878049
-1.646341  0.1829268   0.4268293
-1.646341  -0.1219512   0.3658537
-1.768293  -0.06097561   0.3658537
-1.768293  -0.06097561   0.5487805
-1.707317  0.06097561   0.3658537
-1.707317  -0.1219512   0.5487805
-1.646341  -0.06097561   0.4268293
-1.52439  -0.06097561   0.6097561
-1.646341  -0.1829268   0.6097561
-1.585366  0   0.5487805
-1.52439  0.1219512   0.5487805
-1.829268  0   0.5487805
-1.707317  -0.1219512   0.6097561
-1.707317  0   0.4268293
-1.707317  0   0.4878049
-1.585366  0.06097561   0.4878049
-1.52439  -0.06097561   0.4268293
-1.646341  0   0.5487805
-1.707317  0.06097561   0.4268293
-1.52439  0.06097561   0.6097561
-1.646341  0   0.5487805
-1.585366  -0.06097561   0.6097561
-1.646341  0.1219512   0.4878049
-1.707317  -0.06097561   0.4268293
-1.52439  0   0.5487805
-1.768293  0   0.4268293
-1.341463  0.1219512   0.3048781
-1.829268  0.1219512   0.4268293
-1.585366  0.1829268   0.3658537
-1.707317  -0.3658537   0.6097561
-1.707317  -0.1219512   0.6707317
-1.646341  0.06097561   0.5487805
-1.52439  -0.2439024   0.3048781
-1.707317  -0.06097561   0.3658537
-1.707317  -0.06097561   0.6097561
-1.402439  0   0.4268293
-1.646341  -0.2439024   0.4878049
-1.646341  -0.1829268   0.4878049
-1.402439  -0.06097561   0.4878049
-1.829268  -0.06097561   0.5487805
-1.707317  -0.06097561   0.3048781
-1.707317  0   0.3658537
-1.585366  -0.06097561   0.5487805
-1.646341  0   0.5487805
-1.829268  0.1219512   0.5487805
-1.646341  0   0.4268293
-1.768293  0   0.4268293
-1.585366  0   0.4878049
-1.646341  -0.1829268   0.3658537
-1.585366  -0.1219512   0.4878049
-1.646341  -0.06097561   0.6097561
-1.707317  -0.06097561   0.6097561
-1.463415  -0.06097561   0.4878049
-1.707317  0   0.4878049
-0.2027448  0.01097561   0.01158521
-0.1417692  -0.1109756   0.01158521
0.1021333  0.01097561   -0.04939041
0.0411576  0.07195122   -0.110366
-0.08079362  0.01097561   -0.04939041
0.0411576  0.254878   -0.110366
-0.1417692  0.01097561   0.07256082
0.1021333  0.07195122   0.01158521
0.1021333  0.01097561   -0.04939041
0.0411576  -0.1109756   0.07256082
-0.1417692  -0.05   0.01158521
-0.2027448  -0.05   -0.110366
-0.2027448  0.07195122   0.07256082
0.0411576  -0.1109756   -0.04939041
0.0411576  0.1939024   0.01158521
-0.08079362  -0.1109756   0.07256082
-0.1417692  0.01097561   -0.1713416
-0.08079362  0.07195122   0.07256082
0.0411576  0.1329268   -0.110366
-0.2027448  -0.05   0.01158521
-0.08079362  0.01097561   0.1335364
0.0411576  0.07195122   -0.1713416
0.0411576  -0.05   0.07256082
-0.01981795  -0.05   -0.04939041
-0.1417692  -0.05   -0.110366
0.0411576  -0.1109756   -0.110366
0.0411576  0.01097561   -0.110366
-0.01981795  0.01097561   -0.110366
-0.08079362  -0.05   -0.110366
-0.08079362  0.1329268   0.07256082
0.0411576  -0.05   -0.110366
0.0411576  0.07195122   -0.04939041
-0.01981795  -0.1719512   0.01158521
0.0411576  -0.1109756   -0.110366
0.1631088  -0.1109756   0.01158521
0.0411576  -0.3548781   0.01158521
0.0411576  -0.05   0.01158521
0.0411576  -0.2329268   0.01158521
0.0411576  0.01097561   0.07256082
-0.01981795  -0.05   0.07256082
-0.08079362  0.1329268   0.01158521
-0.01981795  0.01097561   0.01158521
-0.08079362  -0.05   0.01158521
-0.01981795  0.07195122   -0.110366
-0.01981795  -0.05   0.07256082
-0.01981795  0.01097561   -0.04939041
0.0411576  0.01097561   0.07256082
-0.08079362  0.1329268   0.01158521
-0.01981795  -0.05   -0.04939041
0.0411576  0.01097561   0.01158521
-0.1417692  -0.2329268   0.1335364
-0.1417692  0.01097561   -0.04939041
0.1631088  0.01097561   -0.04939041
-0.1417692  0.3158537   -0.04939041
-0.08079362  0.01097561   0.01158521
-0.01981795  0.254878   -0.04939041
-0.01981795  0.01097561   -0.04939041
-0.08079362  0.07195122   -0.04939041
-0.08079362  0.01097561   0.01158521
-0.01981795  0.07195122   0.1335364
-0.01981795  0.07195122   -0.04939041
-0.08079362  0.07195122   -0.04939041
0.1631088  0.07195122   0.07256082
-0.01981795  -0.1109756   0.01158521
-0.01981795  -0.05   0.01158521
0.1021333  0.01097561   0.1335364
0.1021333  0.07195122   -0.110366
0.1021333  -0.1109756   0.01158521
-0.08079362  0.1329268   -0.04939041
0.1631088  -0.05   0.01158521
-0.01981795  -0.1109756   0.07256082
-0.01981795  0.07195122   0.01158521
-0.01981795  0.01097561   -0.04939041
-0.01981795  0.07195122   0.194512
-0.08079362  0.01097561   0.1335364
-0.01981795  0.01097561   -0.2323172
-0.08079362  0.01097561   -0.1713416
-0.1417692  0.01097561   0.1335364
-0.01981795  0.01097561   0.01158521
-0.01981795  0.01097561   0.1335364
-0.1417692  0.07195122   -0.1713416
0.0411576  -0.1109756   0.01158521
-0.08079362  0.01097561   -0.1713416
-0.08079362  0.07195122   0.07256082
0.1631088  0.07195122   0.01158521
-0.2637204  -0.05   -0.110366
0.0411576  0.07195122   0.01158521
-0.08079362  0.07195122   0.07256082
0.0411576  0.01097561   -0.110366
0.0411576  -0.05   -0.04939041
-0.01981795  -0.1109756   0.1335364
-0.08079362  -0.05   -0.04939041
-0.08079362  -0.2329268   0.194512
0.1631088  0.07195122   0.01158521
0.1021333  -0.05   0.1335364
-0.01981795  -0.1109756   0.01158521
0.0411576  -0.05   0.07256082
0.1631088  0.1329268   0.01158521
-0.01981795  -0.1109756   0.01158521
0.1021333  -0.05   -0.04939041
-0.01981795  0.1329268   0.01158521
-0.08079362  -0.05   -0.04939041
0.0411576  -0.05   -0.110366
-0.1417692  -0.1109756   -0.110366
-0.01981795  -0.05   0.1335364
0.0411576  0.07195122   -0.04939041
0.0411576  0.01097561   -0.04939041
0.1631088  0.07195122   -0.110366
-0.01981795  0.07195122   -0.04939041
-0.01981795  0.01097561   0.07256082
0.0411576  0.07195122   0.07256082
0.1021333  -0.1109756   -0.110366
-0.01981795  0.07195122   0.01158521
-0.1417692  0.01097561   0.07256082
-0.01981795  -0.1719512   0.07256082
0.1021333  0.07195122   0.07256082
-0.1417692  0.01097561   0.07256082
0.0411576  0.07195122   -0.04939041
0.1021333  -0.1109756   -0.110366
0.0411576  -0.05   0.1335364
-0.2637204  -0.05   -0.1713416
0.0411576  -0.05   -0.110366
-0.01981795  -0.1109756   -0.04939041
-0.1417692  -0.1109756   0.01158521
0.0411576  0.07195122   -0.110366
-0.1417692  -0.1719512   -0.1713416
-0.01981795  0.01097561   0.07256082
0.0411576  0.01097561   -0.04939041
0.1021333  0.07195122   0.01158521
-0.01981795  -0.1109756   0.01158521
-0.08079362  0.07195122   0.01158521
-0.1417692  0.01097561   -0.04939041
-0.01981795  -0.1719512   0.01158521
0.1021333  -0.05   0.01158521
-0.01981795  0.1329268   0.01158521
-0.2637204  0.1329268   0.01158521
0.1021333  0.01097561   0.01158521
-0.01981795  0.07195122   -0.04939041
-0.1417692  -0.1109756   -0.1713416
0.0411576  0.07195122   -0.04939041
-0.01981795  -0.05   0.07256082
-0.2637204  -0.05   -0.110366
0.0411576  -0.1109756   0.01158521
-0.01981795  -0.05   0.01158521
0.0411576  -0.1719512   -0.04939041
0.0411576  -0.05   0.01158521
-0.01981795  -0.1109756   0.01158521
-0.01981795  -0.1719512   0.07256082
0.0411576  0.01097561   -0.1713416
0.0411576  0.1329268   0.01158521
-0.01981795  0.01097561   0.01158521
0.1021333  0.01097561   0.07256082
-0.08079362  -0.1109756   0.07256082
0.0411576  0.01097561   -0.1713416
-0.01981795  0.01097561   0.01158521
-0.01981795  0.01097561   -0.04939041
-0.1417692  -0.05   0.1335364
-0.01981795  0.01097561   0.01158521
-0.01981795  -0.2329268   -0.04939041
-0.1417692  0.01097561   0.07256082
0.1021333  -0.1719512   -0.1713416
-0.08079362  -0.1109756   0.01158521
0.1021333  -0.1719512   -0.110366
0.1021333  -0.1109756   -0.04939041
0.0411576  0.01097561   -0.04939041
0.0411576  0.01097561   0.07256082
0.1631088  -0.1109756   0.07256082
0.0411576  -0.05   0.07256082
0.0411576  0.1329268   -0.110366
0.0411576  -0.1109756   -0.2323172
0.0411576  -0.1109756   -0.04939041
-0.01981795  -0.05   -0.04939041
-0.1417692  -0.1109756   -0.110366
0.1631088  0.07195122   -0.04939041
-0.01981795  0.01097561   0.01158521
-0.01981795  -0.1719512   0.01158521
0.0411576  -0.05   -0.1713416
-0.01981795  -0.1109756   -0.04939041
-0.01981795  0.07195122   -0.1713416
-0.01981795  0.01097561   -0.04939041
-0.01981795  0.07195122   -0.110366
0.0411576  -0.1109756   0.01158521
0.1021333  0.01097561   -0.1713416
0.1021333  -0.05   0.01158521
-0.01981795  0.01097561   -0.04939041
0.0411576  0.1329268   0.1335364
-0.01981795  0.01097561   -0.110366
-0.01981795  -0.1109756   0.01158521
0.1021333  -0.05   0.01158521
-0.01981795  0.01097561   0.1335364
-0.2027448  0.01097561   0.2554877
0.0411576  0.01097561   -0.04939041
-0.01981795  0.01097561   -0.04939041
-0.01981795  0.07195122   -0.110366
0.0411576  -0.1109756   0.1335364
-0.01981795  -0.1109756   0.01158521
-0.1417692  -0.05   -0.1713416
-0.01981795  -0.05   -0.110366
0.1021333  0.07195122   -0.110366
-0.01981795  -0.05   0.1335364
-0.2027448  0.1329268   -0.04939041
0.0411576  0.07195122   -0.1713416
0.1631088  -0.05   0.01158521
-0.2027448  -0.1719512   -0.04939041
0.28506  -0.05   0.01158521
-0.01981795  -0.1109756   -0.04939041
-0.08079362  -0.2329268   0.07256082
-0.01981795  -0.1109756   0.07256082
-0.01981795  -0.05   0.01158521
-0.01981795  -0.1719512   -0.110366
0.2240845  0.01097561   0.01158521
0.0411576  0.01097561   -0.04939041
-0.1417692  0.07195122   -0.110366
0.0411576  -0.1109756   -0.1713416
0.1021333  -0.1109756   -0.110366
-0.08079362  0.07195122   -0.1713416
0.1021333  0.07195122   0.07256082
0.0411576  0.1329268   0.1335364
0.0411576  0.07195122   0.01158521
-0.2027448  0.01097561   -0.110366
0.0411576  0.1329268   0.01158521
0.1021333  0.01097561   -0.04939041
0.1021333  0.01097561   -0.110366
-0.01981795  -0.1109756   -0.04939041
-0.01981795  -0.05   0.01158521
0.1021333  0.01097561   -0.110366
-0.2027448  -0.05   0.07256082
-0.08079362  -0.05   0.07256082
0.0411576  0.3158537   0.01158521
0.1631088  0.01097561   -0.110366
-0.1417692  0.1939024   -0.04939041
-0.1417692  0.01097561   -0.04939041
0.0411576  0.07195122   -0.1713416
-0.01981795  0.254878   0.01158521
0.0411576  0.07195122   -0.110366
0.1021333  0.07195122   0.07256082
0.0411576  -0.05   0.07256082
0.0411576  0.1329268   0.01158521
-0.01981795  -0.1109756   0.07256082
-0.2637204  0.01097561   -0.1713416
-0.01981795  0.01097561   0.01158521
-0.01981795  0.07195122   0.07256082
-0.01981795  -0.05   -0.04939041
0.0411576  0.01097561   0.07256082
-0.01981795  -0.05   0.07256082
0.0411576  -0.1109756   0.01158521
-0.1417692  0.01097561   -0.04939041
-0.01981795  -0.1109756   0.01158521
0.0411576  0.01097561   0.01158521
-0.1417692  -0.1109756   -0.04939041
0.28506  0.01097561   0.01158521
0.0411576  -0.05   -0.1713416
-0.01981795  -0.05   0.194512
0.1631088  0.01097561   0.194512
-0.1417692  0.07195122   0.01158521
0.0411576  -0.05   -0.04939041
0.0411576  -0.1719512   0.07256082
-0.08079362  0.01097561   -0.1713416
0.0411576  0.1939024   -0.1713416
-0.01981795  -0.1109756   -0.04939041
-0.1417692  -0.1109756   0.01158521
-0.08079362  -0.05   0.194512
0.1021333  0.01097561   0.07256082
-0.01981795  0.07195122   0.01158521
-0.01981795  -0.05   0.1335364
0.0411576  -0.05   -0.04939041
0.1021333  -0.2329268   0.01158521
-0.01981795  -0.05   0.01158521
-0.1417692  -0.1719512   0.01158521
-0.01981795  0.01097561   0.07256082
-0.1417692  0.1939024   0.01158521
-0.08079362  -0.1109756   0.07256082
-0.08079362  0.01097561   0.01158521
0.0411576  0.01097561   -0.04939041
-0.08079362  -0.1109756   0.1335364
-0.08079362  -0.1719512   -0.110366
-0.2027448  0.01097561   -0.04939041
0.1631088  -0.1719512   0.1335364
-0.1417692  -0.05   -0.04939041
-0.08079362  0.07195122   -0.04939041
-0.01981795  0.01097561   0.07256082
-0.2027448  -0.1109756   -0.04939041
0.1021333  0.01097561   -0.04939041
-0.1417692  0.01097561   -0.04939041
-0.01981795  -0.05   0.07256082
-0.08079362  -0.05   0.01158521
0.1631088  -0.1109756   0.01158521
-0.01981795  0.01097561   0.1335364
-0.2637204  -0.05   -0.04939041
0.0411576  0.01097561   -0.04939041
-0.08079362  0.254878   0.01158521
0.1021333  0.01097561   -0.110366
-0.01981795  -0.1109756   -0.110366
-0.08079362  -0.05   0.07256082
-0.01981795  0.01097561   -0.04939041
0.0411576  0.01097561   -0.04939041
-0.1417692  -0.2329268   -0.04939041
0.0411576  -0.05   -0.04939041
-0.1417692  0.1329268   0.01158521
-0.01981795  0.1329268   0.07256082
-0.01981795  0.1329268   -0.04939041
0.1021333  0.1329268   0.01158521
0.0411576  0.1329268   -0.04939041
0.0411576  0.07195122   -0.110366
-0.01981795  -0.05   -0.04939041
-0.01981795  -0.1719512   0.194512
0.1021333  0.01097561   0.01158521
-0.08079362  -0.05   0.07256082
0.1021333  0.01097561   0.01158521
0.1631088  -0.05   0.07256082
0.0411576  -0.1109756   -0.04939041
0.1021333  0.01097561   0.01158521
0.1021333  -0.05   -0.1713416
-0.08079362  0.1329268   0.01158521
-0.1417692  0.1329268   -0.1713416
-0.08079362  0.1329268   0.07256082
-0.01981795  -0.1109756   0.07256082
0.0411576  -0.05   0.01158521
-0.08079362  -0.05   -0.04939041
-0.2637204  -0.05   0.07256082
-0.01981795  -0.1719512   0.1335364
-0.1417692  0.07195122   -0.04939041
-0.08079362  -0.1109756   -0.04939041
-0.08079362  -0.05   0.01158521
-0.2027448  0.1329268   0.07256082
-0.08079362  -0.1109756   -0.04939041
0.0411576  0.1329268   0.1335364
-0.01981795  -0.05   0.01158521
-0.1417692  0.01097561   -0.04939041
-0.08079362  -0.1109756   0.07256082
-0.08079362  0.07195122   -0.04939041
-0.01981795  0.01097561   -0.1713416
-0.1417692  0.01097561   0.07256082
0.1021333  0.07195122   0.01158521
-0.08079362  0.01097561   0.01158521
-0.08079362  0.07195122   0.07256082
0.1631088  0.01097561   -0.04939041
-0.1417692  -0.05   0.01158521
-0.2637204  -0.05   0.1335364
0.2240845  0.1939024   -0.110366
0.1021333  -0.05   -0.04939041
0.0411576  -0.1719512   -0.110366
-0.2027448  -0.1109756   -0.110366
0.1021333  -0.05   0.01158521
0.0411576  -0.05   0.01158521
-0.01981795  -0.05   -0.04939041
0.1021333  0.1329268   0.07256082
0.1021333  -0.1109756   0.07256082
-0.08079362  -0.05   0.1335364
-0.2027448  0.1939024   0.07256082
0.1021333  0.01097561   -0.1713416
-0.1417692  0.07195122   0.01158521
-0.01981795  0.1329268   -0.110366
0.1021333  -0.1719512   0.07256082
-0.1417692  0.1329268   0.07256082
-0.2027448  0.1329268   0.01158521
-0.08079362  -0.1109756   0.07256082
-0.08079362  0.01097561   0.07256082
-0.1417692  0.01097561   -0.04939041
-0.2027448  -0.05   0.01158521
-0.2027448  0.07195122   -0.110366
-0.2027448  0.01097561   0.07256082
0.1631088  -0.05   -0.04939041
-0.1417692  0.01097561   0.01158521
-0.01981795  0.01097561   -0.04939041
0.1631088  0.1329268   -0.110366
-0.08079362  0.01097561   0.07256082
-0.01981795  -0.05   0.01158521
-0.01981795  -0.1109756   0.07256082
-0.01981795  0.1329268   -0.04939041
-0.1417692  0.07195122   -0.110366
0.0411576  0.1329268   -0.110366
-0.01981795  -0.1109756   0.01158521
-0.08079362  -0.05   0.01158521
-0.08079362  0.01097561   0.01158521
0.0411576  0.07195122   0.07256082
0.0411576  0.1329268   0.01158521
-0.01981795  0.1329268   -0.04939041
-0.08079362  0.01097561   -0.04939041
0.0411576  0.01097561   -0.04939041
-0.2027448  -0.1109756   0.07256082
-0.01981795  -0.1719512   -0.04939041
0.1021333  0.1939024   0.01158521
-0.2027448  -0.1109756   0.01158521
0.0411576  -0.1719512   -0.04939041
0.0411576  0.1329268   -0.110366
0.0411576  0.01097561   -0.04939041
-0.2637204  -0.05   0.01158521
0.0411576  0.1329268   0.07256082
