0  0   0 0
0  0   0 0
0  0   0 0
0  0   0 0
0  0   0 0
0  0   0 0
0  0   0 0
0  0   0 0
0  0   0 0
0  0   0 0
0  0   0 0
0  0   0 0
0  0   0 0
0  0   0 0
0  0   0 0
0  0   0 0
0  0   0 0
0  0   0 0
0  0   0 0
0  0   0 0
0  0   0 0
0  0   0 0
0  0   0 0
0  0   0 0
0  0   0 0
0  0   0 0
0  0   0 0
0  0   0 0
0  0   0 0
0  0   0 0
0  0   0 0
0  0   0 0
0  0   0 0
0  0   0 0
0  0   0 0
0  0   0 0
0  0   0 0
0  0   0 0
0  0   0 0
0  0   0 0
0  0   0 0
0  0   0 0
0  0   0 0
0  0   0 0
0  0   0 0
0  0   0 0
0  0   0 0
0  0   0 0
0  0   0 0
0  0   0 0
0  0   0 0
0  0   0 0
0  0   0 0
0  0   0 0
0  0   0 0
0  0   0 0
0  0   0 0
0  0   0 0
0  0   0 0
0  0   0 0
0  0   0 0
0  0   0 0
0  0   0 0
0  0   0 0
0  0   0 0
0  0   0 0
0  0   0 0
0  0   0 0
0  0   0 0
0  0   0 0
0  0   0 0
0  0   0 0
0  0   0 0
0  0   0 0
0  0   0 0
0  0   0 0
0  0   0 0
0  0   0 0
0  0   0 0
0  0   0 0
0  0   0 0
0  0   0 0
0  0   0 0
0  0   0 0
0  0   0 0
0  0   0 0
0  0   0 0
0  0   0 0
0  0   0 0
0  0   0 0
0  0   0 0
0  0   0 0
0  0   0 0
0  0   0 0
0  0   0 0
0  0   0 0
0  0   0 0
0  0   0 0
0  0   0 0
0  0   0 0
0  0   0 0
0  0   0 0
0  0   0 0
0  0   0 0
0  0   0 0
0  0   0 0
0  0   0 0
0  0   0 0
0  0   0 0
0  0   0 0
0  0   0 0
0  0   0 0
0  0   0 0
0  0   0 0
0  0   0 0
0  0   0 0
0  0   0 0
0  0   0 0
0  0   0 0
0  0   0 0
0  0   0 0
0  0   0 0
0  0   0 0
0  0   0 0
0  0   0 0
0  0   0 0
0  0   0 0
0  0   0 0
0  0   0 0
0  0   0 0
0  0   0 0
0  0   0 0
0  0   0 0
0  0   0 0
0  0   0 0
0  0   0 0
0  0   0 0
0  0   0 0
0  0   0 0
0  0   0 0
0  0   0 0
0  0   0 0
0  0   0 0
0  0   0 0
0  0   0 0
0  0   0 0
0  0   0 0
0  0   0 0
0  0   0 0
0  0   0 0
0  0   0 0
0  0   0 0
0  0   0 0
0  0   0 0
0  0   0 0
0  0   0 0
0  0   0 0
0  0   0 0
0  0   0 0
0  0   0 0
0  0   0 0
0  0   0 0
0  0   0 0
0  0   0 0
0  0   0 0
0  0   0 0
0  0   0 0
0  0   0 0
0  0   0 0
0  0   0 0
0  0   0 0
0  0   0 0
0  0   0 0
0  0   0 0
0  0   0 0
0  0   0 0
0  0   0 0
0  0   0 0
0  0   0 0
0  0   0 0
0  0   0 0
0  0   0 0
0  0   0 0
0  0   0 0
0  0   0 0
0  0   0 0
0  0   0 0
0  0   0 0
0  0   0 0
0  0   0 0
0  0   0 0
0  0   0 0
0  0   0 0
0  0   0 0
0  0   0 0
0  0   0 0
0  0   0 0
0  0   0 0
0  0   0 0
0  0   0 0
0  0   0 0
0.7061483  0.7074798   -0.01612887 -0.01627737
0.7050453  0.7074971   -0.03192674 -0.03221568
0.7036668  0.7071325   -0.04729303 -0.04772888
0.7020114  0.7064372   -0.0622678 -0.06282663
0.7000172  0.7055234   -0.07683194 -0.07750908
0.6978163  0.7043173   -0.09095132 -0.09173626
0.6954015  0.7028894   -0.1045839 -0.1054673
0.6928033  0.7012684   -0.1177061 -0.118699
0.6901279  0.6993899   -0.1303788 -0.1314402
0.6873602  0.697308   -0.1426135 -0.1437254
0.6844354  0.6951709   -0.1543108 -0.1554729
0.681398  0.6929647   -0.1655208 -0.1667266
0.6783129  0.690676   -0.1762245 -0.1774857
0.6751728  0.688345   -0.1864455 -0.1877737
0.6720333  0.6859168   -0.1962721 -0.197648
0.668847  0.6835086   -0.2056217 -0.2070685
0.6657185  0.681026   -0.2145885 -0.2160383
0.6625789  0.6785092   -0.2232141 -0.2246951
0.6594996  0.6760592   -0.2313028 -0.2328114
0.6565809  0.6735135   -0.239042 -0.2404954
0.6536618  0.6710327   -0.2463966 -0.2478466
0.6506333  0.668613   -0.2535512 -0.2550347
0.6477383  0.6662705   -0.2602068 -0.2617426
0.6449644  0.6639444   -0.2665292 -0.2680651
0.6422675  0.6617018   -0.2724909 -0.2740255
0.6396573  0.6594518   -0.2782255 -0.2797329
0.6370215  0.6573272   -0.283672 -0.2852238
0.6345978  0.6552531   -0.2887378 -0.2902716
0.6322579  0.6531499   -0.2936659 -0.2951329
0.6300465  0.6511204   -0.2982781 -0.2996863
0.6278051  0.6493174   -0.3025397 -0.3039992
0.6256732  0.647374   -0.3068201 -0.3082198
0.6236263  0.6456407   -0.3106862 -0.3121063
0.6215482  0.6440046   -0.3143984 -0.3158916
0.6196361  0.6423011   -0.3180086 -0.3194822
0.6178221  0.6407311   -0.321329 -0.3228082
0.6160581  0.6391972   -0.3245255 -0.3260069
0.6142899  0.6377249   -0.3276078 -0.3291294
0.6126741  0.6362552   -0.3305418 -0.3320392
0.611065  0.6349116   -0.3332827 -0.3348244
0.6095847  0.6336083   -0.3358656 -0.3374011
0.6081714  0.6323532   -0.3383198 -0.3398452
0.6068296  0.6311927   -0.3405908 -0.342125
0.6053402  0.6301107   -0.3428466 -0.3444966
0.604041  0.6289886   -0.345001 -0.3466703
0.6028042  0.627999   -0.3469487 -0.3486675
0.6015694  0.6271438   -0.3487101 -0.3505769
0.6004735  0.6261913   -0.3504987 -0.3523704
0.5993993  0.6252688   -0.3522302 -0.3541065
0.5984449  0.6243968   -0.3538171 -0.3556736
0.5975255  0.6234897   -0.3554083 -0.3572211
0.5965384  0.6227452   -0.3568487 -0.3587302
0.5957387  0.6218972   -0.3582985 -0.3600827
0.5948576  0.6211644   -0.3596508 -0.3614535
0.5942278  0.620366   -0.3609322 -0.3625816
0.5934615  0.6196531   -0.3621856 -0.3638039
0.5929116  0.6189258   -0.3633346 -0.3647915
0.5922743  0.6182804   -0.36443 -0.3658271
0.5916032  0.6177357   -0.3654167 -0.3668471
0.5910631  0.6171027   -0.3664258 -0.3677757
0.5903803  0.6166555   -0.3673021 -0.368747
0.5898488  0.6162215   -0.3680825 -0.3695439
0.5893337  0.6157572   -0.3688783 -0.3703454
0.5887684  0.6153302   -0.3696584 -0.3711757
0.5881767  0.6150574   -0.3702707 -0.3719545
0.5876728  0.614648   -0.3709865 -0.3727138
0.5872807  0.6142244   -0.371679 -0.3733398
0.586833  0.6138612   -0.3723184 -0.3740032
0.5864573  0.6135173   -0.3729033 -0.3745735
0.5860355  0.6131366   -0.3735476 -0.3752148
0.5856891  0.6128749   -0.3740121 -0.3757204
0.5853311  0.6126016   -0.3744991 -0.3762382
0.5850371  0.61229   -0.3750029 -0.3767009
0.5846787  0.6120042   -0.3754893 -0.3772369
0.5845214  0.6116858   -0.3759201 -0.3775678
0.5842834  0.6114308   -0.376343 -0.3779278
0.5839109  0.6112541   -0.3767351 -0.3783984
0.5837044  0.6109761   -0.3771413 -0.378761
0.583479  0.6107146   -0.3775461 -0.3791264
0.5832234  0.6105474   -0.3778481 -0.3794883
0.582971  0.610414   -0.3781314 -0.3798081
0.5827901  0.6102646   -0.3783861 -0.3800721
0.5825846  0.6100501   -0.3787396 -0.3803794
0.5824408  0.6099327   -0.3789354 -0.380593
0.5822092  0.6097644   -0.3792346 -0.3809184
0.5820503  0.609596   -0.379508 -0.3811586
0.5819958  0.6094247   -0.379728 -0.3812968
0.5819303  0.6092457   -0.3799568 -0.3814547
0.5818096  0.6091001   -0.3801866 -0.3816423
0.5816218  0.609003   -0.3803874 -0.3818833
0.5814384  0.6088871   -0.3805938 -0.3821418
0.5813364  0.6086979   -0.3808594 -0.3823338
0.581204  0.6086912   -0.380913 -0.3824923
0.5811113  0.6085181   -0.381152 -0.3826705
0.5810245  0.6084233   -0.3812898 -0.3828156
0.5809201  0.6082928   -0.3814849 -0.3829871
0.5806667  0.6082926   -0.3815953 -0.3832616
0.5806248  0.608201   -0.3817182 -0.3833481
0.5805387  0.6080493   -0.3819287 -0.3835094
0.5804536  0.6080433   -0.381978 -0.3835987
0.5804762  0.6079485   -0.3820747 -0.3836185
0.5804194  0.6078705   -0.3821924 -0.3837107
0.5802288  0.6078544   -0.382305 -0.3839121
0.5801991  0.6078507   -0.3823303 -0.3839377
0.5801902  0.6077374   -0.3824531 -0.3840082
0.5802255  0.6076269   -0.3825664 -0.384017
0.580157  0.6075547   -0.3826829 -0.3841184
0.5801906  0.6074683   -0.3827745 -0.3841132
0.580127  0.6074702   -0.3828046 -0.3841761
0.5800288  0.6074857   -0.3828259 -0.3842786
0.5800624  0.60746   -0.3828349 -0.3842597
0.5799594  0.6074353   -0.3829175 -0.3843717
0.5798872  0.6073748   -0.3830178 -0.3844765
0.5798261  0.6074325   -0.3829741 -0.384521
0.5798505  0.6073442   -0.3830577 -0.3845403
0.5798587  0.6073217   -0.3830747 -0.3845468
0.5798542  0.6072401   -0.3831634 -0.3845939
0.5798675  0.6071751   -0.3832349 -0.3846051
0.5799022  0.6071743   -0.3832286 -0.3845605
0.5799791  0.6070948   -0.3832743 -0.3845243
0.5799945  0.6070237   -0.3833598 -0.3845283
0.579937  0.6070291   -0.3833876 -0.3845786
0.5799595  0.6069991   -0.383415 -0.3845648
0.5799687  0.6069685   -0.3834442 -0.3845702
0.5799553  0.6069871   -0.3834374 -0.3845678
0.5798253  0.6070061   -0.3834861 -0.3846851
0.5798923  0.6069621   -0.3835005 -0.3846392
0.5798475  0.6069453   -0.3835435 -0.3846906
0.5798571  0.6068837   -0.3836085 -0.3847084
0.5798439  0.6068904   -0.3836058 -0.3847204
0.5797836  0.6069278   -0.3835895 -0.3847687
0.5797302  0.6069369   -0.3836063 -0.384818
0.5797122  0.6068875   -0.3836692 -0.3848603
0.5796531  0.6069665   -0.3836055 -0.3848881
0.5795862  0.6069075   -0.3837015 -0.384986
0.5795364  0.6069503   -0.3836737 -0.3850213
0.5795108  0.6069626   -0.3836708 -0.3850434
0.579536  0.6068321   -0.383811 -0.3850715
0.5795249  0.6067715   -0.3838966 -0.3850983
0.579465  0.6067489   -0.3839528 -0.385168
0.5794555  0.6067812   -0.383915 -0.3851691
0.5795088  0.6066638   -0.3840314 -0.3851579
0.5795347  0.6065549   -0.3841422 -0.3851798
0.579468  0.6065978   -0.3841224 -0.3852323
0.5793622  0.6066496   -0.3841146 -0.3853178
0.5794486  0.6066301   -0.3840973 -0.3852357
0.5794252  0.6066201   -0.3841181 -0.385266
0.5793709  0.6066191   -0.3841378 -0.3853295
0.5793236  0.6066287   -0.3841608 -0.3853626
0.5792359  0.6066707   -0.3841518 -0.3854374
0.5792289  0.6066654   -0.38416 -0.385448
0.5791919  0.6066836   -0.384151 -0.3854841
0.5792046  0.6066982   -0.384123 -0.3854698
0.5792714  0.6065997   -0.3842174 -0.3854302
0.579258  0.6065668   -0.3842597 -0.3854599
0.5792322  0.6066071   -0.3842292 -0.3854658
0.5792677  0.6066258   -0.3841818 -0.3854301
0.5793097  0.6065991   -0.3841925 -0.3853985
0.5793482  0.6066067   -0.3841701 -0.385351
0.5794615  0.6065205   -0.3842113 -0.3852753
0.5794321  0.6065339   -0.3842219 -0.3852876
0.5794804  0.6065055   -0.3842313 -0.3852504
0.5794268  0.6066212   -0.3841326 -0.3852473
0.5794164  0.6065595   -0.384211 -0.3852821
0.5793957  0.6065943   -0.3841846 -0.3852848
0.5794458  0.6064889   -0.3842764 -0.3852839
0.5794323  0.6064535   -0.3843175 -0.3853188
0.5794586  0.6064901   -0.3842591 -0.3852799
0.5794362  0.6065445   -0.384216 -0.385271
0.5794244  0.6065299   -0.3842548 -0.3852729
0.579499  0.6064907   -0.3842695 -0.3852077
0.5794193  0.6065536   -0.3842374 -0.3852606
0.5793714  0.6065603   -0.3842587 -0.3853008
0.5793004  0.6066593   -0.3841825 -0.3853276
0.5793368  0.606615   -0.3842156 -0.3853098
0.579331  0.6066867   -0.3841359 -0.385285
0.5792372  0.606721   -0.3841515 -0.3853564
0.5792652  0.6067239   -0.3841392 -0.385322
0.5792307  0.606692   -0.3842033 -0.3853601
0.5792668  0.6067733   -0.3840989 -0.3852822
0.5792092  0.6067695   -0.384137 -0.3853368
0.5791969  0.6068441   -0.384057 -0.3853172
0.5791824  0.6068478   -0.3840723 -0.3853181
0.5791006  0.6068472   -0.384109 -0.3854055
0.5791517  0.6068462   -0.3840909 -0.3853483
0.5790932  0.6068976   -0.3840492 -0.3853968
0.5790518  0.6069784   -0.3839841 -0.3853965
0.5790685  0.6069255   -0.3840356 -0.3854035
0.5790259  0.6069403   -0.3840373 -0.3854425
0.5789866  0.6070989   -0.3838652 -0.3854232
0.578989  0.6070963   -0.3838476 -0.3854412
0.5790467  0.606948   -0.3839937 -0.3854425
0.5789846  0.6069606   -0.3840108 -0.3854992
0.5789704  0.6069471   -0.3840405 -0.385512
0.5790267  0.606863   -0.3841009 -0.3854997
0.57901  0.60679   -0.3841899 -0.3855509
0.5791007  0.6067913   -0.3841602 -0.3854423
0.5790511  0.6067594   -0.3842264 -0.385501
0.5790617  0.6067694   -0.3842189 -0.3854768
0.5790342  0.6067479   -0.3842455 -0.3855254
0.5790276  0.6066791   -0.3843294 -0.3855599
0.5790089  0.6067031   -0.3843233 -0.3855561
0.5790378  0.6066067   -0.3844193 -0.3855689
0.5790741  0.6066102   -0.384402 -0.3855262
0.5790898  0.6066703   -0.3843272 -0.3854828
0.5791032  0.6066828   -0.3843105 -0.3854596
0.5790614  0.6067444   -0.3842534 -0.3854821
0.5790915  0.6067353   -0.3842447 -0.3854599
0.5790403  0.6066868   -0.3843215 -0.3855366
0.5790303  0.6067368   -0.3842772 -0.3855171
0.5789559  0.6067424   -0.384304 -0.3855935
0.5789375  0.6067097   -0.3843529 -0.3856237
0.5789077  0.6066375   -0.3844556 -0.3856795
0.5788833  0.6067046   -0.3844031 -0.385663
0.5788422  0.6067861   -0.3843375 -0.3856619
0.5787007  0.6068916   -0.3842934 -0.3857523
0.5787069  0.6069734   -0.3841931 -0.3857143
0.5787724  0.6069182   -0.3842168 -0.3856791
0.5786859  0.60697   -0.384196 -0.3857481
0.5786406  0.6070366   -0.3841481 -0.3857589
0.5786455  0.6070231   -0.3841607 -0.3857605
0.5786678  0.6070076   -0.3841723 -0.3857397
0.5786988  0.6070094   -0.384165 -0.3856977
0.5787588  0.6070477   -0.3840982 -0.3856137
0.5787193  0.6070046   -0.3841637 -0.3856756
0.5787573  0.6069425   -0.3842257 -0.3856547
0.5788104  0.6069545   -0.3841824 -0.3855993
0.5787579  0.6069393   -0.3842174 -0.3856673
0.5787231  0.6069685   -0.3841994 -0.3856914
0.5787556  0.6068969   -0.3842746 -0.3856801
0.5787156  0.6068945   -0.3842985 -0.3857202
0.5787461  0.6067882   -0.3844085 -0.3857321
0.5787223  0.6068053   -0.3844126 -0.3857369
0.578773  0.6067322   -0.384472 -0.3857163
0.5786914  0.6066863   -0.3845687 -0.3858147
0.5786582  0.6066774   -0.3845887 -0.3858588
0.5787462  0.6066182   -0.3846113 -0.3857972
0.5786805  0.6067193   -0.3845254 -0.3858223
0.5786953  0.6067126   -0.3845208 -0.3858151
0.5786481  0.6067605   -0.3844994 -0.3858321
0.5786736  0.6067756   -0.3844701 -0.3857994
0.5787405  0.6066601   -0.3845657 -0.3857851
0.5786884  0.6066594   -0.3845931 -0.3858371
0.57868  0.6066505   -0.3846018 -0.3858551
0.5787038  0.6066406   -0.384597 -0.3858398
0.5786868  0.6066446   -0.3845993 -0.3858569
0.5787522  0.6065803   -0.3846461 -0.3858131
0.5787916  0.6065755   -0.384633 -0.3857745
0.5787771  0.6065744   -0.38464 -0.3857911
0.5788624  0.6066387   -0.3845324 -0.3856693
0.578808  0.606737   -0.3844454 -0.3856831
0.5788831  0.6066896   -0.3844784 -0.385612
0.5789502  0.6066223   -0.3845103 -0.3855853
0.5789242  0.6066305   -0.3844988 -0.3856228
0.5789965  0.6065713   -0.3845324 -0.3855739
0.5790169  0.6065886   -0.3845075 -0.3855409
0.5790103  0.6065738   -0.3845217 -0.3855598
0.5790541  0.6065242   -0.3845708 -0.3855232
0.5790244  0.6065348   -0.384585 -0.3855371
0.5790071  0.6065564   -0.3845717 -0.3855424
0.5790631  0.6065014   -0.3846075 -0.3855089
0.5791222  0.6065069   -0.3845603 -0.3854584
0.5790658  0.606478   -0.3846131 -0.385536
0.5791782  0.6064838   -0.3845557 -0.3854153
0.5791236  0.6064422   -0.3846172 -0.3855016
0.5790456  0.606436   -0.3846626 -0.3855832
0.5791149  0.6065041   -0.3845539 -0.3854803
0.5790537  0.606513   -0.3845702 -0.3855422
0.5790352  0.6064795   -0.3846148 -0.3855781
0.5790833  0.6064418   -0.3846307 -0.3855493
0.5790872  0.6064854   -0.3845784 -0.3855269
0.5791249  0.606451   -0.3845949 -0.385508
0.5790917  0.6065124   -0.384539 -0.385517
0.5791888  0.6064242   -0.3845995 -0.3854496
0.5792361  0.6064448   -0.3845449 -0.3854006
0.5791869  0.6063718   -0.384657 -0.3854775
0.5791064  0.6065242   -0.3845234 -0.385492
0.5791186  0.60653   -0.384502 -0.385486
0.5791137  0.6065213   -0.384517 -0.3854919
0.5791764  0.6065493   -0.3844609 -0.3854097
0.5791937  0.6065693   -0.3844252 -0.3853878
0.5791553  0.6065689   -0.3844455 -0.3854257
0.5791382  0.6066015   -0.3844202 -0.3854254
0.5790741  0.6066499   -0.3843971 -0.3854685
0.5791318  0.6066869   -0.3843241 -0.3853964
0.5790998  0.6066554   -0.3843729 -0.3854455
0.5790448  0.6067374   -0.3843041 -0.3854676
0.5791199  0.6066828   -0.3843226 -0.3854223
0.579109  0.6065784   -0.3844483 -0.3854777
0.5790211  0.6066059   -0.3844601 -0.3855546
0.579029  0.6066043   -0.3844575 -0.3855478
0.5789418  0.6067378   -0.3843537 -0.3855723
0.5788577  0.6067666   -0.3843664 -0.3856405
0.5788333  0.6067352   -0.3844072 -0.385686
0.5788363  0.606755   -0.3843871 -0.3856704
0.5788458  0.6067865   -0.3843509 -0.3856426
0.5789039  0.6068456   -0.3842611 -0.385552
0.5789  0.6068403   -0.3842725 -0.3855546
0.5789504  0.6068191   -0.3842728 -0.385512
0.5789645  0.6067581   -0.3843304 -0.3855295
0.5789636  0.6066561   -0.38445 -0.3855721
0.5789852  0.6066308   -0.3844686 -0.3855608
0.5788592  0.6067024   -0.3844474 -0.3856584
0.5789919  0.6066524   -0.3844534 -0.3855319
0.578919  0.6066679   -0.3844718 -0.3855987
0.579016  0.606699   -0.3843789 -0.3854968
0.5789707  0.6067486   -0.3843425 -0.3855231
0.5789834  0.6067291   -0.3843532 -0.385524
0.579071  0.6067327   -0.3843095 -0.3854302
0.5790426  0.6067449   -0.3843035 -0.3854596
0.5790066  0.6068422   -0.384213 -0.3854507
0.5790249  0.6068866   -0.3841541 -0.3854121
0.5790242  0.606923   -0.3841261 -0.3853838
0.5789893  0.6069536   -0.3841061 -0.3854081
0.5789906  0.6070058   -0.3840585 -0.3853711
0.5790369  0.6069462   -0.3841 -0.3853542
0.5790002  0.6069073   -0.3841549 -0.3854159
0.5790865  0.6069758   -0.3840381 -0.3852948
0.5790589  0.6069357   -0.3840991 -0.3853386
0.5790207  0.6069416   -0.3841031 -0.3853825
0.5788746  0.6068971   -0.3842086 -0.385567
0.5787795  0.6068761   -0.3842779 -0.3856737
0.5787238  0.6069514   -0.3842206 -0.3856958
0.5787539  0.6069704   -0.3841845 -0.3856567
0.5788406  0.6068764   -0.3842466 -0.3856128
0.578925  0.6068869   -0.3842004 -0.3855156
0.5789819  0.6068448   -0.3842131 -0.3854836
0.5789168  0.6069119   -0.3841652 -0.3855236
0.5789102  0.6068915   -0.3841944 -0.3855365
0.5788014  0.6069842   -0.3841321 -0.385616
0.5787672  0.6069372   -0.3842041 -0.3856697
0.5787763  0.6069044   -0.3842497 -0.3856621
0.578766  0.6069943   -0.3841467 -0.3856388
0.578752  0.6069381   -0.3842161 -0.385679
0.5788318  0.6069489   -0.3841672 -0.3855909
0.5788229  0.6068749   -0.3842495 -0.3856389
0.5788581  0.6068669   -0.3842471 -0.385601
0.5788898  0.6068638   -0.3842351 -0.3855702
0.5788556  0.6069063   -0.3841914 -0.3855982
0.5788589  0.6068338   -0.3842812 -0.3856179
0.5789381  0.6067387   -0.3843575 -0.3855725
0.5788292  0.6067947   -0.3843507 -0.3856547
0.5789088  0.6068146   -0.3843001 -0.3855544
0.5788783  0.6068643   -0.3842568 -0.3855652
0.5788735  0.6068465   -0.3842784 -0.3855789
0.5788379  0.606811   -0.3843378 -0.3856289
0.5787898  0.6067868   -0.3843818 -0.3856953
0.578797  0.6067126   -0.3844575 -0.3857257
0.5789194  0.6066063   -0.3845133 -0.3856538
0.5788705  0.6066328   -0.3844992 -0.3856994
0.5789269  0.6066858   -0.3844271 -0.3856033
0.5789182  0.6068086   -0.3842906 -0.385559
0.5789533  0.6068506   -0.3842357 -0.385495
0.5789885  0.6068699   -0.384193 -0.3854544
0.5789567  0.6068506   -0.3842234 -0.3855024
0.5789788  0.6067806   -0.3842913 -0.3855115
0.5789834  0.6068166   -0.3842428 -0.3854963
0.5789939  0.6068467   -0.3841985 -0.3854774
0.5790156  0.6069556   -0.3840686 -0.3854027
0.5790588  0.6068885   -0.3841238 -0.3853885
0.5791487  0.6068928   -0.3840864 -0.385284
0.5791059  0.6068065   -0.3841971 -0.3853737
0.5790009  0.6069348   -0.3841028 -0.3854235
0.5790266  0.6068987   -0.384131 -0.3854137
0.5790066  0.606882   -0.3841623 -0.3854387
0.5791254  0.6067054   -0.3843182 -0.3853829
0.5791814  0.6067617   -0.3842239 -0.3853041
0.5791186  0.6067497   -0.3842646 -0.3853769
0.5791638  0.6066759   -0.3843224 -0.3853674
0.5791911  0.6066926   -0.384295 -0.3853274
0.5791901  0.6066208   -0.3843844 -0.3853527
0.579177  0.6066879   -0.3843227 -0.3853282
0.5791306  0.6067604   -0.3842603 -0.3853462
0.5792032  0.60671   -0.3842838 -0.3852929
0.5791011  0.6066818   -0.3843601 -0.3854146
0.5791475  0.6066746   -0.3843425 -0.3853739
0.5791712  0.6067219   -0.3842778 -0.3853283
0.5791978  0.6067273   -0.3842636 -0.3852941
0.579209  0.6067645   -0.3842198 -0.3852622
0.5792262  0.6067789   -0.3841997 -0.3852338
0.5792107  0.6068249   -0.3841483 -0.3852358
0.5791416  0.6068889   -0.38411 -0.385277
0.5791486  0.6069132   -0.3840792 -0.3852592
0.5792507  0.606911   -0.3840345 -0.3851537
0.579137  0.6069492   -0.3840456 -0.3852535
0.5790972  0.6068459   -0.3841886 -0.3853332
0.5791384  0.6068174   -0.3842063 -0.3852985
0.5791901  0.6068074   -0.3841928 -0.38525
0.5791621  0.6067678   -0.3842451 -0.3853024
