0.5972811  -0.6222977   -0.3686805 0.3465192
0.6054428  -0.6299107   -0.3548267 0.3327906
0.613068  -0.637049   -0.3411374 0.3192827
0.6202048  -0.6437334   -0.3276305 0.30596
0.62695  -0.6499034   -0.3143642 0.2928044
0.6332182  -0.6556514   -0.3013365 0.2799148
0.6390485  -0.6609499   -0.2886198 0.2673215
0.6444635  -0.6658127   -0.2762328 0.2550598
0.6494102  -0.6703614   -0.2641347 0.2431351
0.6539528  -0.6745905   -0.2523242 0.2315293
0.6581773  -0.6783942   -0.2409494 0.2202893
0.6620931  -0.681837   -0.2299653 0.2093967
0.6656877  -0.6849641   -0.2193673 0.198902
0.6690074  -0.6877825   -0.2091556 0.1887811
0.6720332  -0.6903859   -0.1992519 0.1789901
0.6748459  -0.6926921   -0.1897528 0.1695717
0.6773633  -0.6948379   -0.1806058 0.1605022
0.6796929  -0.6967895   -0.1717131 0.151712
0.6818026  -0.698503   -0.163326 0.1433993
0.6836062  -0.7001609   -0.1552653 0.1354619
0.6852963  -0.7016124   -0.1475288 0.1278445
0.6869577  -0.7028642   -0.139965 0.1203358
0.6884379  -0.7039613   -0.1328615 0.1133117
0.6897327  -0.7049806   -0.1261023 0.1066274
0.6909123  -0.7058717   -0.1197029 0.1002826
0.6919548  -0.7067131   -0.1135203 0.0941719
0.6929952  -0.7073803   -0.1075925 0.08828703
0.6938477  -0.7080217   -0.1020785 0.08282856
0.6945782  -0.7086588   -0.0967117 0.07752843
0.6952122  -0.7092355   -0.09165327 0.07255769
0.6959186  -0.7096029   -0.08692434 0.06786143
0.6964547  -0.7100694   -0.08220162 0.06320743
0.696999  -0.710389   -0.0778823 0.05894099
0.6975758  -0.7106014   -0.0737025 0.05478572
0.6979915  -0.7108972   -0.0696573 0.05080204
0.6983845  -0.7111224   -0.06591412 0.04710946
0.6987424  -0.7113236   -0.06230125 0.04354564
0.6991144  -0.7114612   -0.05878766 0.04007452
0.6993765  -0.7116473   -0.05546144 0.03680561
0.6996833  -0.711738   -0.05231101 0.03370028
0.6999149  -0.7118527   -0.04936411 0.03079263
0.7001187  -0.7119554   -0.04655864 0.02802645
0.7003183  -0.7120219   -0.0439472 0.02544921
0.7006357  -0.7119578   -0.04129679 0.02280785
0.7008131  -0.7119983   -0.03879849 0.02034965
0.7010127  -0.711983   -0.03652477 0.01809473
0.7012833  -0.7118725   -0.03439973 0.01599579
0.7014073  -0.7118909   -0.03232382 0.01394604
0.7015271  -0.7118973   -0.03031393 0.01195466
0.7016013  -0.7119281   -0.02847878 0.0101455
0.7016345  -0.7119897   -0.02664242 0.008351213
0.7017896  -0.711917   -0.02492582 0.006646373
0.7017707  -0.7120044   -0.02329071 0.005030792
0.7018624  -0.7119736   -0.02170124 0.003453866
0.7017673  -0.7121143   -0.02028883 0.002065961
0.7017974  -0.7121272   -0.01883962 0.0006304782
0.7016895  -0.7122655   -0.01758787 -0.0006064649
0.7016791  -0.7123034   -0.01633782 -0.001844155
0.7017485  -0.7122571   -0.0151555 -0.003009007
0.7016919  -0.7123309   -0.0140061 -0.004124458
0.7018206  -0.7122176   -0.01291822 -0.005203981
0.7018676  -0.7121801   -0.01198972 -0.006125737
0.7018906  -0.7121642   -0.0110414 -0.007051606
0.7019617  -0.7120985   -0.01008763 -0.007990369
0.70214  -0.7119242   -0.009261419 -0.008803687
0.7021887  -0.7118762   -0.008379485 -0.009657119
0.7021535  -0.7119086   -0.007605586 -0.01043422
0.7021912  -0.7118675   -0.006831804 -0.0111956
0.7021961  -0.7118579   -0.006149437 -0.0118748
0.7022067  -0.7118407   -0.005385478 -0.01262684
0.7022487  -0.7117933   -0.004804038 -0.01319074
0.7022873  -0.7117479   -0.004205511 -0.0137793
0.7022627  -0.711764   -0.003634314 -0.01434913
0.7023001  -0.711718   -0.003013697 -0.01493693
0.7021992  -0.7118099   -0.002554596 -0.01537501
0.7021692  -0.7118306   -0.00210299 -0.01584933
0.7022668  -0.711724   -0.001596884 -0.01636724
0.7022182  -0.7117624   -0.001131695 -0.01681034
0.7021855  -0.7117844   -0.0006725565 -0.01726235
0.7022333  -0.7117282   -0.0002673117 -0.01764439
0.702288  -0.711665   8.39326E-05 -0.01801007
0.702299  -0.7116464   0.0003945039 -0.01831459
0.7022762  -0.7116582   0.0007782422 -0.01871438
0.7022881  -0.7116399   0.001027444 -0.01895076
0.7023154  -0.7116022   0.001401783 -0.01931838
0.702297  -0.7116114   0.001702072 -0.01962755
0.7022214  -0.7116797   0.001914471 -0.01983811
0.7021497  -0.7117434   0.002147989 -0.02006144
0.702123  -0.7117618   0.002390178 -0.02031467
0.7021673  -0.7117096   0.002652762 -0.02057817
0.7022046  -0.7116639   0.00294026 -0.02084371
0.7021422  -0.7117163   0.003209407 -0.02111673
0.7022214  -0.7116342   0.003350821 -0.02122886
0.7021657  -0.7116806   0.003599133 -0.02147495
0.7021608  -0.7116797   0.003776234 -0.02163367
0.7021387  -0.7116937   0.003995963 -0.02184932
0.7022856  -0.7115405   0.004235571 -0.02207134
0.702252  -0.7115691   0.004360175 -0.02219496
0.702206  -0.7116062   0.004582259 -0.02241389
0.7022486  -0.711561   0.004663535 -0.02249883
0.7021764  -0.7116296   0.004731622 -0.02256739
0.7021577  -0.7116432   0.004854158 -0.02269444
0.7022516  -0.7115431   0.005038849 -0.02288645
0.702262  -0.7115315   0.005063585 -0.02292307
0.7022009  -0.7115875   0.005185484 -0.02302909
0.7021091  -0.7116751   0.005252523 -0.02310513
0.7021004  -0.7116784   0.005379904 -0.02323724
0.7020221  -0.7117534   0.005421949 -0.02329622
0.7020575  -0.7117162   0.005476046 -0.02335416
0.702126  -0.7116457   0.005557014 -0.02342222
0.7020934  -0.7116783   0.005554118 -0.02341213
0.7021319  -0.7116354   0.005665463 -0.02353409
0.7021351  -0.7116271   0.005789296 -0.02365457
0.7022094  -0.711554   0.005797022 -0.02364957
0.7021427  -0.7116174   0.005861058 -0.02370614
0.7021266  -0.7116329   0.005878554 -0.02371581
0.7020806  -0.711675   0.005963181 -0.0237915
0.7020298  -0.711723   0.006007973 -0.0238441
0.7020051  -0.7117484   0.005969769 -0.02382133
0.7019164  -0.7118358   0.005980376 -0.02381923
0.7018564  -0.7118926   0.006022466 -0.02388268
0.701888  -0.7118592   0.006063782 -0.02393566
0.7018544  -0.7118919   0.006067946 -0.0239469
0.7018306  -0.7119146   0.006089061 -0.02396633
0.7018455  -0.7118999   0.006077315 -0.02396799
0.7019249  -0.7118171   0.006169993 -0.02407582
0.701862  -0.7118802   0.006153298 -0.02405307
0.7018747  -0.7118651   0.006207318 -0.02411199
0.7018306  -0.7119066   0.006255907 -0.02416093
0.7018428  -0.7118943   0.006262762 -0.02416544
0.7019013  -0.7118359   0.006284873 -0.02418303
0.7019358  -0.7118002   0.006323144 -0.02422457
0.7019152  -0.7118177   0.006386482 -0.02428598
0.7019991  -0.7117358   0.00636836 -0.0242636
0.7020001  -0.7117299   0.006485517 -0.02437765
0.7020565  -0.7116742   0.00649328 -0.02438029
0.702079  -0.7116515   0.006505985 -0.02439099
0.7019801  -0.7117447   0.006600542 -0.02449445
0.7019415  -0.7117795   0.006656966 -0.02457169
0.7019591  -0.7117587   0.006730117 -0.02464934
0.7019879  -0.7117314   0.006713531 -0.02462269
0.7018794  -0.7118356   0.006766966 -0.02469203
0.7017961  -0.7119142   0.006844465 -0.02477058
0.7018616  -0.7118487   0.006867269 -0.02478853
0.7019527  -0.7117568   0.006914264 -0.02483674
0.7018916  -0.7118197   0.006852981 -0.02477781
0.7018991  -0.7118109   0.006884832 -0.02480711
0.7019324  -0.7117761   0.006940547 -0.02485121
0.7019584  -0.7117487   0.006964846 -0.02489519
0.7020352  -0.7116712   0.00700756 -0.02493289
0.7020363  -0.7116697   0.007019661 -0.02494326
0.7020714  -0.7116343   0.007041228 -0.02495464
0.7020766  -0.7116305   0.007020663 -0.02492465
0.7019694  -0.7117345   0.007039419 -0.02496909
0.7019565  -0.7117453   0.007082974 -0.02501104
0.7019948  -0.7117081   0.007066572 -0.02499913
0.7019921  -0.7117132   0.007024999 -0.02494111
0.7019518  -0.7117535   0.007011722 -0.02492831
0.701933  -0.7117739   0.006966337 -0.02488998
0.7018172  -0.7118891   0.0069461 -0.02486553
0.7018355  -0.7118702   0.006950268 -0.02489003
0.7017906  -0.7119151   0.006932918 -0.02487287
0.70189  -0.7118197   0.006868563 -0.0248189
0.7018547  -0.7118514   0.006932176 -0.02488948
0.7018865  -0.7118206   0.006915958 -0.0248784
0.701794  -0.7119095   0.00697149 -0.02492853
0.7017819  -0.7119196   0.007020727 -0.02496935
0.701793  -0.7119113   0.00696698 -0.02490722
0.7018357  -0.7118704   0.006930383 -0.02488328
0.7018239  -0.7118806   0.006940548 -0.02492225
0.7017547  -0.7119501   0.006904748 -0.02489613
0.701838  -0.7118673   0.006917402 -0.02491074
0.7018653  -0.7118385   0.006949218 -0.02495337
0.7019661  -0.7117404   0.006919736 -0.02492696
0.7019179  -0.7117876   0.006927883 -0.02493561
0.7019672  -0.7117417   0.006867705 -0.02487235
0.7020354  -0.7116719   0.006912191 -0.02493424
0.7020195  -0.7116888   0.006880758 -0.02490973
0.702012  -0.7116931   0.00693166 -0.02498117
0.7020411  -0.7116691   0.00682021 -0.02487607
0.702067  -0.711641   0.006870202 -0.02493769
0.7021217  -0.7115896   0.006813143 -0.02487769
0.7021254  -0.7115853   0.006812382 -0.02489832
0.7021716  -0.7115363   0.00688908 -0.02497089
0.70214  -0.7115695   0.00683978 -0.02492967
0.7022111  -0.7114994   0.006854231 -0.02492488
0.7022814  -0.7114315   0.006810939 -0.02489253
0.702239  -0.7114719   0.006845333 -0.02492659
0.7022728  -0.7114375   0.006871466 -0.02494991
0.702401  -0.7113162   0.006769197 -0.02482704
0.7024084  -0.7113093   0.006785533 -0.02481046
0.7022797  -0.7114324   0.006866282 -0.02490203
0.702321  -0.7113896   0.006909191 -0.02494845
0.702316  -0.7113932   0.006927948 -0.02498067
0.7022361  -0.711471   0.006961903 -0.02500139
0.7021998  -0.7115031   0.00704564 -0.02508382
0.7021427  -0.7115629   0.00695064 -0.02501285
0.7021462  -0.7115558   0.007019378 -0.02509372
0.7021419  -0.7115607   0.006993201 -0.02508231
0.7021493  -0.7115517   0.007046744 -0.0251182
0.7021077  -0.7115895   0.007113897 -0.02519136
0.7021266  -0.7115708   0.007098231 -0.0251964
0.7020493  -0.7116442   0.007161051 -0.02526117
0.7020294  -0.7116654   0.007122011 -0.02522822
0.7020586  -0.7116398   0.007051951 -0.025158
0.702057  -0.7116423   0.007025111 -0.02513737
0.7021229  -0.7115783   0.007011511 -0.02511131
0.7021031  -0.7115988   0.006996702 -0.02508842
0.7021019  -0.711596   0.007089674 -0.02517845
0.7021351  -0.7115647   0.007046146 -0.02514718
0.7021809  -0.7115168   0.007109857 -0.02520775
0.7021685  -0.7115268   0.007153905 -0.02525799
0.7021353  -0.7115549   0.007241693 -0.02535881
0.702185  -0.7115076   0.007191757 -0.02532838
0.7022555  -0.7114395   0.007147513 -0.02529549
0.702396  -0.7112993   0.007170378 -0.02533232
0.7024471  -0.7112528   0.007093136 -0.02524567
0.7023801  -0.7113194   0.007091552 -0.02523122
0.7024624  -0.7112369   0.007124095 -0.02525853
0.7025262  -0.7111747   0.007098114 -0.02524243
0.7025152  -0.7111852   0.007106663 -0.02525038
0.7024906  -0.7112097   0.007096957 -0.02524855
0.7024695  -0.7112315   0.007059705 -0.02522685
0.7024581  -0.7112468   0.006965979 -0.0251407
0.7024536  -0.7112479   0.007043104 -0.02521535
0.7023881  -0.7113113   0.007058457 -0.02524752
0.7023689  -0.7113331   0.007003385 -0.025184
0.702392  -0.7113076   0.007070721 -0.02523993
0.7024305  -0.7112694   0.00707613 -0.02524285
0.7023619  -0.7113351   0.007104996 -0.02528883
0.7023813  -0.7113143   0.007141379 -0.0253294
0.7022948  -0.7113963   0.007208848 -0.02540509
0.7023122  -0.7113786   0.007204479 -0.02542131
0.7022375  -0.7114513   0.007225584 -0.0254444
0.7022501  -0.7114334   0.007336496 -0.02556697
0.7022659  -0.7114161   0.007379564 -0.02560051
0.7021813  -0.7115008   0.007357308 -0.02557373
0.702283  -0.7114021   0.007325 -0.02553628
0.7022734  -0.711412   0.007322061 -0.02552465
0.7023242  -0.7113617   0.007311726 -0.02553164
0.7023198  -0.7113678   0.007275043 -0.02549417
0.7022114  -0.7114726   0.007324241 -0.02553873
0.7022386  -0.7114435   0.0073701 -0.02558852
0.7022405  -0.711441   0.007390457 -0.02559987
0.7022237  -0.7114583   0.007382146 -0.02558338
0.7022363  -0.7114454   0.007394911 -0.02559401
0.7021567  -0.7115238   0.007391284 -0.02559934
0.7021319  -0.7115497   0.007360094 -0.02556803
0.7021397  -0.7115413   0.007375109 -0.02558129
0.7021306  -0.7115566   0.007234429 -0.02544817
0.7022238  -0.7114666   0.007193785 -0.02540411
0.7021443  -0.7115458   0.007157609 -0.02539317
0.7020712  -0.711618   0.007169811 -0.0253845
0.7020986  -0.7115906   0.007197653 -0.02538783
0.7020206  -0.711668   0.007186617 -0.02537839
0.7020181  -0.711672   0.00714868 -0.02534733
0.7020154  -0.7116739   0.007172888 -0.02536235
0.7019523  -0.7117354   0.007168048 -0.02538096
0.701969  -0.711718   0.007174978 -0.02540856
0.7019907  -0.7116968   0.007168159 -0.0254066
0.7019247  -0.7117617   0.007168376 -0.02540738
0.7019025  -0.7117866   0.007120775 -0.02533719
0.7019189  -0.711767   0.007203754 -0.02540985
0.7018593  -0.7118307   0.007095207 -0.02530427
0.7018692  -0.7118171   0.007192504 -0.02538307
0.7019075  -0.7117758   0.007267252 -0.0254611
0.7019119  -0.7117772   0.007140808 -0.02533516
0.7019528  -0.7117349   0.007190062 -0.02538019
0.7019428  -0.7117426   0.007239318 -0.02542663
0.7018945  -0.7117906   0.007234181 -0.02541479
0.7019206  -0.711767   0.007191208 -0.02536943
0.7018805  -0.7118067   0.007192895 -0.02536338
0.7019389  -0.7117504   0.007167775 -0.02533416
0.7018257  -0.7118621   0.007156394 -0.02533435
0.7018175  -0.7118733   0.007102126 -0.02526432
0.7017949  -0.7118902   0.007208724 -0.025383
0.7019357  -0.7117546   0.007139827 -0.02531375
0.7019376  -0.7117537   0.007131048 -0.0252893
0.7019332  -0.7117574   0.007140995 -0.02530445
0.7019135  -0.7117804   0.007054314 -0.02522571
0.7019194  -0.7117763   0.007024318 -0.02518695
0.7019393  -0.711755   0.007057782 -0.02522372
0.7019675  -0.7117277   0.007040136 -0.02521171
0.7020329  -0.7116627   0.007051906 -0.02522564
0.7020266  -0.7116729   0.006968933 -0.02513513
0.7020254  -0.7116715   0.007028689 -0.02519209
0.7021089  -0.7115904   0.007004009 -0.02516335
0.702037  -0.7116623   0.006993277 -0.02513956
0.7019755  -0.711718   0.007097704 -0.02524965
0.7020407  -0.7116512   0.007150362 -0.02530486
0.7020357  -0.7116564   0.00714525 -0.02529863
0.7021652  -0.7115305   0.007095344 -0.02525773
0.702227  -0.7114672   0.007139793 -0.02531195
0.702224  -0.711468   0.007196096 -0.02535816
0.7022328  -0.7114602   0.0071721 -0.02534006
0.7022454  -0.7114494   0.007131018 -0.0253053
0.7022484  -0.7114512   0.007020363 -0.02520099
0.7022452  -0.7114539   0.007025671 -0.02521255
0.7022039  -0.7114959   0.00699972 -0.02518684
0.70216  -0.7115372   0.007047545 -0.02522717
0.7020938  -0.7115982   0.007139529 -0.02532693
0.7020656  -0.7116257   0.00714326 -0.02533126
0.7021805  -0.7115102   0.007190149 -0.02537875
0.702069  -0.7116233   0.007106893 -0.02531561
0.7021183  -0.7115723   0.007157064 -0.02536865
0.7020909  -0.711605   0.007050789 -0.02524099
0.7021483  -0.7115486   0.007047214 -0.02523406
0.7021318  -0.7115647   0.007058183 -0.02523619
0.7020847  -0.7116148   0.006974292 -0.02515483
0.7021111  -0.7115883   0.006993261 -0.02516427
0.7021912  -0.7115117   0.006933467 -0.02510788
0.7022094  -0.7114965   0.006875981 -0.0250496
0.7022259  -0.7114814   0.006832239 -0.02502721
0.7022656  -0.7114422   0.006837083 -0.02502858
0.7022913  -0.7114187   0.00677725 -0.02498889
0.7022303  -0.7114784   0.006794207 -0.02499919
0.7022293  -0.7114764   0.006868687 -0.02506346
0.7022243  -0.7114878   0.006726203 -0.024922
0.7022127  -0.7114963   0.006786089 -0.02498704
0.7022415  -0.7114667   0.006820982 -0.02500974
0.7023016  -0.7113999   0.007005564 -0.02517223
0.7023404  -0.7113567   0.007110134 -0.02527893
0.702418  -0.711281   0.007089143 -0.02526016
0.7024136  -0.7112873   0.007044779 -0.02521467
0.7023081  -0.7113913   0.007056617 -0.02522128
0.7022651  -0.7114375   0.006966237 -0.02513953
0.7022112  -0.7114913   0.006960524 -0.02512041
0.7022913  -0.7114125   0.006959432 -0.02511416
0.7022803  -0.7114221   0.006981742 -0.02514191
0.7024039  -0.7112998   0.007001259 -0.02514612
0.7023916  -0.7113085   0.007073493 -0.0252236
0.7023589  -0.7113395   0.007084952 -0.02525725
0.7024248  -0.711278   0.007016155 -0.02517682
0.7023974  -0.7113021   0.00708134 -0.02524158
0.7023596  -0.7113431   0.006998608 -0.02515986
0.7023207  -0.7113781   0.007079921 -0.02523255
0.7022934  -0.7114061   0.007051308 -0.02521254
0.7022742  -0.7114262   0.007026069 -0.02518624
0.7023264  -0.7113754   0.007027237 -0.02516716
0.7022735  -0.7114244   0.007083726 -0.02524028
0.7021662  -0.7115294   0.007095142 -0.02526288
0.7022591  -0.7114355   0.007137333 -0.02531371
0.7022226  -0.7114754   0.007039383 -0.02523101
0.7022718  -0.7114277   0.007022109 -0.02521085
0.7022637  -0.7114349   0.007043613 -0.02523114
0.7022595  -0.711436   0.007106347 -0.025299
0.702274  -0.7114188   0.007177192 -0.02536008
0.7022255  -0.7114639   0.007243284 -0.02541892
0.7020941  -0.7115942   0.007237034 -0.02540185
0.7021418  -0.7115464   0.007262392 -0.02541498
0.7021365  -0.7115559   0.007150667 -0.0253267
0.70222  -0.7114784   0.007046105 -0.02521785
0.7022223  -0.7114791   0.006968052 -0.02515445
0.7022174  -0.7114863   0.006922042 -0.02510073
0.7022263  -0.7114756   0.006974031 -0.02514212
0.7021701  -0.711529   0.007019398 -0.02518702
0.7021934  -0.7115079   0.006986634 -0.02514418
0.7022096  -0.7114937   0.006953759 -0.02510176
0.7022646  -0.7114448   0.006830274 -0.02498292
0.7021984  -0.7115091   0.006853804 -0.02500642
0.7021461  -0.7115643   0.006760541 -0.02492935
0.7021189  -0.711586   0.006884844 -0.02504305
0.7022575  -0.7114502   0.006859769 -0.02501905
0.7022208  -0.711486   0.006870555 -0.02502913
0.7022196  -0.7114856   0.006901485 -0.02506561
0.7020354  -0.7116645   0.006947733 -0.02513401
0.7020424  -0.7116624   0.006848538 -0.0250267
0.7020709  -0.7116312   0.006918543 -0.02509277
0.7020015  -0.7116985   0.006949552 -0.02511722
0.7019945  -0.7117071   0.006905796 -0.0250806
0.7019454  -0.7117522   0.006966653 -0.02515556
0.7019908  -0.7117096   0.006909715 -0.02511144
0.7020637  -0.7116389   0.006886459 -0.02508358
0.7019912  -0.7117112   0.00686693 -0.02506561
0.7020318  -0.7116659   0.006988244 -0.02518143
0.7020037  -0.7116953   0.006956332 -0.02514273
0.7020206  -0.7116817   0.00689114 -0.02507682
0.7020069  -0.7116963   0.006858577 -0.02505152
0.7020223  -0.7116831   0.006810948 -0.02500955
0.7020196  -0.711687   0.00677864 -0.02498414
0.7020609  -0.7116476   0.00675537 -0.02494922
0.7021388  -0.7115706   0.006757229 -0.02495326
0.7021505  -0.7115604   0.006728638 -0.02492405
0.7020921  -0.7116221   0.006637629 -0.02483423
0.7021788  -0.7115335   0.00670441 -0.02490219
0.7021314  -0.7115741   0.00682979 -0.02504177
0.7020879  -0.7116175   0.006814888 -0.0250353
0.7020531  -0.7116534   0.006777838 -0.02499739
0.7020467  -0.7116571   0.006844599 -0.02505501
