-0.2392578  9.80957   -1.445117
-0.1866211  9.862207   -1.473828
-0.2775391  9.814356   -1.301563
-0.2057617  9.814356   -1.325488
-0.2296875  9.752149   -1.36377
-0.2296875  9.833496   -1.330273
-0.2344727  9.862207   -1.37334
-0.2105469  9.828711   -1.402051
-0.2488281  9.780859   -1.435547
-0.1674805  9.823926   -1.330273
-0.215332  9.843066   -1.430762
-0.2249023  9.833496   -1.488184
-0.1914063  9.8   -1.37334
-0.2344727  9.828711   -1.39248
-0.2392578  9.804785   -1.416406
-0.2488281  9.81914   -1.478613
-0.2296875  9.833496   -1.387695
-0.1626953  9.804785   -1.354199
-0.2105469  9.766504   -1.387695
-0.2488281  9.847852   -1.406836
-0.2057617  9.866992   -1.440332
-0.244043  9.838282   -1.306348
-0.2488281  9.852636   -1.339844
-0.1961914  9.857422   -1.387695
-0.1866211  9.838282   -1.38291
-0.2105469  9.852636   -1.320703
-0.1961914  9.838282   -1.320703
-0.2488281  9.857422   -1.301563
-0.2249023  9.81914   -1.440332
-0.1961914  9.857422   -1.248926
-0.2392578  9.79043   -1.39248
-0.2679687  9.814356   -1.397266
-0.244043  9.833496   -1.397266
-0.2488281  9.81914   -1.425977
-0.2775391  9.771289   -1.483398
-0.2201172  9.795215   -1.397266
-0.1961914  9.81914   -1.349414
-0.2105469  9.843066   -1.378125
-0.2392578  9.866992   -1.37334
-0.2823242  9.823926   -1.378125
-0.2057617  9.804785   -1.387695
-0.2057617  9.81914   -1.315918
-0.244043  9.862207   -1.311133
-0.2392578  9.8   -1.320703
-0.2536133  9.795215   -1.368555
-0.1961914  9.876562   -1.229785
-0.2488281  9.80957   -1.349414
-0.2344727  9.881348   -1.335059
-0.2392578  9.838282   -1.425977
-0.2488281  9.8   -1.430762
-0.2105469  9.823926   -1.344629
-0.2775391  9.81914   -1.301563
-0.2296875  9.852636   -1.36377
-0.2057617  9.833496   -1.38291
-0.1961914  9.876562   -1.421191
-0.2344727  9.833496   -1.36377
-0.2009766  9.795215   -1.39248
-0.2488281  9.81914   -1.306348
-0.215332  9.80957   -1.358984
-0.2201172  9.79043   -1.344629
-0.2249023  9.79043   -1.253711
-0.2679687  9.814356   -1.397266
-0.2536133  9.780859   -1.306348
-0.1914063  9.823926   -1.39248
-0.1626953  9.776074   -1.38291
-0.2296875  9.852636   -1.416406
-0.2009766  9.823926   -1.368555
-0.2536133  9.890918   -1.39248
-0.2392578  9.795215   -1.36377
-0.2536133  9.843066   -1.258496
-0.2488281  9.833496   -1.38291
-0.2536133  9.79043   -1.268066
-0.2105469  9.804785   -1.38291
-0.2631836  9.828711   -1.287207
-0.2249023  9.881348   -1.425977
-0.2201172  9.776074   -1.263281
-0.2009766  9.828711   -1.358984
-0.244043  9.833496   -1.354199
-0.2392578  9.833496   -1.440332
-0.2296875  9.905273   -1.387695
-0.2583984  9.905273   -1.402051
-0.244043  9.900488   -1.311133
-0.215332  9.81914   -1.411621
-0.215332  9.847852   -1.402051
-0.2249023  9.833496   -1.387695
-0.2009766  9.80957   -1.268066
-0.2583984  9.823926   -1.330273
-0.2727539  9.785645   -1.397266
-0.1961914  9.852636   -1.358984
-0.1961914  9.795215   -1.36377
-0.2583984  9.886133   -1.311133
-0.2966797  9.895703   -1.320703
-0.244043  9.871778   -1.469043
-0.2009766  9.857422   -1.330273
-0.2201172  9.823926   -1.36377
-0.2201172  9.795215   -1.469043
-0.2536133  9.866992   -1.387695
-0.3014649  9.823926   -1.339844
-0.1674805  9.871778   -1.425977
-0.2392578  9.795215   -1.358984
-0.2201172  9.843066   -1.349414
-0.215332  9.833496   -1.301563
-0.1674805  9.795215   -1.248926
-0.244043  9.886133   -1.378125
-0.2296875  9.823926   -1.406836
-0.215332  9.80957   -1.287207
-0.2296875  9.847852   -1.421191
-0.2201172  9.876562   -1.36377
-0.1866211  9.838282   -1.344629
-0.2344727  9.852636   -1.315918
-0.2009766  9.823926   -1.258496
-0.2392578  9.843066   -1.330273
-0.1914063  9.905273   -1.397266
-0.2057617  9.795215   -1.358984
-0.2009766  9.814356   -1.315918
-0.1866211  9.833496   -1.39248
-0.2918945  9.862207   -1.287207
-0.2009766  9.843066   -1.315918
-0.1626953  9.857422   -1.330273
-0.2679687  9.852636   -1.38291
-0.2201172  9.866992   -1.306348
-0.2296875  9.852636   -1.440332
-0.1818359  9.828711   -1.320703
-0.2201172  9.823926   -1.37334
-0.2966797  9.833496   -1.368555
-0.2583984  9.862207   -1.387695
-0.2583984  9.838282   -1.287207
-0.2249023  9.833496   -1.425977
-0.2344727  9.833496   -1.402051
-0.2775391  9.823926   -1.39248
-0.215332  9.843066   -1.330273
-0.2488281  9.838282   -1.368555
-0.1866211  9.833496   -1.282422
-0.244043  9.8   -1.38291
-0.1961914  9.8   -1.296777
-0.244043  9.81914   -1.263281
-0.2344727  9.866992   -1.311133
-0.2105469  9.843066   -1.378125
-0.1914063  9.81914   -1.268066
-0.2871094  9.862207   -1.282422
-0.2105469  9.847852   -1.358984
-0.2105469  9.843066   -1.282422
-0.2105469  9.838282   -1.37334
-0.2201172  9.8   -1.354199
-0.1722656  9.823926   -1.325488
-0.2679687  9.756933   -1.296777
-0.2679687  9.814356   -1.397266
-0.2249023  9.814356   -1.339844
-0.2105469  9.823926   -1.311133
-0.215332  9.833496   -1.277637
-0.1626953  9.843066   -1.411621
-0.2679687  9.785645   -1.320703
-0.2249023  9.79043   -1.406836
-0.2679687  9.852636   -1.335059
-0.2631836  9.795215   -1.320703
-0.2727539  9.862207   -1.306348
-0.2488281  9.857422   -1.306348
-0.2536133  9.857422   -1.311133
-0.2296875  9.823926   -1.277637
-0.2105469  9.866992   -1.344629
-0.2249023  9.862207   -1.306348
-0.2679687  9.828711   -1.344629
-0.2488281  9.776074   -1.339844
-0.244043  9.862207   -1.320703
-0.1914063  9.871778   -1.272852
-0.1961914  9.742579   -1.445117
-0.3110352  9.843066   -1.397266
-0.244043  9.80957   -1.38291
-0.2344727  9.823926   -1.349414
-0.2296875  9.876562   -1.272852
-0.1914063  9.804785   -1.287207
-0.2296875  9.881348   -1.287207
-0.2201172  9.857422   -1.425977
-0.2296875  9.81914   -1.339844
-0.215332  9.895703   -1.36377
-0.2249023  9.852636   -1.516895
-0.2727539  9.871778   -1.349414
-0.244043  9.761719   -1.315918
-0.244043  9.847852   -1.330273
-0.244043  9.804785   -1.335059
-0.2631836  9.881348   -1.387695
-0.215332  9.862207   -1.282422
-0.2631836  9.776074   -1.344629
-0.244043  9.900488   -1.306348
-0.2536133  9.857422   -1.344629
-0.2249023  9.852636   -1.39248
-0.2009766  9.857422   -1.37334
-0.2631836  9.847852   -1.358984
-0.2488281  9.785645   -1.39248
-0.2105469  9.8   -1.315918
-0.2296875  9.833496   -1.287207
-0.2871094  9.900488   -1.402051
-0.1866211  9.881348   -1.330273
-0.2105469  9.795215   -1.320703
-0.2296875  9.828711   -1.306348
-0.2392578  9.81914   -1.387695
-0.2775391  9.80957   -1.344629
-0.215332  9.881348   -1.320703
-0.2775391  9.80957   -1.411621
-0.2583984  9.833496   -1.272852
-0.2392578  9.795215   -1.406836
-0.2392578  9.823926   -1.349414
-0.1866211  9.823926   -1.311133
-0.2201172  9.843066   -1.330273
-0.2249023  9.780859   -1.406836
-0.2392578  9.828711   -1.325488
-0.215332  9.823926   -1.411621
-0.215332  9.833496   -1.23457
-0.2296875  9.80957   -1.335059
-0.1914063  9.823926   -1.39248
-0.2249023  9.780859   -1.406836
-0.2344727  9.857422   -1.358984
-0.1914063  9.900488   -1.268066
-0.2631836  9.857422   -1.38291
-0.2679687  9.857422   -1.368555
-0.215332  9.785645   -1.344629
-0.2583984  9.843066   -1.258496
-0.2344727  9.833496   -1.387695
-0.215332  9.81914   -1.416406
-0.2296875  9.81914   -1.469043
-0.1914063  9.771289   -1.282422
-0.2344727  9.785645   -1.411621
-0.215332  9.785645   -1.358984
-0.2201172  9.895703   -1.320703
-0.1722656  9.814356   -1.296777
-0.2057617  9.828711   -1.387695
-0.2105469  9.876562   -1.36377
-0.215332  9.785645   -1.296777
-0.2775391  9.780859   -1.296777
-0.2009766  9.866992   -1.335059
-0.1722656  9.828711   -1.368555
-0.215332  9.81914   -1.330273
-0.2392578  9.785645   -1.248926
-0.2344727  9.8   -1.306348
-0.2488281  9.881348   -1.287207
-0.2536133  9.866992   -1.36377
-0.2727539  9.857422   -1.39248
-0.244043  9.823926   -1.368555
-0.2009766  9.847852   -1.354199
-0.2823242  9.843066   -1.311133
-0.1722656  9.814356   -1.36377
-0.1866211  9.80957   -1.258496
-0.1866211  9.814356   -1.287207
-0.2296875  9.871778   -1.378125
-0.2249023  9.843066   -1.459473
-0.2105469  9.814356   -1.306348
-0.2392578  9.8   -1.320703
-0.1961914  9.886133   -1.378125
-0.244043  9.771289   -1.335059
-0.244043  9.79043   -1.349414
-0.2344727  9.881348   -1.229785
-0.1914063  9.866992   -1.282422
-0.2057617  9.890918   -1.339844
-0.2249023  9.828711   -1.311133
-0.2631836  9.938769   -1.349414
-0.2583984  9.718653   -1.277637
-0.2201172  9.828711   -1.411621
-0.2823242  9.905273   -1.320703
-0.2344727  9.910059   -1.354199
-0.244043  9.862207   -1.344629
-0.2296875  9.694727   -1.330273
-0.2057617  9.752149   -1.387695
-0.244043  9.881348   -1.296777
-0.2057617  9.881348   -1.277637
-0.215332  9.871778   -1.335059
-0.3014649  9.80957   -1.210644
-0.1914063  9.737793   -1.301563
-0.2344727  9.804785   -1.38291
-0.2249023  9.866992   -1.272852
-0.1818359  9.890918   -1.253711
-0.2296875  9.833496   -1.306348
-0.1914063  9.756933   -1.229785
-0.2392578  9.838282   -1.306348
-0.30625  9.8   -1.263281
-0.244043  9.914844   -1.378125
-0.1914063  9.943555   -1.311133
-0.2392578  9.8   -1.330273
-0.2296875  9.79043   -1.177148
-0.2057617  9.795215   -1.296777
-0.2392578  9.838282   -1.406836
-0.2583984  9.866992   -1.320703
-0.1818359  9.81914   -1.344629
-0.215332  9.814356   -1.335059
-0.244043  9.771289   -1.335059
-0.2249023  9.79043   -1.268066
-0.2631836  9.838282   -1.39248
-0.2201172  9.81914   -1.344629
-0.2009766  9.938769   -1.282422
-0.2009766  9.828711   -1.315918
-0.2727539  9.828711   -1.411621
-0.1961914  9.847852   -1.311133
-0.2249023  9.843066   -1.244141
-0.1914063  9.838282   -1.248926
-0.2631836  9.752149   -1.397266
-0.2488281  9.8   -1.339844
-0.1914063  9.804785   -1.296777
-0.2488281  9.852636   -1.473828
-0.2344727  9.81914   -1.358984
-0.2392578  9.843066   -1.306348
-0.2009766  9.886133   -1.344629
-0.215332  9.919629   -1.253711
-0.2488281  9.771289   -1.306348
-0.2631836  9.80957   -1.253711
-0.2392578  9.833496   -1.186719
-0.2392578  9.876562   -1.296777
-0.2583984  9.886133   -1.296777
-0.2488281  9.843066   -1.335059
-0.1866211  9.80957   -1.229785
-0.1914063  9.80957   -1.311133
-0.2296875  9.780859   -1.301563
-0.244043  9.886133   -1.378125
-0.215332  9.823926   -1.358984
-0.215332  9.866992   -1.339844
-0.2249023  9.828711   -1.330273
-0.244043  9.814356   -1.36377
-0.2105469  9.80957   -1.325488
-0.2392578  9.828711   -1.406836
-0.2201172  9.81914   -1.301563
-0.2009766  9.843066   -1.36377
-0.2009766  9.771289   -1.272852
-0.2105469  9.8   -1.301563
-0.2966797  9.785645   -1.325488
-0.215332  9.857422   -1.258496
-0.1722656  9.823926   -1.358984
-0.1961914  9.833496   -1.320703
-0.2631836  9.852636   -1.349414
-0.2679687  9.81914   -1.378125
-0.2105469  9.838282   -1.387695
-0.2631836  9.847852   -1.325488
-0.2536133  9.804785   -1.244141
-0.2823242  9.804785   -1.37334
-0.2201172  9.833496   -1.358984
-0.2105469  9.838282   -1.37334
-0.2249023  9.900488   -1.282422
-0.1818359  9.823926   -1.378125
-0.2583984  9.866992   -1.320703
-0.2536133  9.847852   -1.37334
-0.2392578  9.804785   -1.311133
-0.2392578  9.833496   -1.335059
-0.2201172  9.833496   -1.325488
-0.1818359  9.838282   -1.311133
-0.244043  9.895703   -1.378125
-0.2296875  9.80957   -1.320703
-0.2296875  9.847852   -1.354199
-0.244043  9.866992   -1.320703
-0.2009766  9.828711   -1.263281
-0.2631836  9.8   -1.344629
-0.1866211  9.776074   -1.282422
-0.2536133  9.780859   -1.320703
-0.2057617  9.804785   -1.354199
-0.2536133  9.862207   -1.416406
-0.2488281  9.862207   -1.37334
-0.2536133  9.828711   -1.36377
-0.1818359  9.80957   -1.311133
-0.2679687  9.8   -1.320703
-0.2488281  9.847852   -1.354199
-0.215332  9.843066   -1.263281
-0.2249023  9.852636   -1.339844
-0.2392578  9.804785   -1.306348
-0.215332  9.833496   -1.378125
-0.2488281  9.866992   -1.325488
-0.2296875  9.857422   -1.416406
-0.2105469  9.814356   -1.36377
-0.215332  9.843066   -1.358984
-0.2201172  9.814356   -1.330273
-0.2583984  9.890918   -1.277637
-0.1961914  9.866992   -1.411621
-0.2392578  9.833496   -1.296777
-0.2201172  9.866992   -1.248926
-0.2344727  9.838282   -1.253711
-0.2631836  9.833496   -1.36377
-0.2727539  9.771289   -1.354199
-0.2679687  9.838282   -1.287207
-0.2201172  9.828711   -1.277637
-0.2775391  9.886133   -1.387695
-0.2009766  9.80957   -1.311133
-0.2201172  9.814356   -1.291992
-0.2105469  9.838282   -1.277637
-0.1866211  9.814356   -1.320703
-0.244043  9.833496   -1.239355
-0.2201172  9.833496   -1.320703
-0.2392578  9.857422   -1.291992
-0.2583984  9.847852   -1.229785
-0.244043  9.876562   -1.344629
-0.2727539  9.876562   -1.330273
-0.2823242  9.862207   -1.378125
-0.215332  9.785645   -1.397266
-0.1770508  9.8   -1.37334
-0.2105469  9.828711   -1.406836
-0.2057617  9.833496   -1.344629
-0.2392578  9.838282   -1.258496
-0.2536133  9.79043   -1.37334
-0.2344727  9.80957   -1.325488
-0.2201172  9.900488   -1.277637
-0.2536133  9.780859   -1.335059
-0.2775391  9.847852   -1.38291
-0.2249023  9.866992   -1.344629
-0.244043  9.852636   -1.430762
-0.2105469  9.843066   -1.38291
-0.1914063  9.804785   -1.191504
-0.2057617  9.752149   -1.358984
-0.2727539  9.823926   -1.397266
-0.2392578  9.81914   -1.335059
-0.2631836  9.852636   -1.287207
-0.1674805  9.838282   -1.344629
-0.2727539  9.852636   -1.306348
-0.2296875  9.804785   -1.37334
-0.2296875  9.847852   -1.301563
-0.2583984  9.81914   -1.339844
-0.2727539  9.857422   -1.36377
-0.2727539  9.833496   -1.320703
-0.2296875  9.804785   -1.416406
-0.2392578  9.823926   -1.320703
-0.1818359  9.79043   -1.291992
-0.2344727  9.919629   -1.268066
-0.2583984  9.80957   -1.406836
-0.2536133  9.857422   -1.39248
-0.2009766  9.833496   -1.349414
-0.2009766  9.838282   -1.268066
-0.2344727  9.838282   -1.38291
-0.2392578  9.866992   -1.402051
-0.2488281  9.910059   -1.282422
-0.2201172  9.833496   -1.272852
-0.1866211  9.838282   -1.38291
-0.2009766  9.747363   -1.258496
-0.2296875  9.881348   -1.354199
-0.2009766  9.833496   -1.368555
-0.2488281  9.80957   -1.248926
-0.215332  9.843066   -1.39248
-0.2583984  9.847852   -1.225
-0.1579102  9.838282   -1.296777
-0.1866211  9.747363   -1.339844
-0.2057617  9.780859   -1.339844
-0.1914063  9.8   -1.287207
-0.2392578  9.905273   -1.315918
-0.2679687  9.833496   -1.397266
-0.1722656  9.81914   -1.301563
-0.215332  9.81914   -1.244141
-0.2344727  9.843066   -1.349414
-0.2201172  9.780859   -1.306348
-0.2631836  9.852636   -1.387695
-0.2249023  9.80957   -1.36377
-0.2344727  9.804785   -1.368555
-0.2631836  9.80957   -1.263281
-0.1674805  9.843066   -1.268066
-0.2057617  9.80957   -1.39248
-0.2536133  9.828711   -1.258496
-0.1961914  9.80957   -1.291992
-0.2918945  9.795215   -1.287207
-0.2296875  9.814356   -1.306348
-0.30625  9.804785   -1.36377
-0.2296875  9.890918   -1.272852
-0.3014649  9.866992   -1.335059
-0.2488281  9.876562   -1.239355
-0.2536133  9.828711   -1.349414
-0.215332  9.776074   -1.416406
-0.2344727  9.843066   -1.311133
-0.2488281  9.828711   -1.239355
-0.2392578  9.900488   -1.445117
-0.1914063  9.866992   -1.330273
-0.2344727  9.833496   -1.368555
-0.2296875  9.852636   -1.287207
-0.2631836  9.8   -1.330273
-0.2536133  9.833496   -1.406836
-0.2057617  9.852636   -1.301563
-0.2201172  9.881348   -1.330273
-0.2775391  9.866992   -1.311133
-0.2105469  9.866992   -1.358984
-0.2296875  9.881348   -1.296777
-0.2249023  9.776074   -1.311133
-0.2392578  9.847852   -1.358984
-0.2057617  9.871778   -1.344629
-0.2344727  9.80957   -1.344629
-0.1961914  9.79043   -1.37334
-0.1818359  9.843066   -1.406836
-0.2488281  9.80957   -1.277637
-0.2201172  9.838282   -1.315918
-0.2344727  9.852636   -1.344629
-0.2392578  9.852636   -1.296777
-0.2105469  9.756933   -1.287207
-0.2296875  9.80957   -1.315918
-0.2249023  9.80957   -1.354199
-0.2392578  9.847852   -1.306348
-0.2296875  9.881348   -1.282422
-0.1722656  9.814356   -1.358984
-0.2009766  9.823926   -1.244141
-0.2105469  9.747363   -1.37334
-0.2536133  9.843066   -1.39248
-0.2344727  9.795215   -1.39248
-0.2105469  9.80957   -1.311133
-0.2727539  9.838282   -1.37334
-0.2488281  9.795215   -1.368555
-0.215332  9.780859   -1.378125
-0.2583984  9.862207   -1.325488
-0.2727539  9.866992   -1.330273
-0.2918945  9.862207   -1.315918
-0.2344727  9.838282   -1.301563
-0.2488281  9.804785   -1.397266
-0.2057617  9.828711   -1.344629
-0.2679687  9.847852   -1.282422
-0.2392578  9.866992   -1.287207
-0.2344727  9.814356   -1.368555
-0.1674805  9.79043   -1.23457
-0.244043  9.823926   -1.339844
-0.2296875  9.823926   -1.358984
-0.2057617  9.81914   -1.36377
-0.2009766  9.81914   -1.335059
-0.2296875  9.823926   -1.320703
-0.2105469  9.890918   -1.325488
-0.2679687  9.81914   -1.354199
-0.2583984  9.814356   -1.320703
-0.2296875  9.866992   -1.421191
-0.2536133  9.857422   -1.296777
-0.2488281  9.862207   -1.287207
-0.2296875  9.737793   -1.282422
-0.215332  9.733007   -1.311133
-0.2536133  9.804785   -1.344629
-0.2201172  9.876562   -1.311133
-0.3014649  9.871778   -1.378125
-0.2201172  9.785645   -1.229785
-0.2871094  9.823926   -1.277637
-0.2296875  9.80957   -1.296777
-0.2009766  9.81914   -1.387695
-0.2296875  9.871778   -1.320703
-0.2536133  9.881348   -1.244141
-0.2871094  9.776074   -1.402051
-0.215332  9.828711   -1.325488
-0.2392578  9.871778   -1.325488
-0.2296875  9.852636   -1.277637
-0.2105469  9.80957   -1.306348
-0.1866211  9.776074   -1.301563
-0.2727539  9.862207   -1.387695
-0.2201172  9.823926   -1.311133
-0.2536133  9.871778   -1.344629
-0.2105469  9.814356   -1.248926
-0.1961914  9.80957   -1.277637
-0.2392578  9.79043   -1.296777
-0.2201172  9.857422   -1.354199
-0.2105469  9.8   -1.301563
-0.2009766  9.862207   -1.239355
-0.1914063  9.852636   -1.291992
-0.2105469  9.828711   -1.306348
-0.2583984  9.852636   -1.354199
-0.2344727  9.828711   -1.248926
-0.244043  9.871778   -1.349414
-0.2488281  9.852636   -1.402051
-0.2392578  9.8   -1.406836
-0.1961914  9.823926   -1.402051
-0.2296875  9.823926   -1.291992
-0.2201172  9.823926   -1.268066
-0.2344727  9.843066   -1.36377
-0.2536133  9.823926   -1.387695
-0.2631836  9.80957   -1.201074
-0.2249023  9.852636   -1.378125
-0.2488281  9.866992   -1.296777
-0.2631836  9.828711   -1.301563
-0.2536133  9.833496   -1.38291
-0.1914063  9.823926   -1.325488
-0.2344727  9.814356   -1.320703
-0.1626953  9.833496   -1.315918
-0.2201172  9.814356   -1.325488
-0.2201172  9.843066   -1.301563
-0.2249023  9.857422   -1.358984
-0.2057617  9.80957   -1.311133
-0.3014649  9.804785   -1.330273
-0.2344727  9.823926   -1.258496
-0.2583984  9.852636   -1.36377
-0.215332  9.881348   -1.315918
-0.2679687  9.847852   -1.311133
-0.244043  9.857422   -1.229785
-0.244043  9.866992   -1.282422
-0.215332  9.886133   -1.435547
-0.1818359  9.876562   -1.330273
-0.2488281  9.847852   -1.320703
-0.2727539  9.871778   -1.368555
-0.2296875  9.847852   -1.38291
-0.1674805  9.8   -1.325488
-0.2679687  9.8   -1.358984
-0.1961914  9.871778   -1.358984
-0.2344727  9.833496   -1.344629
-0.244043  9.857422   -1.358984
-0.2105469  9.847852   -1.378125
-0.2488281  9.881348   -1.330273
-0.2105469  9.79043   -1.291992
-0.2583984  9.814356   -1.248926
-0.1961914  9.890918   -1.268066
-0.2105469  9.804785   -1.315918
-0.2057617  9.838282   -1.330273
-0.2631836  9.785645   -1.330273
-0.2392578  9.852636   -1.296777
-0.2009766  9.886133   -1.325488
-0.2249023  9.804785   -1.368555
-0.2488281  9.828711   -1.349414
-0.2536133  9.843066   -1.287207
-0.2392578  9.795215   -1.306348
-0.1961914  9.843066   -1.330273
-0.2344727  9.843066   -1.320703
-0.2105469  9.862207   -1.440332
-0.2344727  9.828711   -1.36377
-0.2583984  9.838282   -1.387695
-0.1866211  9.833496   -1.397266
-0.1961914  9.833496   -1.287207
-0.2201172  9.80957   -1.349414
-0.2871094  9.838282   -1.225
-0.2057617  9.838282   -1.411621
-0.2249023  9.833496   -1.320703
-0.2679687  9.847852   -1.282422
-0.2344727  9.838282   -1.301563
-0.2249023  9.785645   -1.36377
-0.1866211  9.862207   -1.339844
-0.1674805  9.876562   -1.23457
-0.2583984  9.838282   -1.296777
-0.2249023  9.852636   -1.335059
-0.1626953  9.81914   -1.272852
-0.2296875  9.814356   -1.253711
-0.1914063  9.881348   -1.287207
-0.2201172  9.8   -1.301563
-0.2249023  9.81914   -1.311133
-0.2201172  9.843066   -1.397266
-0.2392578  9.80957   -1.296777
-0.2536133  9.795215   -1.349414
-0.2296875  9.804785   -1.459473
-0.2009766  9.881348   -1.330273
-0.215332  9.866992   -1.315918
-0.2536133  9.833496   -1.306348
-0.215332  9.771289   -1.287207
-0.2344727  9.847852   -1.315918
-0.2296875  9.919629   -1.296777
-0.2536133  9.833496   -1.358984
-0.2201172  9.756933   -1.344629
-0.2392578  9.814356   -1.301563
-0.2727539  9.8   -1.36377
-0.2392578  9.847852   -1.268066
-0.2536133  9.833496   -1.330273
-0.2536133  9.876562   -1.21543
-0.2105469  9.814356   -1.272852
-0.2201172  9.866992   -1.344629
-0.2536133  9.838282   -1.397266
-0.215332  9.843066   -1.335059
-0.2488281  9.866992   -1.320703
-0.2392578  9.81914   -1.287207
-0.2249023  9.80957   -1.272852
-0.244043  9.828711   -1.225
-0.1866211  9.843066   -1.311133
-0.2679687  9.852636   -1.287207
-0.2249023  9.80957   -1.349414
-0.2679687  9.886133   -1.315918
-0.2631836  9.881348   -1.368555
-0.1961914  9.866992   -1.263281
-0.2296875  9.785645   -1.339844
-0.2583984  9.8   -1.258496
-0.2488281  9.81914   -1.268066
-0.2057617  9.857422   -1.320703
-0.2344727  9.866992   -1.387695
-0.1914063  9.8   -1.325488
-0.2296875  9.881348   -1.320703
-0.1818359  9.81914   -1.244141
-0.215332  9.843066   -1.330273
-0.244043  9.895703   -1.258496
-0.1866211  9.838282   -1.268066
