-0.9146342  0.06097561   -1.158537
-0.9756098  -0.06097561   -1.097561
-0.9146342  0.06097561   -1.036585
-1.036585  0   -1.036585
-0.9756098  0.1219512   -0.9146342
-1.036585  0   -1.280488
-0.7317073  -0.1219512   -1.036585
-0.9756098  0   -0.9146342
-0.9756098  0   -1.097561
-0.9756098  -0.1829268   -0.7317073
-0.9146342  0   -1.036585
-0.9756098  0.1219512   -1.097561
-1.097561  0.06097561   -0.9146342
-1.036585  0.06097561   -0.7926829
-0.9756098  0   -0.8536586
-0.9146342  0   -0.8536586
-1.158537  0.1219512   -1.097561
-1.097561  0.2439024   -1.036585
-1.097561  0   -1.036585
-0.8536586  -0.1829268   -0.9756098
-0.9146342  0   -0.9756098
-1.219512  0.1219512   -0.9756098
-0.8536586  0.1219512   -0.9146342
-0.9146342  0.06097561   -0.9756098
-0.9756098  -0.06097561   -0.9756098
-0.9146342  -0.06097561   -0.9756098
-0.8536586  -0.06097561   -1.097561
-0.8536586  -0.06097561   -1.036585
-1.158537  0.1219512   -0.9146342
-0.9756098  0.06097561   -0.9146342
-0.9146342  -0.2439024   -1.036585
-0.8536586  0.1219512   -1.097561
-0.9756098  0.06097561   -0.9146342
-1.158537  0.1219512   -0.9756098
-0.9146342  -0.06097561   -0.9146342
-1.097561  0   -0.9756098
-1.097561  0.1219512   -1.158537
-1.097561  0   -0.9146342
-0.9146342  0.1219512   -1.036585
-0.8536586  -0.1219512   -0.9756098
-0.8536586  0.1219512   -1.036585
-0.9756098  -0.1219512   -1.036585
-0.8536586  -0.06097561   -0.9756098
-0.8536586  0.1829268   -0.9756098
-0.9146342  0.1219512   -0.8536586
-1.158537  -0.06097561   -0.9756098
-0.9756098  0   -1.036585
-0.9756098  0   -0.9146342
-0.9756098  0.06097561   -0.8536586
-1.036585  0.06097561   -0.9756098
-0.7926829  0.06097561   -1.036585
-1.097561  0   -1.097561
-1.036585  0.1219512   -1.036585
-1.158537  -0.06097561   -1.036585
-1.097561  0.1219512   -1.097561
-0.9756098  0.1219512   -1.036585
-0.8536586  0.06097561   -0.9146342
-0.9146342  0   -0.9756098
-1.097561  -0.06097561   -1.036585
-0.9756098  0   -0.9756098
-0.8536586  -0.06097561   -1.097561
-0.9146342  0   -0.8536586
-0.9146342  0   -0.9146342
-0.9756098  0.06097561   -0.8536586
-0.7926829  0.1219512   -1.036585
-0.7317073  0   -1.158537
-0.9146342  -0.1219512   -1.463415
-1.036585  0.2439024   -1.036585
-1.097561  0   -0.8536586
-0.9756098  0   -0.9756098
-1.158537  0.1829268   -0.9756098
-0.8536586  -0.06097561   -0.9756098
-0.9146342  0.06097561   -0.9756098
-0.9756098  0.1219512   -1.097561
-0.9756098  0   -0.9756098
-1.036585  0.06097561   -1.036585
-1.219512  0   -0.9756098
-1.097561  -0.06097561   -1.097561
-0.9756098  -0.06097561   -1.097561
-1.097561  0.1219512   -0.9756098
-0.7926829  0.06097561   -1.097561
-1.158537  0   -0.9146342
-0.9146342  0.06097561   -1.097561
-0.9146342  0.1219512   -0.9756098
-0.8536586  -0.1829268   -0.9756098
-1.036585  0   -1.036585
-1.097561  0.06097561   -0.9756098
-0.9756098  0.1829268   -1.036585
-1.097561  -0.06097561   -0.9146342
-1.219512  0   -1.097561
-1.036585  0   -1.097561
-0.9756098  0.1829268   -0.9756098
-0.8536586  0.06097561   -1.036585
-0.9146342  0.1829268   -0.9146342
-1.036585  0.06097561   -1.036585
-1.036585  -0.1829268   -1.158537
-1.158537  0.1219512   -1.036585
-1.036585  0   -1.036585
-1.158537  0.06097561   -0.8536586
-0.9756098  -0.1219512   -1.158537
-0.7926829  0.06097561   -0.8536586
-0.8536586  -0.1219512   -1.097561
-0.7926829  0.1829268   -1.036585
-1.097561  0   -1.036585
-0.8536586  -0.06097561   -1.158537
-0.9756098  -0.06097561   -0.7926829
-1.097561  0.06097561   -1.219512
-1.158537  0   -1.036585
-1.158537  0.1829268   -1.036585
-0.8536586  0.1219512   -1.158537
-1.097561  0   -0.8536586
-0.7317073  0.1219512   -0.9756098
-0.9756098  -0.1219512   -0.8536586
-0.9146342  -0.1219512   -0.8536586
-0.8536586  -0.06097561   -1.036585
-1.036585  0.06097561   -1.219512
-0.9756098  0.1829268   -1.097561
-1.097561  0.06097561   -1.097561
-1.097561  0   -0.9756098
-0.9756098  0   -1.158537
-0.9756098  0.06097561   -0.9756098
-0.8536586  0.06097561   -1.097561
-0.9146342  0   -1.097561
-0.9756098  0   -0.9146342
-0.9756098  0.3048781   -0.9756098
-1.219512  0.1219512   -0.7926829
-1.219512  0.06097561   -0.9756098
-1.097561  0.06097561   -1.219512
-1.036585  0.06097561   -1.097561
-1.158537  0.06097561   -1.036585
-0.9756098  0.06097561   -0.9756098
-0.9756098  0   -0.9756098
-0.8536586  0.06097561   -1.097561
-1.158537  0.1829268   -0.8536586
-1.219512  -0.06097561   -0.9146342
-0.9756098  0.3658537   -0.9146342
-1.036585  0.1219512   -1.158537
-0.9756098  0   -1.036585
-0.9756098  -0.1829268   -1.097561
-0.9756098  0.06097561   -1.036585
-1.036585  0.06097561   -1.036585
-0.9146342  0.06097561   -0.7926829
-0.7926829  -0.06097561   -0.9756098
-1.158537  -0.1219512   -0.9756098
-0.9146342  -0.1219512   -1.097561
-0.9756098  0.06097561   -0.9756098
-0.6097561  -0.1219512   -1.158537
-1.158537  0.06097561   -1.097561
-1.219512  0.1829268   -0.8536586
-0.9756098  0   -0.9146342
-0.9756098  0.06097561   -1.219512
-1.036585  0   -1.158537
-0.9146342  0   -0.9756098
-0.9756098  0   -1.036585
-0.9146342  0.06097561   -1.280488
-0.9756098  -0.06097561   -0.9146342
-1.097561  0.1219512   -0.9756098
-1.280488  0.1219512   -1.097561
-0.8536586  0.06097561   -1.280488
-1.036585  0.06097561   -0.9756098
-1.036585  0   -0.9146342
-0.8536586  0.1219512   -1.219512
-0.8536586  0.1219512   -1.036585
-1.036585  0   -0.9756098
-1.097561  0   -1.097561
-1.158537  -0.1219512   -1.097561
-1.097561  0   -0.9146342
-0.8536586  0.1219512   -0.9756098
-1.158537  0.1219512   -0.9756098
-0.9146342  0   -0.8536586
-0.9146342  0.06097561   -1.219512
-0.9146342  0   -0.9756098
-0.9146342  -0.06097561   -1.036585
-1.219512  0.1219512   -0.9756098
-1.158537  0.06097561   -0.8536586
-0.9756098  0.2439024   -1.097561
-0.9146342  0.06097561   -0.9146342
-0.9146342  0.1219512   -0.9146342
-1.036585  -0.06097561   -0.9146342
-1.036585  -0.06097561   -0.9146342
-1.097561  0.1219512   -1.097561
-1.219512  0.2439024   -0.9756098
-0.9756098  0   -1.097561
-0.9756098  0.1829268   -1.097561
-0.7926829  -0.1219512   -1.097561
-1.036585  0.1219512   -1.036585
-0.7926829  -0.06097561   -1.097561
-0.9756098  -0.1219512   -0.9756098
-1.036585  0   -1.036585
-1.036585  0.1219512   -1.097561
-1.036585  -0.1219512   -1.158537
-0.8536586  0.1219512   -1.158537
-1.036585  0.06097561   -0.9146342
-1.036585  0   -1.036585
-1.219512  0.06097561   -1.097561
-0.7926829  0.1829268   -1.036585
-0.7926829  0.2439024   -1.219512
-1.036585  -0.1219512   -1.097561
-1.097561  0.1829268   -0.8536586
-1.219512  -0.1219512   -0.9146342
-0.8536586  0   -1.036585
0.02042747  -0.09451219   -0.138109
-0.04054809  0.02743903   -0.01615775
0.2643299  0.08841464   -0.01615775
-0.1015238  -0.03353658   -0.07713342
-0.2844505  -0.09451219   -0.07713342
-0.04054809  0.08841464   -0.138109
0.08140308  0.1493903   -0.07713342
-0.1624993  0.02743903   0.04481781
-0.1015238  0.02743903   -0.01615775
-0.04054809  0.02743903   -0.01615775
0.2643299  0.08841464   -0.01615775
0.08140308  0.02743903   0.166769
-0.1624993  -0.1554878   -0.01615775
-0.04054809  0.02743903   0.166769
-0.04054809  -0.03353658   0.166769
0.2033543  0.08841464   -0.1990846
-0.04054809  -0.2164634   -0.01615775
0.1423787  0.02743903   0.04481781
-0.04054809  -0.03353658   0.04481781
-0.04054809  -0.03353658   -0.07713342
-0.223475  0.02743903   0.1057934
-0.3454262  0.08841464   0.04481781
-0.1015238  0.08841464   -0.01615775
-0.1624993  -0.03353658   0.1057934
-0.1015238  0.08841464   0.1057934
-0.223475  -0.03353658   -0.07713342
0.08140308  -0.03353658   -0.01615775
-0.1015238  0.08841464   -0.1990846
-0.1015238  -0.09451219   0.1057934
-0.04054809  0.08841464   -0.01615775
-0.1015238  -0.03353658   -0.01615775
0.02042747  -0.09451219   0.04481781
0.3253055  0.1493903   -0.1990846
0.08140308  -0.03353658   0.166769
-0.04054809  -0.03353658   -0.1990846
0.08140308  0.08841464   0.166769
-0.1015238  -0.03353658   0.04481781
0.02042747  -0.09451219   -0.138109
-0.1624993  0.2103659   -0.01615775
0.1423787  0.2103659   -0.138109
-0.04054809  0.08841464   -0.07713342
0.08140308  -0.03353658   -0.07713342
-0.04054809  0.02743903   -0.07713342
-0.1624993  -0.09451219   -0.138109
0.02042747  -0.09451219   -0.07713342
-0.223475  0.02743903   -0.01615775
-0.1624993  0.08841464   0.2277446
0.1423787  -0.03353658   0.04481781
0.02042747  -0.1554878   -0.01615775
-0.1015238  -0.09451219   0.04481781
0.2643299  -0.09451219   -0.01615775
0.1423787  0.2713415   -0.138109
0.2033543  0.08841464   0.2277446
0.08140308  -0.09451219   -0.07713342
-0.04054809  0.02743903   -0.138109
-0.04054809  -0.03353658   -0.07713342
-0.04054809  0.1493903   0.166769
-0.1624993  0.1493903   -0.01615775
-0.1015238  0.02743903   0.2277446
0.08140308  0.2713415   0.1057934
0.2033543  -0.03353658   -0.07713342
0.2643299  -0.1554878   -0.138109
0.2033543  -0.03353658   -0.01615775
-0.2844505  -0.1554878   0.2887203
-0.1015238  0.2103659   0.2277446
-0.2844505  0.02743903   -0.01615775
0.08140308  -0.03353658   -0.07713342
0.2033543  0.1493903   -0.138109
-0.1015238  0.1493903   -0.07713342
0.02042747  0.08841464   -0.01615775
-0.1015238  0.08841464   -0.07713342
-0.1015238  0.02743903   -0.07713342
0.1423787  0.02743903   0.04481781
-0.04054809  0.08841464   -0.07713342
-0.223475  -0.03353658   0.1057934
0.02042747  0.02743903   0.04481781
0.08140308  -0.03353658   -0.01615775
0.1423787  0.08841464   -0.07713342
-0.1624993  -0.03353658   -0.07713342
0.08140308  0.02743903   0.04481781
0.08140308  0.02743903   -0.1990846
0.08140308  -0.03353658   -0.07713342
-0.1624993  0.08841464   -0.138109
-0.223475  -0.03353658   -0.07713342
0.08140308  -0.03353658   -0.1990846
0.02042747  0.1493903   -0.138109
0.08140308  0.1493903   -0.138109
0.1423787  -0.09451219   -0.07713342
0.02042747  0.02743903   0.04481781
0.1423787  -0.03353658   -0.07713342
-0.223475  -0.09451219   -0.01615775
-0.04054809  -0.09451219   -0.01615775
0.1423787  -0.09451219   -0.1990846
0.08140308  0.02743903   0.1057934
0.1423787  0.02743903   -0.07713342
0.1423787  0.08841464   0.04481781
0.08140308  -0.2164634   -0.01615775
0.02042747  0.02743903   0.166769
-0.04054809  0.2103659   0.166769
0.02042747  0.1493903   0.166769
-0.04054809  0.02743903   -0.07713342
-0.1015238  0.08841464   0.1057934
0.08140308  -0.03353658   0.04481781
-0.1015238  -0.03353658   -0.01615775
-0.04054809  -0.03353658   -0.1990846
-0.1015238  0.08841464   -0.01615775
-0.1624993  0.08841464   0.04481781
-0.1015238  -0.09451219   0.1057934
0.02042747  0.08841464   -0.01615775
0.08140308  0.02743903   0.04481781
0.02042747  -0.1554878   -0.138109
-0.1015238  -0.03353658   -0.138109
-0.04054809  0.02743903   0.166769
0.1423787  -0.03353658   -0.01615775
-0.1015238  -0.2164634   -0.01615775
-0.1015238  0.2103659   -0.07713342
0.02042747  0.08841464   -0.01615775
-0.1015238  0.02743903   0.04481781
0.02042747  0.02743903   -0.1990846
0.08140308  0.02743903   -0.138109
0.02042747  0.08841464   -0.07713342
0.1423787  0.08841464   0.166769
-0.1015238  0.1493903   -0.07713342
-0.1015238  -0.09451219   0.04481781
-0.04054809  0.08841464   -0.07713342
-0.1015238  -0.03353658   -0.01615775
0.2643299  -0.1554878   0.04481781
0.02042747  0.1493903   0.1057934
-0.1624993  0.1493903   -0.01615775
-0.04054809  -0.03353658   -0.01615775
-0.04054809  0.02743903   -0.01615775
-0.1624993  -0.09451219   -0.07713342
-0.1015238  -0.1554878   -0.07713342
-0.2844505  0.02743903   -0.01615775
-0.1624993  -0.1554878   -0.01615775
-0.04054809  0.02743903   0.04481781
-0.1624993  -0.03353658   -0.07713342
-0.1015238  0.08841464   0.04481781
-0.1624993  0.02743903   0.04481781
-0.1015238  -0.03353658   -0.1990846
-0.04054809  -0.09451219   0.2887203
0.02042747  -0.03353658   -0.138109
0.08140308  -0.03353658   0.166769
-0.3454262  -0.03353658   -0.01615775
0.02042747  -0.03353658   0.04481781
0.2033543  0.02743903   0.04481781
0.2643299  -0.09451219   -0.01615775
0.1423787  0.02743903   -0.01615775
-0.1015238  -0.03353658   0.04481781
-0.1624993  -0.09451219   -0.138109
0.08140308  -0.1554878   -0.138109
-0.1015238  0.1493903   -0.138109
-0.1624993  0.08841464   -0.1990846
-0.04054809  -0.2164634   -0.01615775
-0.223475  0.08841464   0.04481781
0.1423787  0.08841464   0.04481781
-0.04054809  -0.03353658   -0.01615775
-0.1015238  0.02743903   0.04481781
-0.04054809  -0.03353658   -0.138109
-0.04054809  -0.03353658   -0.01615775
0.02042747  -0.1554878   -0.1990846
0.02042747  -0.03353658   -0.01615775
-0.04054809  -0.03353658   -0.07713342
-0.04054809  -0.03353658   -0.01615775
0.02042747  0.08841464   -0.1990846
-0.04054809  -0.03353658   0.04481781
0.02042747  0.08841464   -0.1990846
-0.04054809  0.02743903   0.04481781
-0.04054809  -0.1554878   0.04481781
0.08140308  -0.09451219   0.04481781
0.02042747  -0.03353658   0.1057934
0.08140308  0.02743903   -0.138109
-0.1015238  0.08841464   -0.01615775
-0.1015238  0.2103659   0.04481781
-0.1624993  0.02743903   -0.01615775
-0.04054809  0.2103659   0.04481781
-0.04054809  -0.09451219   -0.07713342
-0.04054809  -0.03353658   -0.07713342
-0.04054809  -0.03353658   0.04481781
0.02042747  0.1493903   0.1057934
-0.1015238  0.1493903   -0.01615775
0.08140308  -0.03353658   0.1057934
-0.2844505  -0.03353658   0.1057934
-0.1624993  -0.03353658   0.1057934
0.1423787  0.08841464   0.1057934
0.2033543  0.08841464   -0.07713342
0.08140308  0.02743903   0.1057934
0.02042747  -0.09451219   -0.01615775
0.1423787  -0.03353658   -0.07713342
-0.04054809  -0.03353658   -0.07713342
0.08140308  0.02743903   0.1057934
-0.1624993  0.1493903   0.04481781
0.02042747  -0.09451219   0.04481781
0.2033543  0.02743903   0.166769
-0.04054809  -0.03353658   -0.07713342
-0.1015238  0.1493903   0.04481781
-0.223475  0.08841464   -0.01615775
-0.223475  -0.09451219   0.1057934
-0.223475  -0.09451219   0.2277446
0.2033543  0.02743903   -0.138109
0.2033543  -0.03353658   -0.01615775
0.1423787  -0.09451219   -0.07713342
0.08140308  0.02743903   -0.01615775
-0.3454262  -0.03353658   0.1057934
0.2033543  0.02743903   0.1057934
-0.1015238  0.08841464   -0.01615775
0.2033543  -0.03353658   0.04481781
0.02042747  -0.03353658   -0.138109
-0.04054809  0.1493903   -0.07713342
0.2033543  0.08841464   -0.138109
-0.04054809  0.02743903   0.1057934
-0.1624993  0.02743903   -0.01615775
-0.223475  -0.1554878   -0.01615775
0.02042747  -0.09451219   0.04481781
0.08140308  -0.09451219   -0.07713342
0.2033543  -0.1554878   -0.01615775
0.2033543  0.08841464   -0.07713342
0.02042747  -0.03353658   0.04481781
0.02042747  -0.1554878   -0.1990846
-0.1015238  0.02743903   0.166769
-0.1624993  0.02743903   0.04481781
-0.1624993  -0.09451219   -0.07713342
-0.04054809  0.08841464   0.04481781
-0.1015238  0.08841464   0.166769
0.08140308  0.08841464   -0.07713342
0.02042747  0.02743903   -0.07713342
0.08140308  -0.09451219   -0.07713342
-0.04054809  0.2103659   -0.01615775
-0.2844505  -0.03353658   -0.07713342
0.08140308  0.08841464   0.04481781
-0.2844505  -0.1554878   -0.138109
-0.1015238  0.08841464   -0.07713342
0.02042747  -0.03353658   -0.01615775
0.08140308  0.1493903   0.04481781
-0.04054809  -0.03353658   -0.01615775
-0.04054809  0.02743903   -0.138109
-0.1015238  0.1493903   -0.01615775
-0.04054809  0.08841464   0.1057934
-0.1015238  0.08841464   -0.01615775
0.08140308  0.08841464   0.04481781
0.02042747  0.02743903   0.1057934
-0.1015238  0.08841464   0.04481781
-0.04054809  0.08841464   -0.01615775
-0.1624993  -0.1554878   -0.07713342
0.08140308  0.02743903   0.04481781
0.2643299  0.2103659   -0.01615775
0.1423787  0.08841464   0.166769
0.08140308  0.08841464   -0.01615775
0.08140308  0.08841464   -0.138109
0.02042747  0.08841464   -0.07713342
0.08140308  -0.09451219   -0.01615775
-0.1015238  0.02743903   0.04481781
-0.1624993  -0.03353658   0.04481781
0.1423787  0.1493903   -0.07713342
0.02042747  0.1493903   0.04481781
-0.04054809  0.1493903   -0.01615775
-0.04054809  0.02743903   -0.07713342
-0.1624993  0.1493903   -0.01615775
0.08140308  0.08841464   -0.01615775
0.02042747  0.08841464   -0.07713342
-0.1624993  -0.09451219   -0.01615775
0.08140308  0.02743903   -0.1990846
-0.04054809  0.02743903   -0.01615775
-0.04054809  0.2103659   0.1057934
-0.2844505  0.02743903   0.04481781
0.02042747  0.1493903   0.1057934
0.02042747  0.02743903   -0.07713342
0.02042747  0.3323171   -0.138109
-0.04054809  0.08841464   0.04481781
-0.1015238  0.1493903   -0.01615775
-0.1015238  -0.09451219   -0.138109
-0.04054809  0.02743903   0.2277446
-0.3454262  0.1493903   0.1057934
-0.1624993  0.08841464   0.04481781
-0.04054809  0.08841464   -0.07713342
0.4472567  -0.09451219   -0.138109
-0.1624993  0.02743903   -0.138109
-0.1624993  0.02743903   -0.01615775
-0.1624993  0.08841464   0.04481781
-0.1624993  0.08841464   0.2887203
-0.1624993  -0.2164634   0.4106715
-0.1015238  -0.2164634   -0.01615775
0.08140308  -0.03353658   -0.138109
0.08140308  0.02743903   0.04481781
0.08140308  0.02743903   -0.01615775
-0.2844505  0.08841464   0.1057934
-0.04054809  -0.1554878   -0.01615775
0.1423787  0.02743903   -0.01615775
0.02042747  0.02743903   -0.138109
0.08140308  -0.2164634   0.1057934
0.1423787  0.02743903   0.04481781
-0.04054809  -0.09451219   0.1057934
0.1423787  -0.09451219   -0.01615775
-0.3454262  0.08841464   -0.07713342
-0.4064018  0.02743903   0.1057934
-0.1624993  -0.03353658   -0.1990846
-0.04054809  -0.03353658   -0.07713342
0.02042747  -0.09451219   0.04481781
-0.1015238  -0.03353658   -0.07713342
0.2033543  -0.09451219   -0.01615775
0.1423787  0.02743903   0.04481781
-0.04054809  -0.03353658   -0.01615775
-0.1015238  0.02743903   -0.138109
-0.04054809  0.02743903   0.1057934
0.08140308  -0.1554878   -0.138109
-0.1015238  -0.03353658   -0.07713342
-0.04054809  0.08841464   0.04481781
0.02042747  0.08841464   -0.07713342
0.08140308  0.1493903   -0.01615775
-0.1015238  0.08841464   0.04481781
-0.1015238  -0.03353658   -0.01615775
-0.1015238  -0.03353658   0.2887203
-0.3454262  0.08841464   0.1057934
-0.1624993  0.08841464   -0.01615775
0.2033543  -0.03353658   0.1057934
0.08140308  0.02743903   0.04481781
-0.04054809  0.2103659   -0.138109
-0.2844505  0.02743903   0.166769
-0.223475  -0.03353658   0.04481781
0.02042747  -0.03353658   0.04481781
-0.04054809  -0.03353658   -0.138109
0.08140308  0.1493903   0.166769
-0.1015238  0.08841464   0.2277446
-0.1624993  -0.03353658   0.04481781
0.1423787  0.08841464   -0.138109
-0.04054809  0.02743903   0.04481781
0.02042747  0.08841464   -0.01615775
-0.1624993  -0.09451219   0.166769
-0.223475  0.2103659   0.04481781
-0.223475  0.1493903   -0.138109
-0.223475  -0.09451219   -0.07713342
0.1423787  -0.1554878   0.166769
0.2033543  0.08841464   -0.07713342
0.08140308  -0.09451219   -0.2600602
0.02042747  0.1493903   0.04481781
-0.04054809  -0.03353658   -0.07713342
-0.04054809  0.2103659   0.04481781
0.02042747  0.02743903   0.04481781
-0.04054809  0.1493903   0.1057934
0.08140308  -0.03353658   -0.07713342
-0.1624993  -0.277439   -0.138109
0.08140308  0.1493903   -0.138109
-0.04054809  0.2103659   -0.138109
0.02042747  0.08841464   0.04481781
0.2033543  0.02743903   -0.07713342
-0.04054809  -0.03353658   -0.01615775
0.02042747  0.1493903   0.1057934
-0.1015238  -0.09451219   0.166769
-0.04054809  0.08841464   0.04481781
0.08140308  -0.03353658   -0.01615775
-0.223475  -0.1554878   -0.01615775
-0.1015238  -0.1554878   -0.01615775
-0.04054809  0.08841464   -0.01615775
-0.04054809  -0.03353658   -0.138109
-0.1015238  -0.09451219   -0.138109
-0.223475  -0.03353658   -0.01615775
-0.223475  0.08841464   0.1057934
-0.1624993  0.08841464   -0.07713342
0.2033543  0.08841464   -0.07713342
-0.04054809  -0.1554878   -0.07713342
0.02042747  -0.03353658   -0.07713342
0.08140308  0.08841464   -0.01615775
-0.1015238  0.1493903   -0.07713342
-0.223475  -0.09451219   -0.01615775
-0.1015238  -0.03353658   -0.01615775
0.1423787  -0.03353658   -0.138109
-0.223475  0.08841464   0.04481781
-0.2844505  0.02743903   0.166769
0.02042747  0.02743903   0.166769
0.08140308  -0.09451219   0.04481781
0.08140308  0.02743903   -0.2600602
-0.1015238  0.08841464   -0.01615775
0.02042747  0.08841464   0.04481781
0.02042747  0.1493903   -0.07713342
-0.04054809  -0.09451219   0.166769
-0.1624993  0.02743903   0.1057934
-0.2844505  -0.09451219   -0.138109
0.08140308  0.08841464   0.04481781
0.08140308  0.1493903   -0.01615775
-0.1624993  0.08841464   -0.01615775
-0.04054809  0.2713415   0.166769
0.1423787  0.02743903   -0.07713342
0.02042747  0.02743903   -0.138109
-0.1624993  -0.2164634   0.04481781
0.02042747  0.02743903   -0.01615775
0.02042747  -0.03353658   -0.01615775
0.02042747  -0.03353658   -0.07713342
-0.04054809  -0.09451219   -0.01615775
-0.223475  0.08841464   -0.07713342
0.02042747  0.2103659   0.04481781
0.1423787  0.08841464   0.1057934
-0.1624993  0.1493903   0.1057934
-0.2844505  -0.03353658   0.04481781
0.02042747  -0.1554878   -0.138109
-0.04054809  0.08841464   -0.01615775
0.08140308  -0.03353658   -0.01615775
-0.04054809  -0.03353658   0.04481781
0.1423787  0.1493903   0.04481781
-0.223475  0.08841464   0.04481781
-0.1015238  0.08841464   0.04481781
-0.4064018  0.08841464   0.04481781
0.1423787  -0.03353658   0.04481781
0.08140308  0.02743903   -0.138109
-0.04054809  -0.03353658   0.1057934
-0.1015238  -0.03353658   -0.01615775
-0.04054809  -0.09451219   0.1057934
-0.04054809  -0.03353658   -0.07713342
0.02042747  0.08841464   -0.1990846
-0.1015238  -0.03353658   0.1057934
0.02042747  -0.1554878   -0.01615775
-0.04054809  -0.09451219   -0.138109
-0.04054809  0.08841464   -0.1990846
-0.1015238  0.02743903   0.166769
-0.1015238  -0.03353658   -0.1990846
0.02042747  0.08841464   -0.01615775
0.02042747  -0.03353658   0.166769
0.02042747  -0.03353658   0.1057934
-0.223475  0.02743903   0.04481781
0.02042747  -0.03353658   -0.138109
-0.1015238  -0.09451219   -0.01615775
-0.1624993  -0.03353658   -0.07713342
-0.1015238  0.08841464   -0.1990846
-0.04054809  0.08841464   0.1057934
-0.04054809  -0.09451219   -0.07713342
-0.1624993  0.08841464   0.04481781
-0.1015238  0.08841464   0.166769
0.08140308  0.08841464   -0.138109
0.02042747  -0.09451219   0.1057934
-0.4064018  0.08841464   -0.07713342
0.02042747  0.08841464   -0.01615775
-0.04054809  0.1493903   -0.07713342
-0.04054809  0.02743903   0.04481781
-0.223475  -0.277439   0.04481781
-0.1624993  -0.09451219   0.04481781
0.02042747  -0.2164634   0.04481781
0.02042747  0.08841464   -0.01615775
-0.04054809  -0.03353658   0.04481781
0.1423787  0.08841464   0.04481781
0.1423787  -0.09451219   -0.07713342
0.02042747  0.1493903   0.1057934
-0.1015238  -0.1554878   0.1057934
-0.223475  0.08841464   0.1057934
0.02042747  0.02743903   0.166769
0.02042747  -0.03353658   -0.138109
-0.1015238  0.02743903   -0.07713342
-0.04054809  -0.03353658   -0.01615775
0.02042747  0.02743903   -0.07713342
0.02042747  0.2103659   0.1057934
-0.1624993  0.1493903   -0.01615775
-0.1624993  0.08841464   0.166769
0.08140308  0.08841464   -0.1990846
0.08140308  -0.1554878   -0.01615775
-0.1015238  0.08841464   -0.01615775
-0.1624993  -0.03353658   0.1057934
0.02042747  -0.03353658   -0.01615775
0.1423787  -0.09451219   -0.07713342
-0.1624993  0.1493903   -0.01615775
-0.223475  0.02743903   0.166769
0.08140308  -0.03353658   0.166769
