-15.55652  -39.43006   10.7443
-16.1795  -40.0414   13.4515
-14.93354  -40.65274   13.4515
-13.37609  -40.34707   13.1131
-15.24503  -38.51305   11.7595
-16.1795  -40.0414   12.7747
-14.62205  -39.73573   13.1131
-14.93354  -40.0414   12.0979
-14.62205  -40.34707   13.7899
-16.49099  -40.95841   13.1131
-15.86801  -39.12439   11.0827
-15.55652  -37.59604   12.7747
-16.1795  -36.9847   11.4211
-16.49099  -39.12439   11.0827
-15.86801  -37.29037   11.0827
-15.86801  -39.12439   9.729102
-15.86801  -39.12439   11.7595
-13.99907  -39.12439   12.4363
-13.99907  -40.95841   11.0827
-13.68758  -40.0414   12.7747
-14.93354  -39.43006   10.7443
-13.99907  -38.51305   10.4059
-15.86801  -39.12439   11.7595
-14.93354  -38.81872   10.7443
-15.24503  -39.73573   10.4059
-13.68758  -38.81872   11.4211
-16.1795  -38.81872   10.0675
-16.80248  -38.20738   10.7443
-14.93354  -38.20738   12.7747
-16.49099  -40.34707   12.4363
-14.62205  -37.90171   10.4059
-15.55652  -36.9847   10.0675
-15.24503  -37.90171   9.052301
-17.11397  -39.12439   11.0827
-14.31056  -38.20738   10.7443
-15.24503  -39.12439   9.052301
-16.49099  -38.51305   10.4059
-15.55652  -37.59604   10.0675
-16.49099  -40.34707   11.0827
-16.49099  -37.90171   11.0827
-17.73695  -37.90171   11.0827
-14.31056  -38.20738   11.4211
-15.86801  -38.51305   11.7595
-14.93354  -39.43006   12.0979
-15.55652  -40.0414   11.4211
-15.86801  -38.51305   11.0827
-14.93354  -38.20738   11.4211
-13.99907  -38.51305   11.0827
-14.93354  -39.43006   12.0979
-16.1795  -40.0414   11.4211
-14.31056  -39.43006   12.7747
-12.75311  -39.12439   13.1131
-14.62205  -40.95841   11.7595
-15.24503  -40.95841   11.7595
-14.93354  -41.26408   11.4211
-14.62205  -40.34707   11.7595
-14.62205  -41.56975   10.4059
-15.24503  -40.34707   11.7595
-15.24503  -39.12439   13.1131
-15.86801  -40.34707   11.0827
-14.62205  -39.73573   9.729102
-16.1795  -39.43006   8.7139
-15.86801  -38.51305   11.0827
-13.0646  -39.43006   10.7443
-16.80248  -38.81872   10.7443
-15.55652  -38.20738   10.7443
-14.93354  -37.59604   10.0675
-14.31056  -39.43006   10.7443
-14.31056  -38.20738   10.7443
-14.62205  -40.34707   11.7595
-16.80248  -38.81872   11.4211
-13.0646  -39.43006   12.0979
-13.99907  -39.12439   12.4363
-15.24503  -40.34707   12.4363
-15.86801  -39.12439   11.7595
-17.42546  -38.20738   10.7443
-14.93354  -40.0414   10.7443
-13.99907  -38.51305   11.0827
-15.86801  -40.34707   11.0827
-15.55652  -40.0414   11.4211
-16.1795  -37.59604   14.1283
-15.86801  -39.12439   10.4059
-16.1795  -39.43006   11.4211
-15.86801  -38.51305   11.0827
-16.1795  -40.0414   12.0979
-16.1795  -40.65274   10.7443
-16.80248  -39.43006   12.7747
-15.55652  -41.26408   10.7443
-14.93354  -39.43006   12.0979
-15.86801  -39.73573   11.0827
-14.93354  -40.0414   11.4211
-14.31056  -38.20738   10.0675
-17.42546  -38.81872   11.4211
-16.1795  -38.81872   10.0675
-16.1795  -40.65274   10.7443
-14.62205  -39.73573   11.0827
-17.42546  -40.0414   10.0675
-15.24503  -38.51305   9.729102
-15.55652  -38.20738   12.0979
-14.93354  -38.81872   10.0675
-14.93354  -36.9847   10.7443
-15.55652  -37.59604   10.0675
-15.86801  -39.73573   9.052301
-13.68758  -39.43006   10.7443
-15.86801  -39.12439   9.729102
-15.55652  -39.43006   12.0979
-14.62205  -39.12439   11.0827
-13.68758  -39.43006   10.0675
-15.55652  -38.81872   11.4211
-14.93354  -40.65274   11.4211
-13.0646  -39.43006   8.7139
-16.49099  -40.34707   11.0827
-17.11397  -39.12439   11.7595
-15.86801  -39.73573   13.1131
-14.62205  -38.51305   9.729102
-16.1795  -38.81872   10.7443
-15.24503  -38.51305   11.0827
-14.31056  -38.81872   10.7443
-14.62205  -39.73573   11.7595
-16.49099  -40.34707   12.4363
-14.93354  -39.43006   9.3907
-16.1795  -40.65274   11.4211
-15.86801  -37.29037   11.0827
-14.62205  -39.12439   11.0827
-13.99907  -39.12439   11.7595
-15.55652  -36.9847   10.0675
-15.55652  -39.43006   11.4211
-14.93354  -38.81872   10.0675
-15.24503  -39.12439   13.1131
-14.93354  -38.20738   10.7443
-15.24503  -39.73573   10.4059
-15.55652  -38.81872   11.4211
-15.55652  -38.20738   12.7747
-14.93354  -38.20738   11.4211
-13.99907  -39.73573   11.7595
-15.55652  -40.65274   12.7747
-15.55652  -40.0414   11.4211
-15.86801  -37.90171   11.0827
-13.99907  -39.73573   9.729102
-15.24503  -40.34707   13.1131
-15.55652  -39.43006   12.7747
-15.24503  -37.29037   11.0827
-13.99907  -37.90171   9.729102
-15.24503  -39.12439   11.0827
-15.55652  -38.81872   9.3907
-17.11397  -38.51305   11.0827
-14.62205  -39.12439   10.4059
-15.24503  -40.34707   10.4059
-14.93354  -38.81872   10.7443
-14.31056  -37.59604   10.0675
-14.93354  -38.20738   10.7443
-13.99907  -39.12439   11.7595
-15.86801  -39.73573   9.052301
-16.49099  -38.51305   10.4059
-15.24503  -38.51305   10.4059
-15.55652  -40.0414   10.0675
-16.49099  -37.90171   11.7595
-14.93354  -40.0414   9.3907
-15.24503  -38.51305   12.4363
-14.31056  -38.20738   10.7443
-13.99907  -39.12439   11.0827
-15.24503  -39.12439   11.7595
-14.31056  -38.81872   12.0979
-14.93354  -37.59604   11.4211
-15.55652  -39.43006   11.4211
-14.93354  -39.43006   10.7443
-13.68758  -38.81872   10.7443
-14.93354  -39.43006   12.7747
-13.99907  -39.12439   13.1131
-15.24503  -39.73573   13.1131
-16.49099  -40.95841   11.7595
-15.24503  -37.90171   11.0827
-14.93354  -41.26408   11.4211
-15.86801  -39.73573   9.729102
-15.86801  -39.73573   12.4363
-15.86801  -37.90171   11.7595
-16.49099  -37.90171   10.4059
-15.24503  -38.51305   11.0827
-16.80248  -41.26408   12.0979
-15.55652  -39.43006   11.4211
-14.62205  -39.12439   11.0827
-13.37609  -39.73573   11.7595
-14.31056  -38.81872   11.4211
-13.99907  -39.12439   9.052301
-16.1795  -37.59604   10.7443
-15.86801  -37.90171   11.7595
-16.1795  -38.81872   11.4211
-16.49099  -39.12439   12.4363
-14.62205  -40.34707   11.0827
-15.24503  -39.12439   11.0827
-14.62205  -40.34707   12.4363
-13.68758  -38.81872   10.7443
-15.55652  -39.43006   10.7443
-16.80248  -38.81872   11.4211
-15.55652  -38.20738   10.7443
-16.80248  -38.81872   11.4211
-14.31056  -38.20738   10.7443
-13.99907  -41.56975   10.4059
-14.62205  -38.51305   11.0827
-13.68758  -39.43006   12.7747
-14.93354  -38.20738   12.7747
-15.86801  -38.51305   9.729102
-14.93354  -37.59604   12.0979
-15.86801  -37.29037   12.4363
-14.93354  -38.81872   9.3907
-14.62205  -39.73573   11.0827
-15.55652  -39.43006   10.0675
-14.93354  -40.0414   12.0979
-15.24503  -39.12439   11.0827
-15.55652  -38.20738   11.4211
-14.93354  -38.20738   11.4211
-15.24503  -39.73573   9.052301
-14.93354  -38.81872   10.0675
-14.93354  -36.9847   11.4211
-13.99907  -39.73573   11.7595
-14.62205  -39.12439   9.729102
-14.62205  -38.51305   11.0827
-14.62205  -39.73573   10.4059
-15.55652  -39.43006   10.7443
-14.93354  -38.81872   11.4211
-13.99907  -39.12439   12.4363
-14.93354  -37.59604   12.0979
-15.86801  -40.95841   10.4059
-15.55652  -39.43006   10.7443
-14.93354  -38.20738   12.0979
-16.49099  -39.12439   11.0827
-13.99907  -37.90171   10.4059
-14.62205  -39.12439   11.0827
-15.24503  -39.12439   11.0827
-15.55652  -39.43006   12.0979
-16.1795  -38.20738   10.7443
-14.31056  -40.0414   10.7443
-14.31056  -38.81872   11.4211
-14.93354  -39.43006   11.4211
-16.80248  -38.81872   10.0675
-14.62205  -39.12439   11.0827
-16.49099  -39.73573   11.0827
-15.55652  -39.43006   10.0675
-15.86801  -37.90171   12.4363
-13.68758  -38.81872   11.4211
-14.93354  -38.81872   10.0675
-15.55652  -38.20738   12.0979
-15.86801  -37.90171   10.4059
-14.31056  -40.0414   10.7443
-14.93354  -38.20738   10.7443
-15.24503  -39.12439   11.0827
-14.93354  -38.20738   10.7443
-16.49099  -38.51305   11.7595
-15.55652  -38.81872   10.7443
-15.24503  -40.34707   11.7595
-15.24503  -38.51305   8.375501
-14.31056  -39.43006   11.4211
-16.49099  -40.34707   11.0827
-13.68758  -38.81872   9.3907
-15.86801  -39.12439   10.4059
-15.24503  -38.51305   11.0827
-14.93354  -39.43006   10.7443
-14.62205  -38.51305   9.729102
-14.31056  -39.43006   10.0675
-15.86801  -38.51305   11.7595
-15.55652  -38.20738   11.4211
-15.86801  -37.29037   11.0827
-15.86801  -39.73573   11.7595
-14.62205  -38.51305   10.4059
-15.86801  -38.51305   11.0827
-15.24503  -38.51305   11.7595
-15.24503  -39.73573   11.0827
-15.55652  -40.0414   10.7443
-14.62205  -39.73573   12.4363
-14.31056  -38.81872   12.0979
-15.24503  -39.12439   11.7595
-14.93354  -38.81872   11.4211
-14.62205  -38.51305   11.0827
-15.24503  -38.51305   11.0827
-15.24503  -40.34707   11.0827
-13.99907  -39.12439   9.729102
-14.62205  -39.12439   9.052301
-15.24503  -37.90171   10.4059
-14.93354  -38.81872   10.0675
-14.62205  -39.12439   10.4059
-14.62205  -39.12439   10.4059
-14.93354  -38.81872   12.0979
-14.93354  -40.0414   10.0675
-16.1795  -40.65274   10.0675
-14.62205  -38.51305   10.4059
-16.49099  -38.51305   11.7595
-14.62205  -39.12439   10.4059
-16.1795  -40.65274   12.0979
-13.99907  -37.29037   12.4363
-15.86801  -39.73573   11.0827
-16.80248  -39.43006   10.7443
-14.93354  -38.81872   11.4211
-14.31056  -38.81872   12.0979
-16.1795  -39.43006   10.7443
-14.93354  -37.59604   11.4211
-16.1795  -38.81872   10.7443
-14.93354  -38.81872   10.7443
-15.55652  -38.20738   11.4211
-15.55652  -39.43006   10.0675
-14.31056  -39.43006   10.7443
-18.04844  -38.20738   10.0675
-14.93354  -39.43006   12.0979
-14.31056  -38.81872   10.0675
-14.62205  -38.51305   12.4363
-14.62205  -37.90171   9.729102
-15.24503  -39.12439   9.729102
-15.55652  -37.59604   10.0675
-13.99907  -39.12439   10.4059
-15.55652  -38.81872   11.4211
-14.62205  -37.90171   11.0827
-14.93354  -38.20738   11.4211
-15.86801  -39.73573   11.0827
-14.62205  -37.90171   11.7595
-14.62205  -38.51305   10.4059
-14.31056  -38.20738   10.7443
-16.49099  -38.51305   11.0827
-15.55652  -40.0414   10.7443
-14.31056  -38.81872   12.7747
-16.1795  -38.20738   10.7443
-14.93354  -38.81872   11.4211
-14.31056  -37.59604   11.4211
-14.93354  -38.81872   12.0979
-15.24503  -39.73573   9.729102
-15.55652  -37.59604   10.0675
-16.1795  -38.81872   12.0979
-14.62205  -38.51305   11.0827
-14.62205  -39.73573   10.4059
-16.49099  -40.34707   10.4059
-14.93354  -38.81872   13.4515
-14.31056  -40.0414   11.4211
-14.62205  -39.12439   11.7595
-15.24503  -39.73573   10.4059
-17.11397  -39.12439   9.729102
-15.24503  -38.51305   11.7595
-16.49099  -37.90171   9.729102
-16.49099  -39.73573   10.4059
-14.93354  -40.65274   12.0979
-14.62205  -37.90171   11.0827
-15.86801  -38.51305   9.052301
-15.55652  -40.65274   11.4211
-16.1795  -38.20738   10.7443
-14.62205  -39.73573   9.052301
-15.86801  -37.90171   10.4059
-16.80248  -38.20738   10.0675
-15.86801  -37.90171   11.7595
-15.24503  -38.51305   9.729102
-16.1795  -38.81872   10.0675
-15.24503  -37.90171   11.0827
-14.93354  -40.0414   11.4211
-15.24503  -39.12439   10.4059
-14.93354  -39.43006   10.7443
-14.62205  -37.29037   9.729102
-15.24503  -39.73573   11.7595
-16.1795  -38.81872   11.4211
-14.62205  -39.12439   11.0827
-15.86801  -40.34707   10.4059
-15.24503  -39.12439   11.0827
-15.24503  -40.95841   11.7595
-13.99907  -39.12439   12.4363
-15.86801  -38.51305   11.0827
-14.93354  -38.81872   12.0979
-15.86801  -40.95841   11.7595
-15.86801  -38.51305   11.0827
-15.24503  -39.73573   13.1131
-14.62205  -39.73573   11.7595
-15.24503  -39.12439   11.0827
-16.80248  -40.65274   10.0675
-15.86801  -39.73573   12.4363
-14.31056  -38.81872   12.7747
-14.93354  -39.43006   12.0979
-14.62205  -39.73573   10.4059
-15.55652  -39.43006   12.7747
-15.86801  -39.73573   11.7595
-15.86801  -37.90171   10.4059
-15.55652  -40.0414   10.7443
-14.62205  -38.51305   11.7595
-15.55652  -39.43006   11.4211
-15.86801  -37.90171   9.729102
-13.68758  -40.0414   12.0979
-13.37609  -37.29037   9.729102
-15.55652  -38.20738   10.7443
-16.1795  -38.81872   10.0675
-15.55652  -40.0414   10.0675
-14.93354  -36.9847   11.4211
-15.55652  -38.20738   9.3907
-16.49099  -39.73573   11.7595
-14.62205  -39.73573   11.0827
-13.99907  -39.73573   11.7595
-15.55652  -38.81872   9.3907
-15.24503  -39.73573   10.4059
-15.55652  -38.81872   11.4211
-17.11397  -38.51305   8.375501
-15.86801  -40.34707   9.729102
-15.24503  -40.34707   11.0827
-16.1795  -38.81872   11.4211
-16.1795  -38.81872   11.4211
-15.86801  -40.34707   11.0827
-15.55652  -39.43006   12.0979
-16.49099  -38.51305   9.729102
-18.04844  -38.20738   12.7747
-15.86801  -39.73573   10.4059
-16.49099  -39.12439   12.4363
-16.49099  -38.51305   9.052301
-16.80248  -38.81872   12.7747
-12.75311  -37.90171   12.4363
-15.86801  -38.51305   12.4363
-14.31056  -38.81872   10.7443
-16.80248  -38.81872   9.3907
-14.62205  -39.12439   11.0827
-16.1795  -38.81872   10.7443
-14.31056  -40.0414   10.0675
-16.1795  -38.81872   11.4211
-14.62205  -39.12439   9.052301
-15.24503  -38.51305   11.7595
-16.80248  -37.59604   11.4211
-16.1795  -38.20738   11.4211
-15.55652  -38.20738   10.7443
-15.55652  -38.20738   11.4211
-15.86801  -39.12439   11.0827
-14.62205  -38.51305   11.0827
-14.93354  -37.59604   10.0675
-13.99907  -38.51305   11.7595
-15.24503  -38.51305   12.4363
-15.24503  -39.12439   11.7595
-15.86801  -37.90171   10.4059
-13.99907  -39.12439   9.729102
-13.99907  -39.12439   11.7595
-13.68758  -38.20738   10.0675
-15.55652  -38.20738   10.0675
-14.93354  -38.81872   11.4211
-15.86801  -39.12439   11.0827
-16.49099  -37.90171   13.1131
-15.24503  -39.73573   11.7595
-15.24503  -39.12439   10.4059
-14.62205  -37.90171   10.4059
-16.1795  -40.65274   10.7443
-14.31056  -38.81872   11.4211
-15.24503  -38.51305   11.0827
-15.55652  -39.43006   10.7443
-14.31056  -40.0414   10.7443
-15.55652  -38.81872   10.7443
-15.86801  -37.90171   11.0827
-15.55652  -38.81872   10.7443
-15.86801  -38.51305   9.052301
-15.86801  -39.12439   11.7595
-16.1795  -39.43006   11.4211
-14.31056  -40.0414   10.7443
-14.93354  -38.81872   10.7443
-16.80248  -37.59604   10.0675
-15.24503  -39.73573   11.0827
-12.75311  -39.73573   11.7595
-17.11397  -37.90171   11.7595
-17.11397  -40.34707   11.0827
-13.68758  -40.0414   8.7139
-15.24503  -39.73573   11.0827
-15.55652  -37.59604   10.7443
-14.31056  -40.0414   11.4211
-15.24503  -39.12439   11.0827
-16.1795  -40.0414   12.0979
-14.93354  -39.43006   10.7443
-16.1795  -36.9847   10.0675
-15.55652  -39.43006   11.4211
-14.93354  -38.81872   11.4211
-14.62205  -37.90171   9.052301
-16.80248  -39.43006   10.7443
-14.93354  -40.0414   11.4211
-14.31056  -39.43006   9.3907
-15.86801  -37.29037   11.7595
-15.86801  -38.51305   11.0827
-15.24503  -39.12439   11.7595
-16.80248  -38.20738   10.7443
-15.86801  -38.51305   11.0827
-15.24503  -38.51305   11.0827
-16.49099  -39.73573   11.7595
-15.24503  -37.90171   9.052301
-14.93354  -38.81872   9.3907
-16.49099  -40.34707   9.729102
-14.93354  -38.81872   10.7443
-14.93354  -40.0414   12.0979
-16.49099  -39.73573   11.7595
-14.31056  -38.20738   10.0675
-16.49099  -38.51305   10.4059
-16.1795  -39.43006   11.4211
-15.55652  -38.20738   11.4211
-14.62205  -39.73573   10.4059
-14.93354  -38.81872   11.4211
-15.86801  -40.34707   11.7595
-15.55652  -39.43006   11.4211
-14.62205  -39.73573   11.0827
-14.62205  -38.51305   10.4059
-15.24503  -38.51305   10.4059
-14.93354  -40.65274   12.0979
-15.24503  -39.12439   11.7595
-15.86801  -38.51305   10.4059
-17.11397  -38.51305   10.4059
-15.86801  -39.12439   11.0827
-16.1795  -39.43006   11.4211
-15.86801  -39.73573   13.1131
-14.93354  -40.0414   10.7443
-15.24503  -36.67903   10.4059
-16.1795  -38.81872   10.0675
-14.31056  -38.20738   10.7443
-16.1795  -38.81872   9.3907
-14.93354  -38.81872   11.4211
-16.1795  -38.81872   11.4211
-16.1795  -38.20738   12.7747
-15.24503  -39.12439   11.0827
-17.42546  -38.20738   11.4211
-14.93354  -39.43006   11.4211
-15.86801  -38.51305   10.4059
-14.62205  -39.73573   9.052301
-14.93354  -40.0414   11.4211
-14.93354  -39.43006   11.4211
-16.49099  -37.90171   10.4059
-16.1795  -38.20738   12.7747
-15.24503  -39.12439   11.7595
-15.86801  -39.12439   10.4059
-13.68758  -40.65274   12.0979
-14.62205  -39.12439   11.0827
-14.31056  -36.9847   10.7443
-16.80248  -38.20738   12.0979
-13.68758  -39.43006   10.7443
-15.86801  -37.90171   11.0827
-15.24503  -40.95841   11.7595
-15.86801  -37.29037   11.0827
-14.62205  -40.34707   11.7595
-16.1795  -38.20738   9.3907
-14.31056  -38.81872   10.7443
-16.1795  -40.0414   12.7747
-14.93354  -40.0414   10.0675
-17.11397  -37.29037   9.729102
-15.86801  -40.34707   11.7595
-16.1795  -40.0414   12.0979
-15.86801  -39.73573   11.0827
-15.86801  -38.51305   11.0827
-13.99907  -39.12439   11.0827
-14.93354  -40.0414   13.4515
-16.1795  -38.20738   11.4211
-15.55652  -38.20738   10.7443
-13.99907  -38.51305   11.7595
-14.93354  -38.81872   11.4211
-14.31056  -37.59604   10.7443
-16.1795  -39.43006   10.7443
-16.49099  -40.95841   11.0827
-15.86801  -37.90171   11.0827
-15.55652  -38.81872   12.0979
-16.80248  -40.65274   12.7747
-15.86801  -37.90171   11.7595
-14.62205  -39.12439   11.0827
-15.24503  -40.34707   12.4363
-16.49099  -38.51305   12.4363
-13.68758  -40.0414   10.0675
-14.93354  -40.0414   11.4211
-15.55652  -40.0414   11.4211
-15.86801  -39.12439   11.0827
-14.62205  -40.34707   12.4363
-16.1795  -38.81872   10.7443
-15.55652  -40.65274   10.7443
-13.68758  -38.20738   10.7443
-15.24503  -40.34707   11.7595
-15.86801  -37.29037   11.0827
-14.62205  -39.73573   12.4363
-16.1795  -38.20738   9.3907
-14.93354  -40.0414   12.0979
-16.1795  -38.81872   11.4211
-14.93354  -38.81872   11.4211
-15.86801  -39.12439   9.729102
-16.49099  -39.73573   11.7595
-16.49099  -40.34707   11.0827
-15.24503  -36.67903   12.4363
-14.62205  -39.12439   10.4059
-15.86801  -39.73573   10.4059
-15.55652  -38.81872   11.4211
-13.37609  -39.12439   13.1131
-14.93354  -38.20738   11.4211
-15.55652  -37.59604   11.4211
-15.24503  -38.51305   13.1131
-15.55652  -39.43006   11.4211
-14.31056  -40.0414   13.4515
-14.93354  -38.20738   10.7443
-15.86801  -39.12439   10.4059
-15.55652  -37.59604   12.0979
-14.93354  -38.81872   11.4211
-14.93354  -39.43006   12.0979
-14.93354  -39.43006   10.0675
-14.62205  -39.12439   11.0827
-17.11397  -39.73573   11.0827
-16.1795  -38.81872   11.4211
-15.86801  -37.90171   11.7595
-14.31056  -38.20738   11.4211
-15.24503  -39.12439   10.4059
-14.93354  -39.43006   10.0675
-16.1795  -38.20738   12.0979
-17.11397  -39.12439   9.052301
-16.1795  -40.0414   10.7443
-15.24503  -40.34707   10.4059
-15.55652  -39.43006   11.4211
-13.99907  -39.73573   11.0827
-15.86801  -38.51305   9.729102
-15.55652  -38.20738   11.4211
-15.24503  -39.12439   13.1131
-14.31056  -40.0414   10.7443
-15.86801  -38.51305   12.4363
-13.68758  -38.20738   11.4211
-14.93354  -38.20738   10.0675
-15.55652  -37.59604   12.7747
-14.62205  -37.90171   11.0827
-15.86801  -39.12439   12.4363
-16.1795  -40.65274   10.7443
-16.49099  -39.73573   12.4363
-15.86801  -38.51305   12.4363
-15.55652  -40.0414   10.0675
-15.24503  -38.51305   13.1131
-14.93354  -39.43006   11.4211
-16.49099  -38.51305   10.4059
-14.62205  -39.12439   11.7595
-14.62205  -39.12439   11.7595
-14.31056  -38.81872   12.0979
-16.1795  -39.43006   11.4211
-13.0646  -38.81872   10.7443
-16.1795  -39.43006   12.0979
-15.24503  -38.51305   11.7595
-14.93354  -38.81872   10.7443
-17.73695  -36.67903   12.4363
-12.75311  -39.73573   11.0827
-13.99907  -39.12439   9.729102
-14.62205  -38.51305   9.052301
-14.93354  -39.43006   11.4211
-14.93354  -40.65274   11.4211
-13.37609  -40.95841   12.4363
-16.49099  -39.73573   11.0827
-15.24503  -39.73573   11.7595
-16.80248  -38.81872   12.7747
-14.93354  -39.43006   12.7747
-15.55652  -38.81872   11.4211
-15.55652  -38.20738   11.4211
-15.86801  -39.12439   11.0827
-14.93354  -40.0414   11.4211
-15.86801  -40.34707   9.729102
-14.31056  -37.59604   11.4211
-13.99907  -38.51305   11.7595
-15.24503  -39.12439   10.4059
-13.37609  -38.51305   10.4059
-16.1795  -38.81872   11.4211
-16.49099  -39.73573   9.729102
-15.86801  -39.73573   11.0827
-16.80248  -38.81872   9.3907
-14.62205  -37.29037   12.4363
-14.93354  -39.43006   10.0675
-15.86801  -38.51305   12.4363
-14.31056  -38.81872   11.4211
-14.62205  -39.12439   13.1131
-14.62205  -39.73573   10.4059
-14.93354  -37.59604   11.4211
-15.24503  -37.90171   9.729102
-15.55652  -39.43006   11.4211
-14.62205  -39.73573   11.7595
-13.99907  -40.34707   11.0827
-15.86801  -38.51305   12.4363
-14.62205  -39.12439   9.729102
