0.999994  0.003402827   -8.247695E-06 -0.0006150742
0.9999781  0.006537184   -5.413769E-06 -0.001056601
0.9999529  0.009583411   2.202615E-06 -0.00155942
0.9999177  0.01265777   -5.481805E-07 -0.002057726
0.999879  0.01534473   -9.417015E-06 -0.00256532
0.999831  0.01813475   -7.093307E-07 -0.002992214
0.9997871  0.02035346   1.189372E-05 -0.003392934
0.9997351  0.02269829   1.388819E-05 -0.003800264
0.9996773  0.0250696   1.873153E-05 -0.004095078
0.9996151  0.02737886   2.148287E-05 -0.004461892
0.9995545  0.02945385   2.823346E-05 -0.0048302
0.9995013  0.03117006   3.137994E-05 -0.00505454
0.9994378  0.03307768   1.488254E-05 -0.00546582
0.9993749  0.0348652   1.333704E-05 -0.005852172
0.999314  0.03652883   1.083768E-05 -0.006091405
0.9992608  0.0378965   1.460749E-05 -0.006455771
0.999197  0.03949924   -4.010415E-06 -0.006726762
0.9991304  0.04111455   7.201976E-07 -0.006930564
0.9990596  0.04276386   -4.830788E-07 -0.007160267
0.99901  0.04388193   -5.645531E-07 -0.007295833
0.9989476  0.0452464   1.58958E-06 -0.007516031
0.9988934  0.04640069   1.053781E-05 -0.007682201
0.9988458  0.04738598   1.820642E-05 -0.007851517
0.9988025  0.04828414   2.005015E-05 -0.007886225
0.9987487  0.04936442   2.991523E-05 -0.008002046
0.9987007  0.05030396   2.877611E-05 -0.008138135
0.9986599  0.0510868   2.515485E-05 -0.0082793
0.9986198  0.05181596   2.509758E-05 -0.00858636
0.9985794  0.05257555   1.90881E-05 -0.00865423
0.9985357  0.05339906   3.39119E-05 -0.008658103
0.9984978  0.05408368   3.118236E-05 -0.008771324
0.9984709  0.05455205   1.768453E-05 -0.008936503
0.9984359  0.05516293   2.856812E-05 -0.009100279
0.9984076  0.05564739   1.972639E-05 -0.009256101
0.9983697  0.05629174   1.406197E-05 -0.00944851
0.9983281  0.05698904   1.536044E-05 -0.009647241
0.9982926  0.05758776   1.052147E-05 -0.009777531
0.9982613  0.05812333   7.153412E-06 -0.009808061
0.9982364  0.05851058   1.676496E-05 -0.01002956
0.9982054  0.05904634   4.474401E-05 -0.009975384
0.9981918  0.05927783   5.674781E-05 -0.009955916
0.9981741  0.05957851   5.856873E-05 -0.009937777
0.9981444  0.06006032   6.140856E-05 -0.01002505
0.9981037  0.06071919   5.684796E-05 -0.01010326
0.9980869  0.06099014   5.003944E-05 -0.01013829
0.9980689  0.06126697   4.966193E-05 -0.01023871
0.9980458  0.06164896   6.151179E-05 -0.0101995
0.9980248  0.06197029   5.458979E-05 -0.0103057
0.9980035  0.06229419   3.802711E-05 -0.01041128
0.9980048  0.06226343   2.511233E-05 -0.01047685
0.9979966  0.06240162   2.053554E-05 -0.01043712
0.9979805  0.06265716   4.76497E-05 -0.01044254
0.9979678  0.06285439   5.289966E-05 -0.01046836
0.9979515  0.06308902   3.898522E-05 -0.01060928
0.9979433  0.06319579   3.515983E-05 -0.01075062
0.9979176  0.06359494   3.587864E-05 -0.01077587
0.9979078  0.0637223   3.868319E-05 -0.01092888
0.9978951  0.06391408   5.157523E-05 -0.01097041
0.9978831  0.06409387   5.065359E-05 -0.01101617
0.9978694  0.0643023   7.342887E-05 -0.01104284
0.9978482  0.06463498   7.603782E-05 -0.01102169
0.997844  0.06468528   5.929219E-05 -0.01109686
0.9978448  0.06468052   5.843109E-05 -0.01106122
0.9978387  0.06477902   4.562949E-05 -0.01102576
0.9978483  0.06459853   4.712389E-05 -0.01121632
0.9978449  0.0646627   5.555632E-05 -0.01114537
0.9978267  0.06493602   5.361277E-05 -0.01118857
0.9978281  0.06491155   6.628231E-05 -0.01120665
0.997836  0.06480677   8.544631E-05 -0.01110956
0.9978318  0.06486703   9.225946E-05 -0.01113521
0.9978402  0.06474687   0.0001037234 -0.01107263
0.9978364  0.06479783   0.0001040384 -0.0111296
0.9978356  0.06477217   9.138527E-05 -0.01134461
0.9978216  0.06497936   9.910622E-05 -0.0113947
0.9978223  0.06498554   0.0001020233 -0.01129474
0.9978139  0.06510767   0.0001027922 -0.01133225
0.9978306  0.06484848   9.577162E-05 -0.01135054
0.9978273  0.06490614   0.000107225 -0.01131144
0.997808  0.06519368   0.0001058402 -0.01135647
0.9978025  0.06526431   0.0001032318 -0.01143482
0.9977942  0.06540737   0.0001154972 -0.01134091
0.9977869  0.06552083   0.0001155757 -0.011326
0.9977795  0.06562205   0.0001219948 -0.01139138
0.9977849  0.06553864   0.0001189187 -0.01139967
0.9977677  0.06578001   0.0001135682 -0.01151103
0.9977604  0.06589193   0.0001298398 -0.01150363
0.9977666  0.06580987   0.0001472983 -0.01144262
0.9977642  0.06585593   0.0001439524 -0.01138627
0.9977449  0.06612708   0.000141271 -0.01150135
0.997745  0.06613909   0.0001439208 -0.01142872
0.9977573  0.06595313   0.0001343261 -0.01142731
0.997768  0.06580597   0.0001303566 -0.01134199
0.9977483  0.06608175   0.0001193638 -0.01146234
0.9977414  0.06617823   0.0001182909 -0.01151029
0.9977432  0.06616623   0.0001266665 -0.01142691
0.9977152  0.06657827   0.0001348747 -0.01147771
0.9977074  0.06669091   0.0001159755 -0.01149957
0.9977098  0.06665369   0.0001149968 -0.01151372
0.997708  0.06669404   0.0001375821 -0.0114277
0.9977214  0.06650162   0.0001494845 -0.01138074
0.9977212  0.06649236   0.0001480676 -0.01145073
0.9977308  0.06633393   0.0001472775 -0.01153492
0.997751  0.06602438   0.0001384822 -0.01155944
0.9977541  0.065975   0.0001337029 -0.011585
0.9977559  0.0659302   0.0001268658 -0.01167249
0.9977514  0.06599183   0.0001326629 -0.01171758
0.9977658  0.06579354   0.0001455392 -0.0116008
0.9977657  0.06581367   0.0001433817 -0.01149752
0.9977646  0.06582907   0.0001507355 -0.0115071
0.9977527  0.0660038   0.0001522303 -0.01154073
0.997744  0.06613835   0.0001431373 -0.01152139
0.9977406  0.06619342   0.000144083 -0.01149999
0.9977377  0.06624018   0.0001465519 -0.01147893
0.9977272  0.06638875   0.0001422583 -0.01152406
0.9977261  0.06641477   0.0001268493 -0.01148408
0.9977108  0.06663582   0.0001463506 -0.01151969
0.9977137  0.06659745   0.0001549118 -0.01150181
0.9977077  0.06669726   0.0001628932 -0.01143033
0.9977148  0.0665997   0.0001692889 -0.01138759
0.9977168  0.06657477   0.0001743828 -0.01136428
0.9977121  0.0666101   0.0001706041 -0.01155459
0.9977226  0.06646389   0.0001776523 -0.01150512
0.9977172  0.0665653   0.0002017161 -0.01137228
0.9977183  0.06656268   0.0001982191 -0.01129669
0.9977126  0.06663036   0.0002006422 -0.01140132
0.9977019  0.06677215   0.0001924673 -0.01151028
0.99769  0.06695595   0.00018317 -0.01146377
0.9976894  0.06695149   0.0001893925 -0.01154417
0.9977027  0.06674245   0.0001960001 -0.01161031
0.9976921  0.06687696   0.0001858513 -0.01174598
0.9976869  0.06695938   0.0001914579 -0.01171633
0.9976807  0.06706104   0.0001888123 -0.01166986
0.9976905  0.06691641   0.0001754976 -0.01165884
0.9976844  0.06702676   0.0001880527 -0.01153775
0.9976865  0.06698427   0.0001695043 -0.01161364
0.9976785  0.06709193   0.0001690199 -0.01166834
0.9976816  0.06704328   0.0001647749 -0.01169814
0.9976807  0.06705251   0.0001712103 -0.01171328
0.9976825  0.06703218   0.0001753942 -0.01167999
0.9976871  0.06698091   0.0001815738 -0.01157358
0.9976801  0.06708399   0.0001706623 -0.01158285
0.9976807  0.06707401   0.0001682112 -0.0115978
0.9976763  0.06714029   0.000164946 -0.0115831
0.9976802  0.0670764   0.0001597026 -0.01161999
0.9976917  0.06691728   0.0001594895 -0.01154398
0.9976856  0.06699447   0.0001560954 -0.01162943
0.9976914  0.06692567   0.000153772 -0.01152496
0.9976894  0.06694386   0.0001516394 -0.01159387
0.9976853  0.06701562   0.0001533875 -0.01153218
0.9976711  0.06721276   0.0001444301 -0.01160641
0.9976636  0.0673145   0.000129615 -0.01166547
0.9976582  0.0673833   0.0001405754 -0.01173391
0.9976638  0.06731886   0.000157489 -0.01162531
0.9976643  0.0672947   0.0001319549 -0.0117256
0.9976619  0.06732347   0.0001374089 -0.0117623
0.9976736  0.0671581   0.0001455807 -0.01171374
0.9976729  0.0671723   0.0001442474 -0.01169689
0.9976766  0.06711305   0.0001444452 -0.01171423
0.997669  0.06723128   0.0001465992 -0.01168491
0.9976705  0.06720124   0.0001406668 -0.01172864
0.9976565  0.06740677   0.0001311942 -0.01173912
0.9976517  0.06748655   0.0001329004 -0.01168694
0.9976489  0.06753521   0.000133841 -0.01165315
0.9976502  0.06751969   0.0001326321 -0.01162943
0.9976603  0.06735411   0.0001349662 -0.0117137
0.9976495  0.06753173   0.0001401178 -0.01161864
0.9976558  0.06743182   0.0001461885 -0.01165901
0.9976716  0.06720169   0.0001476174 -0.01162671
0.997685  0.06700383   0.000130853 -0.01163477
0.9976773  0.06710215   0.0001177991 -0.01171398
0.9976704  0.06718791   0.0001080305 -0.01181193
0.9976762  0.06708492   0.0001040694 -0.01190952
0.9976857  0.06695065   0.0001130785 -0.01187161
0.997676  0.06707709   0.0001259337 -0.01196944
0.9976804  0.06702782   0.0001341467 -0.01188173
0.9976866  0.06694235   0.0001537202 -0.01184004
0.9976956  0.06681725   0.0001485531 -0.01178755
0.9976971  0.06681387   0.0001539114 -0.01167823
0.997711  0.06660116   0.0001461206 -0.01170745
0.9977111  0.06660753   0.0001604786 -0.01166838
0.9977164  0.06652351   0.0001714835 -0.01168868
0.99773  0.0663075   0.000160743 -0.01174734
0.9977273  0.0663467   0.0001564966 -0.01176478
0.9977254  0.06635882   0.0001469609 -0.0118532
0.9977133  0.06652051   0.0001478408 -0.0119612
0.9976983  0.06675427   0.0001617767 -0.01191617
0.9976903  0.06690105   0.000174908 -0.01176069
0.997677  0.06710819   0.0001728992 -0.01170707
0.9976742  0.06715927   0.0001751137 -0.01164895
0.9976863  0.06697554   0.0001691021 -0.0116779
0.9976764  0.06711425   0.0001683506 -0.01172778
0.9976774  0.06709893   0.0001807385 -0.01173054
0.9976878  0.06695125   0.0001727335 -0.01169357
0.9976832  0.06700938   0.0001704359 -0.01173816
0.9976732  0.06713937   0.0001620229 -0.01185757
0.9976723  0.06715639   0.0001769525 -0.0118264
0.9976569  0.06738038   0.0001862631 -0.01185097
0.9976513  0.06747781   0.0001831349 -0.01178156
0.9976778  0.06710531   0.000176601 -0.01165925
0.9976702  0.06722582   0.0001847195 -0.01161272
0.9976564  0.06741031   0.0001763268 -0.01172268
0.9976551  0.0674271   0.0001671595 -0.01174919
0.9976621  0.06730746   0.0001629285 -0.01182649
0.9976645  0.06730466   0.00017136 -0.01165008
0.997667  0.06724933   0.0001649904 -0.01174563
0.99766  0.06735357   0.0001745737 -0.01174121
0.9976649  0.0672856   0.0001706694 -0.01173019
0.9976622  0.06730991   0.000164288 -0.01180938
0.9976566  0.06737426   0.000172089 -0.01191157
0.9976565  0.06735758   0.0001736854 -0.01201622
0.9976426  0.067569   0.0001793563 -0.01198796
0.9976462  0.06751402   0.0001811274 -0.011995
0.9976558  0.06739596   0.0001760327 -0.01185996
0.9976689  0.0672036   0.0001655752 -0.01185129
0.9976543  0.0674075   0.0001559255 -0.01191981
0.9976436  0.06755921   0.0001409841 -0.01196491
0.9976414  0.06760511   0.0001553568 -0.01188108
0.9976544  0.06742842   0.0001558456 -0.01179154
0.9976462  0.06754619   0.0001446691 -0.01181217
0.9976369  0.06768505   0.0001471466 -0.01180901
0.997649  0.06750096   0.0001451603 -0.01183837
0.9976611  0.0673269   0.0001380535 -0.01181025
0.9976545  0.06744491   0.000154975 -0.01168715
0.9976673  0.06727114   0.0001646953 -0.01160064
0.9976643  0.0673163   0.0001733713 -0.01160436
0.9976588  0.06740597   0.0001820721 -0.01153891
0.9976718  0.06720569   0.0001682098 -0.01159963
0.9976622  0.06735184   0.0001908439 -0.01156347
0.9976816  0.06705064   0.000180471 -0.01164434
0.9976886  0.06697884   0.0001991509 -0.01145769
0.997687  0.06701673   0.0001939028 -0.01137414
0.9976847  0.0670573   0.0002057779 -0.01133472
0.9976916  0.06696826   0.0002073256 -0.01125564
0.9976941  0.06692581   0.0002169144 -0.01128835
0.9976811  0.0671007   0.0002086355 -0.0114019
0.9976869  0.06703389   0.0002201079 -0.01128059
0.9977013  0.06682163   0.0002322546 -0.01126261
0.9976972  0.06687973   0.0002381379 -0.01128172
0.9976997  0.0668432   0.0002460179 -0.01127811
0.997688  0.06700248   0.0002484358 -0.01137302
0.9976813  0.06710408   0.0002512385 -0.01136489
0.9976742  0.06720358   0.0002582565 -0.01138648
0.9976843  0.06703878   0.0002576895 -0.01148476
0.997697  0.06687292   0.0002531144 -0.01134222
0.9976851  0.06705796   0.0002602281 -0.0112927
0.9976943  0.06690904   0.0002712737 -0.01136963
0.9976994  0.06684693   0.0002817445 -0.01128397
0.9977022  0.06677495   0.0002767782 -0.01146074
0.9977037  0.06674834   0.0002842142 -0.01148119
0.9976936  0.06686394   0.0002801942 -0.01168847
0.997703  0.06672442   0.0002707143 -0.01168369
0.9977001  0.06673791   0.0002615466 -0.01185397
0.9977154  0.0665048   0.0002536729 -0.01188409
0.9977084  0.0665995   0.0002648281 -0.01193688
0.9976912  0.06686462   0.000283977 -0.01188298
0.997694  0.06682535   0.0002968098 -0.01188177
0.9977075  0.06661352   0.0002948311 -0.0119239
0.9976891  0.06688825   0.0003112532 -0.01192881
0.9976898  0.06689814   0.0003265861 -0.01181645
0.9976823  0.06700854   0.0003358556 -0.01182475
0.9976904  0.0668885   0.0003273882 -0.01181553
0.9976872  0.06692053   0.0003260121 -0.01190933
0.9976733  0.0671195   0.000327906 -0.01195596
0.9976797  0.06704068   0.000349975 -0.01186771
0.9976824  0.06700608   0.0003548992 -0.01182465
0.9976847  0.0669569   0.0003594197 -0.01192239
0.9976804  0.0670291   0.0003674339 -0.01186404
0.9976865  0.06693882   0.0003970463 -0.0118594
0.9976882  0.0669181   0.0004056867 -0.0118346
0.9976834  0.06698815   0.0004189764 -0.01184777
0.9976825  0.06701081   0.000416949 -0.01178715
0.9976795  0.06705878   0.0004182946 -0.01177252
0.997674  0.06715643   0.0004385468 -0.01167304
0.9976639  0.06732999   0.0004566204 -0.01154556
0.9976723  0.06719468   0.0004596538 -0.01160563
0.9976724  0.0671946   0.00045289 -0.01159507
0.9976712  0.06720807   0.0004557333 -0.0116194
0.9976781  0.0671019   0.0004557353 -0.01164405
0.997685  0.06700882   0.00046542 -0.01159496
0.9976874  0.06697467   0.0004711514 -0.01157242
0.9976837  0.06703749   0.0004514915 -0.01153003
0.9976879  0.06697029   0.0004302826 -0.01156081
0.9976957  0.06685224   0.0004266 -0.01157366
0.9976906  0.06695323   0.0004391694 -0.01142876
0.9977043  0.06675923   0.0004434086 -0.0113684
0.9976958  0.06689218   0.0004546143 -0.01132802
0.9976841  0.0670533   0.0004381025 -0.01140453
0.9976713  0.06723946   0.0004407327 -0.01143096
0.9976744  0.0671978   0.0004459094 -0.01140581
0.9976657  0.06730821   0.0004195482 -0.01151656
0.9976574  0.06742184   0.0004189324 -0.01156829
0.9976497  0.06754285   0.0004136221 -0.01152918
0.9976507  0.06751449   0.0003997973 -0.01160617
0.9976534  0.06745549   0.0004007375 -0.01171911
0.9976582  0.06735991   0.0003921064 -0.01185919
0.9976646  0.06726275   0.0003895347 -0.01187681
0.9976527  0.06743091   0.0003866517 -0.01192077
0.9976519  0.06745669   0.000383475 -0.01184272
0.9976608  0.06730906   0.0003737607 -0.01193407
0.9976678  0.06720112   0.000363469 -0.01194268
0.9976605  0.06731354   0.0003668387 -0.01193569
0.9976783  0.06707766   0.0003727524 -0.0117673
0.9976764  0.06710013   0.0003744447 -0.01180858
0.9976715  0.06717453   0.0003777669 -0.01179042
0.9976658  0.06726933   0.0003705556 -0.01173558
0.9976664  0.06727207   0.0003735245 -0.01166544
0.9976685  0.06724256   0.0003808012 -0.01165946
0.9976712  0.06720946   0.0003920922 -0.0116127
0.9976654  0.06727867   0.0003992566 -0.01171081
0.9976668  0.06724657   0.0004018615 -0.01177549
0.9976534  0.06744764   0.0004022689 -0.01176736
0.9976608  0.06733313   0.0003930247 -0.01179397
0.9976709  0.06717791   0.0003964177 -0.01182218
0.9976778  0.06707526   0.000403606 -0.01181897
0.9976779  0.06708341   0.0004024438 -0.01176982
0.9976735  0.06713992   0.0004013922 -0.01182042
0.997678  0.06707587   0.0004222737 -0.01179506
0.9976705  0.06716089   0.0004139309 -0.01194907
0.9976882  0.06690597   0.0004106744 -0.01190813
0.9976942  0.0667922   0.0003973041 -0.01203551
0.9976984  0.06673159   0.0003958156 -0.01202876
0.9976878  0.06690846   0.0004159354 -0.01192174
0.9976905  0.06687584   0.0004232607 -0.01188445
0.9977053  0.06664611   0.0004147045 -0.01192521
0.9976877  0.0668831   0.0004168381 -0.0120699
0.9976885  0.06688333   0.0004229356 -0.01200793
0.9976889  0.06687438   0.0004303935 -0.01201155
0.9976987  0.06673719   0.000421235 -0.01197744
0.9977028  0.06668764   0.0004434583 -0.01190805
0.9977072  0.0666398   0.0004651419 -0.01179981
0.9976967  0.06677896   0.0004529535 -0.01190453
0.9976982  0.0667659   0.0004404868 -0.0118537
0.9976935  0.06682616   0.0004458263 -0.01190624
0.9977055  0.0666533   0.0004409591 -0.01186867
0.9977131  0.06655745   0.0004588634 -0.01176902
0.9977157  0.06651483   0.0004546536 -0.01179571
0.9977106  0.06659531   0.0004759902 -0.01175682
0.9977134  0.06656511   0.0004812299 -0.01170021
0.9977283  0.06635602   0.0004963912 -0.0116132
0.9977329  0.06630191   0.0004995214 -0.01152395
0.9977352  0.06627255   0.0004789753 -0.01149515
0.9977272  0.06637713   0.0004886691 -0.01158382
0.997738  0.06621174   0.0005049604 -0.0116095
0.997732  0.06629565   0.0005110234 -0.01163985
0.9977159  0.06652837   0.0005130779 -0.01169269
0.9977002  0.0667588   0.0005115035 -0.01171715
0.9976877  0.06696302   0.0005321314 -0.01161905
0.997694  0.06687178   0.0005219837 -0.01160645
0.9977036  0.06673091   0.0005293459 -0.01157996
0.9976963  0.06683955   0.000526676 -0.01159558
0.9976858  0.06698213   0.0005111585 -0.01166027
0.997706  0.066667   0.0004885564 -0.01174739
0.9976973  0.06680075   0.0004992734 -0.01172924
0.997702  0.06672071   0.0004935446 -0.01178266
0.9977047  0.0666637   0.0004805075 -0.01187225
0.997695  0.06679996   0.0004765629 -0.01192171
0.9976971  0.06679019   0.0004913727 -0.01180173
0.9976978  0.06677725   0.0004993879 -0.01181259
0.9976997  0.06677885   0.0005190055 -0.01164146
0.9976993  0.06678886   0.0005076847 -0.01162567
0.9977031  0.06673461   0.0005061639 -0.01160838
0.9976971  0.06682643   0.0005156777 -0.01159698
0.9976999  0.06679492   0.000532795 -0.01154575
0.997697  0.066803   0.0005126941 -0.01173455
0.9977081  0.06663617   0.000507605 -0.01174383
0.9976995  0.06675143   0.0005021963 -0.01182124
0.9977035  0.06670102   0.0005127147 -0.01176872
0.9977062  0.06664667   0.000508162 -0.01184249
0.9977215  0.06641614   0.0005051796 -0.01185222
0.997727  0.06633023   0.0004939635 -0.01187204
0.9977079  0.06662178   0.0005045482 -0.0118434
0.9977092  0.06662583   0.0005214618 -0.01171153
0.9977087  0.06662574   0.0005259643 -0.01175041
0.9977001  0.0667363   0.0005340253 -0.01185581
0.9976908  0.06687989   0.000527416 -0.01182981
0.9976929  0.06687954   0.0005405566 -0.01165578
0.9976867  0.06695156   0.0005280326 -0.01176559
0.9976828  0.06702777   0.0005424178 -0.01166847
0.9976792  0.06707739   0.0005552405 -0.01167927
0.9976754  0.06713071   0.000561814 -0.01171243
0.9976684  0.06724316   0.0005894085 -0.01164353
0.9976685  0.06723533   0.0005888537 -0.01169484
0.9976744  0.06715228   0.0005943155 -0.01165812
0.9976878  0.06694148   0.0005681958 -0.0117281
0.9976996  0.06678103   0.0005748988 -0.01163782
0.9977005  0.06677571   0.0005750894 -0.01159283
0.9976998  0.06679523   0.0005766997 -0.01154154
0.9976966  0.0668259   0.0005628365 -0.01163557
0.9977025  0.0667335   0.0005688237 -0.01166473
0.9977038  0.06672753   0.0005918648 -0.01158336
0.9976947  0.06686695   0.000600791 -0.01156587
0.9976909  0.06691682   0.0006106024 -0.0116077
0.9976984  0.06679366   0.0006024658 -0.01166514
0.9976998  0.06676668   0.0005876987 -0.01170317
0.9976999  0.0667799   0.0006016112 -0.01161614
0.9976999  0.06677893   0.0005977685 -0.01163031
0.9976817  0.0670578   0.0006012186 -0.01157717
0.9976747  0.06716049   0.0006138369 -0.01158764
0.9976657  0.06728216   0.000618138 -0.01165736
0.9976568  0.06743424   0.000634912 -0.01154375
0.9976683  0.06727812   0.0006467244 -0.01145999
0.9976643  0.06734049   0.000644898 -0.01144255
0.9976802  0.06707431   0.0006344861 -0.0116086
0.9976675  0.06727582   0.0006373267 -0.01154067
0.9976702  0.06723736   0.0006347385 -0.01153522
0.997678  0.0671058   0.0006176773 -0.01162713
0.9976826  0.06703183   0.000613599 -0.01164644
0.9976754  0.06714011   0.0006243325 -0.01165352
0.9976762  0.06714661   0.0006284969 -0.01153422
0.9976947  0.06689717   0.0006224304 -0.01138369
0.9976987  0.06682153   0.0006085529 -0.01148091
0.9976973  0.06684051   0.0006180633 -0.01149245
0.9977081  0.06670959   0.0006289279 -0.01131735
0.9977191  0.0665385   0.0006242728 -0.01135224
0.997726  0.06644882   0.0006366188 -0.01126899
0.9977278  0.06642576   0.0006326723 -0.01125106
0.997728  0.06642137   0.0006285024 -0.01125027
0.9977161  0.06660225   0.000633455 -0.01124089
0.9977185  0.06655627   0.000627746 -0.01129858
0.9977122  0.0666382   0.0006154317 -0.01138004
0.9976889  0.06698187   0.0006162364 -0.0114012
0.9976904  0.06696615   0.0006293322 -0.01135528
0.9976935  0.06692563   0.0006376226 -0.01132184
0.997696  0.06687401   0.0006242408 -0.01140514
0.9977021  0.06678747   0.0006324134 -0.01137983
0.9977041  0.06675681   0.0006373735 -0.01138895
0.9977095  0.06667265   0.0006442469 -0.01140808
0.9977023  0.06677005   0.0006316868 -0.01147103
0.9976993  0.06681631   0.0006419342 -0.01146587
0.9977019  0.06677011   0.0006468791 -0.01150075
0.997693  0.06688094   0.0006538323 -0.01162395
0.9977028  0.0667317   0.0006526863 -0.0116441
0.9977021  0.06673325   0.0006247323 -0.01170177
0.997721  0.06644058   0.0006095017 -0.01175302
0.9977282  0.06634131   0.0005926963 -0.01169772
0.9977242  0.06640858   0.0006031546 -0.0116697
0.9977102  0.06660745   0.0005985129 -0.01172402
0.9977074  0.06665636   0.0006089606 -0.01167873
0.9977068  0.06665877   0.0005979793 -0.01173001
0.9977116  0.06658311   0.0006080744 -0.01174038
0.9977196  0.06646764   0.0005938175 -0.01171648
0.9977357  0.06622182   0.0005962984 -0.01173949
0.9977373  0.06621995   0.0006052061 -0.01161112
0.9977403  0.06615497   0.000595891 -0.01171974
0.9977341  0.06625231   0.0006010501 -0.01171154
0.9977337  0.06624073   0.0005922595 -0.01180216
0.9977244  0.06636713   0.000591718 -0.01188138
0.9977346  0.06623129   0.0006142756 -0.01177307
0.9977298  0.06630387   0.0006288182 -0.01176974
0.9977385  0.06616429   0.0006297153 -0.01182282
0.997744  0.06607072   0.0006346303 -0.01187974
0.9977429  0.06610042   0.0006262216 -0.01180881
0.9977312  0.0662758   0.0006361892 -0.01181121
0.9977306  0.06630541   0.0006401853 -0.01169916
0.9977303  0.06631012   0.0006377483 -0.01169511
0.997742  0.06615495   0.0006359871 -0.01158018
0.9977401  0.06618807   0.0006520228 -0.01154715
0.9977511  0.06601851   0.0006494785 -0.0115696
0.9977586  0.06592629   0.0006513027 -0.01145049
