-0.2918945  -0.1722656   9.699512
-0.2488281  -0.2631836   9.828711
-0.3110352  -0.2296875   9.905273
-0.215332  -0.2105469   9.828711
-0.2871094  -0.1674805   9.852636
-0.2679687  -0.2057617   9.795215
-0.2775391  -0.1914063   9.857422
-0.2966797  -0.2009766   9.890918
-0.2249023  -0.2392578   9.852636
-0.3253906  -0.1579102   9.847852
-0.2727539  -0.2249023   9.823926
-0.2823242  -0.1914063   9.81914
-0.2583984  -0.2296875   9.929199
-0.2583984  -0.153125   9.804785
-0.3014649  -0.1483398   9.833496
-0.30625  -0.2057617   9.723437
-0.2679687  -0.1818359   9.957911
-0.2775391  -0.1722656   9.81914
-0.2823242  -0.1866211   9.843066
-0.2966797  -0.1626953   9.900488
-0.2679687  -0.215332   9.871778
-0.2871094  -0.1770508   9.895703
-0.3445312  -0.1866211   9.795215
-0.2775391  -0.1961914   9.823926
-0.2775391  -0.1674805   9.814356
-0.3014649  -0.1339844   9.895703
-0.2871094  -0.1866211   9.876562
-0.3014649  -0.1770508   9.81914
-0.3158203  -0.1483398   9.919629
-0.2201172  -0.244043   9.795215
-0.2536133  -0.1291992   9.81914
-0.3349609  -0.1818359   9.910059
-0.3493164  -0.2583984   9.871778
-0.30625  -0.2201172   9.910059
-0.2679687  -0.1818359   9.81914
-0.2488281  -0.1866211   9.752149
-0.2918945  -0.1148437   9.914844
-0.2631836  -0.1579102   9.852636
-0.3110352  -0.2057617   9.986621
-0.3206055  -0.1818359   9.871778
-0.3158203  -0.1914063   9.761719
-0.2823242  -0.2201172   9.79043
-0.2727539  -0.1483398   9.8
-0.2966797  -0.153125   9.79043
-0.3110352  -0.215332   9.866992
-0.2823242  -0.2105469   9.857422
-0.2871094  -0.2631836   9.847852
-0.2583984  -0.1818359   9.766504
-0.2966797  -0.215332   9.866992
-0.2392578  -0.215332   9.924414
-0.2918945  -0.1818359   9.823926
-0.3014649  -0.1770508   9.866992
-0.2631836  -0.1722656   9.886133
-0.2249023  -0.1770508   9.943555
-0.244043  -0.2775391   9.823926
-0.30625  -0.1722656   9.8
-0.2918945  -0.215332   9.900488
-0.2679687  -0.1722656   9.804785
-0.2823242  -0.2057617   9.948339
-0.2918945  -0.215332   9.895703
-0.3541016  -0.2201172   9.838282
-0.2679687  -0.2057617   9.910059
-0.2966797  -0.1435547   9.900488
-0.2871094  -0.1770508   9.785645
-0.2966797  -0.1674805   9.876562
-0.2775391  -0.1196289   9.866992
-0.2536133  -0.1866211   9.823926
-0.3206055  -0.2536133   9.933985
-0.3014649  -0.1818359   9.871778
-0.2918945  -0.1722656   9.862207
-0.2966797  -0.2105469   9.910059
-0.3253906  -0.2057617   9.876562
-0.3014649  -0.1914063   9.871778
-0.2727539  -0.2201172   9.900488
-0.2966797  -0.244043   9.914844
-0.30625  -0.2201172   9.871778
-0.2583984  -0.1435547   9.81914
-0.2631836  -0.1961914   9.838282
-0.2679687  -0.1579102   9.8
-0.244043  -0.2249023   9.833496
-0.2488281  -0.2057617   9.847852
-0.2871094  -0.1866211   9.766504
-0.2488281  -0.153125   9.823926
-0.3493164  -0.153125   9.857422
-0.30625  -0.2344727   9.900488
-0.3158203  -0.2296875   9.862207
-0.2966797  -0.2392578   9.862207
-0.2631836  -0.1961914   9.847852
-0.2536133  -0.1866211   9.780859
-0.2679687  -0.1866211   9.847852
-0.2775391  -0.2105469   9.862207
-0.3253906  -0.1674805   9.862207
-0.2918945  -0.215332   9.886133
-0.3110352  -0.1579102   9.823926
-0.2775391  -0.1722656   9.876562
-0.3014649  -0.1914063   9.81914
-0.2966797  -0.2201172   9.838282
-0.2105469  -0.1483398   9.972265
-0.2727539  -0.1770508   9.900488
-0.2918945  -0.215332   9.943555
-0.2679687  -0.1722656   9.847852
-0.2679687  -0.1866211   9.847852
-0.2775391  -0.2057617   9.929199
-0.30625  -0.1626953   9.862207
-0.2392578  -0.2105469   9.876562
-0.3541016  -0.2057617   9.833496
-0.2823242  -0.1770508   9.886133
-0.30625  -0.1818359   9.814356
-0.3301758  -0.1722656   9.866992
-0.244043  -0.2105469   9.843066
-0.3158203  -0.1914063   9.852636
-0.3588867  -0.1339844   9.847852
-0.2679687  -0.2105469   9.900488
-0.2918945  -0.2296875   9.828711
-0.2775391  -0.1674805   9.823926
-0.2679687  -0.2249023   9.953125
-0.2966797  -0.2296875   9.804785
-0.2727539  -0.1579102   9.900488
-0.2823242  -0.2009766   9.890918
-0.2679687  -0.1961914   9.924414
-0.2918945  -0.2249023   9.81914
-0.2871094  -0.2488281   9.823926
-0.2918945  -0.1866211   9.905273
-0.2966797  -0.153125   9.766504
-0.3158203  -0.215332   9.866992
-0.3110352  -0.2057617   9.766504
-0.2918945  -0.1674805   9.79043
-0.2871094  -0.2009766   9.838282
-0.3110352  -0.2392578   9.905273
-0.2249023  -0.2249023   9.852636
-0.2775391  -0.2057617   9.847852
-0.2775391  -0.1722656   9.876562
-0.2488281  -0.2105469   9.8
-0.2871094  -0.2009766   9.919629
-0.2871094  -0.1626953   9.737793
-0.2918945  -0.1722656   9.881348
-0.2727539  -0.153125   9.761719
-0.3014649  -0.1961914   9.833496
-0.2823242  -0.1770508   9.756933
-0.2966797  -0.1626953   9.828711
-0.2536133  -0.1387695   9.866992
-0.30625  -0.1483398   9.752149
-0.2871094  -0.2344727   9.890918
-0.3493164  -0.2249023   9.905273
-0.3445312  -0.2105469   9.866992
-0.2727539  -0.2536133   9.8
-0.2871094  -0.2583984   9.8
-0.3636719  -0.2009766   9.933985
-0.3014649  -0.215332   9.843066
-0.30625  -0.1914063   9.752149
-0.3158203  -0.1770508   9.838282
-0.3349609  -0.153125   9.862207
-0.30625  -0.215332   9.938769
-0.30625  -0.1866211   9.81914
-0.3014649  -0.1818359   9.823926
-0.3397461  -0.2296875   9.862207
-0.2966797  -0.2009766   9.795215
-0.3349609  -0.1818359   9.957911
-0.2631836  -0.2536133   9.876562
-0.3014649  -0.2057617   9.847852
-0.3158203  -0.1483398   9.895703
-0.2823242  -0.1818359   9.895703
-0.2392578  -0.2105469   9.895703
-0.3445312  -0.1579102   9.838282
-0.3014649  -0.2392578   9.838282
-0.244043  -0.1435547   9.847852
-0.2871094  -0.2488281   9.852636
-0.3301758  -0.2105469   9.852636
-0.3014649  -0.1722656   9.948339
-0.3014649  -0.2775391   9.843066
-0.2536133  -0.1818359   9.914844
-0.3110352  -0.2249023   9.828711
-0.3493164  -0.1866211   9.900488
-0.2105469  -0.244043   9.852636
-0.3445312  -0.2009766   9.900488
-0.2775391  -0.215332   9.862207
-0.3014649  -0.2009766   9.862207
-0.2966797  -0.215332   9.866992
-0.3110352  -0.1626953   9.910059
-0.2583984  -0.2249023   9.900488
-0.3158203  -0.1770508   9.876562
-0.3445312  -0.2009766   9.79043
-0.2871094  -0.2009766   9.81914
-0.3158203  -0.2344727   9.814356
-0.2727539  -0.1914063   10.00576
-0.3206055  -0.1291992   9.881348
-0.30625  -0.2057617   9.833496
-0.2583984  -0.1914063   9.752149
-0.3253906  -0.153125   9.795215
-0.2727539  -0.2105469   9.785645
-0.2488281  -0.1387695   9.852636
-0.2775391  -0.1387695   9.871778
-0.3206055  -0.153125   9.895703
-0.2871094  -0.1674805   9.843066
-0.2536133  -0.1626953   9.924414
-0.2727539  -0.1674805   9.876562
-0.3301758  -0.215332   9.914844
-0.2679687  -0.1914063   9.933985
-0.3206055  -0.1961914   9.828711
-0.2823242  -0.2488281   9.871778
-0.2775391  -0.1626953   9.804785
-0.2536133  -0.1818359   9.862207
-0.2631836  -0.1818359   9.766504
-0.2583984  -0.1674805   9.833496
-0.3014649  -0.1961914   9.833496
-0.2536133  -0.2296875   9.828711
-0.2775391  -0.1914063   9.814356
-0.2918945  -0.2201172   9.843066
-0.30625  -0.2249023   9.843066
-0.2727539  -0.153125   9.823926
-0.2871094  -0.1483398   9.838282
-0.2918945  -0.2057617   9.795215
-0.2679687  -0.2488281   9.871778
-0.2918945  -0.1244141   9.852636
-0.2536133  -0.1674805   9.876562
-0.2823242  -0.2201172   9.919629
-0.3301758  -0.1961914   9.80957
-0.2823242  -0.2009766   9.862207
-0.3158203  -0.2009766   9.833496
-0.3014649  -0.2009766   9.843066
-0.2727539  -0.2009766   9.862207
-0.3253906  -0.1291992   9.814356
-0.3110352  -0.1818359   9.866992
-0.2871094  -0.2009766   9.895703
-0.2918945  -0.2536133   9.857422
-0.3110352  -0.1818359   9.919629
-0.2296875  -0.2009766   9.881348
-0.3253906  -0.1914063   9.881348
-0.2823242  -0.2201172   9.828711
-0.2918945  -0.1914063   9.804785
-0.2823242  -0.1770508   9.8
-0.2727539  -0.1914063   9.79043
-0.2679687  -0.1866211   9.862207
-0.30625  -0.1866211   9.895703
-0.2727539  -0.1722656   9.862207
-0.2918945  -0.215332   9.823926
-0.3110352  -0.1626953   9.8
-0.244043  -0.1770508   9.900488
-0.2871094  -0.1339844   9.929199
-0.2583984  -0.2201172   9.890918
-0.2775391  -0.1914063   9.828711
-0.2727539  -0.1722656   9.81914
-0.3110352  -0.1770508   9.833496
-0.2727539  -0.1818359   9.914844
-0.30625  -0.1961914   9.881348
-0.2918945  -0.2009766   9.881348
-0.2344727  -0.1914063   9.919629
-0.2392578  -0.1866211   9.847852
-0.2679687  -0.2057617   9.776074
-0.2823242  -0.1722656   9.895703
-0.3349609  -0.153125   9.814356
-0.2201172  -0.2009766   9.900488
-0.3253906  -0.2009766   9.823926
-0.3301758  -0.2344727   9.943555
-0.2966797  -0.2249023   9.886133
-0.2918945  -0.2105469   9.852636
-0.3253906  -0.1435547   9.957911
-0.2679687  -0.1626953   9.871778
-0.2631836  -0.1914063   9.847852
-0.2583984  -0.1291992   9.890918
-0.2918945  -0.2296875   9.886133
-0.244043  -0.2009766   9.886133
-0.3445312  -0.1770508   9.79043
-0.2727539  -0.1914063   9.843066
-0.3397461  -0.1722656   9.890918
-0.2727539  -0.244043   9.890918
-0.30625  -0.1483398   9.833496
-0.3014649  -0.1579102   9.747363
-0.3110352  -0.215332   9.814356
-0.3301758  -0.1626953   9.833496
-0.3014649  -0.2057617   9.886133
-0.2966797  -0.1961914   9.780859
-0.3158203  -0.2201172   9.991406
-0.2823242  -0.2009766   9.886133
-0.3397461  -0.2105469   9.866992
-0.3397461  -0.1579102   9.823926
-0.3253906  -0.1866211   9.81914
-0.3253906  -0.2392578   9.895703
-0.244043  -0.1914063   9.886133
-0.30625  -0.1770508   9.871778
-0.2679687  -0.1866211   9.857422
-0.2631836  -0.2201172   9.847852
-0.2679687  -0.1866211   9.833496
-0.2871094  -0.1387695   9.886133
-0.3206055  -0.2105469   9.828711
-0.2823242  -0.1914063   9.866992
-0.2966797  -0.2201172   9.876562
-0.3349609  -0.1291992   9.866992
-0.3397461  -0.2488281   9.900488
-0.3206055  -0.2105469   9.857422
-0.2966797  -0.1770508   9.929199
-0.3014649  -0.1148437   9.8
-0.2918945  -0.1866211   9.857422
-0.3014649  -0.2201172   9.795215
-0.3110352  -0.2249023   9.910059
-0.2918945  -0.2105469   9.895703
-0.2966797  -0.2105469   9.847852
-0.3158203  -0.1818359   9.852636
-0.3014649  -0.244043   9.833496
-0.2871094  -0.1674805   9.862207
-0.2823242  -0.215332   9.876562
-0.3445312  -0.244043   9.847852
-0.2201172  -0.2583984   9.895703
-0.2966797  -0.2105469   9.804785
-0.3014649  -0.1770508   9.967481
-0.3301758  -0.1770508   9.857422
-0.3541016  -0.2392578   9.876562
-0.2488281  -0.2249023   9.866992
-0.30625  -0.2105469   9.890918
-0.2775391  -0.1961914   9.972265
-0.30625  -0.2009766   9.886133
-0.3014649  -0.1770508   9.929199
-0.3206055  -0.1866211   9.871778
-0.30625  -0.2009766   9.852636
-0.2918945  -0.2344727   9.780859
-0.2871094  -0.2201172   9.924414
-0.244043  -0.215332   9.833496
-0.2966797  -0.153125   9.943555
-0.3014649  -0.1866211   9.919629
-0.30625  -0.215332   9.838282
-0.2488281  -0.2105469   9.890918
-0.2488281  -0.1866211   9.881348
-0.3206055  -0.2057617   9.838282
-0.3301758  -0.2392578   9.957911
-0.3110352  -0.1818359   9.838282
-0.2966797  -0.2009766   9.933985
-0.30625  -0.215332   9.823926
-0.2823242  -0.1866211   9.804785
-0.2775391  -0.2009766   9.876562
-0.3253906  -0.1435547   9.804785
-0.2918945  -0.1770508   9.814356
-0.2679687  -0.2536133   9.905273
-0.2823242  -0.1914063   9.953125
-0.3158203  -0.2249023   9.843066
-0.2775391  -0.2488281   9.852636
-0.2871094  -0.1961914   9.862207
-0.3014649  -0.2249023   9.881348
-0.2966797  -0.1770508   9.881348
-0.3206055  -0.1866211   9.886133
-0.2727539  -0.1818359   9.862207
-0.2871094  -0.1961914   9.900488
-0.2966797  -0.2057617   9.919629
-0.3206055  -0.1961914   9.881348
-0.2583984  -0.2296875   9.752149
-0.2631836  -0.1866211   9.866992
-0.30625  -0.2392578   9.890918
-0.3014649  -0.1435547   9.895703
-0.2918945  -0.1722656   9.847852
-0.3014649  -0.2009766   9.747363
-0.3349609  -0.215332   9.890918
-0.3110352  -0.1818359   9.852636
-0.2966797  -0.1961914   9.890918
-0.3397461  -0.2105469   9.890918
-0.3110352  -0.2344727   9.780859
-0.2823242  -0.1961914   9.833496
-0.2918945  -0.1866211   9.857422
-0.3301758  -0.1052734   9.962695
-0.3206055  -0.1579102   9.80957
-0.3110352  -0.1004883   9.876562
-0.3206055  -0.2057617   9.795215
-0.3588867  -0.215332   9.780859
-0.3014649  -0.1387695   9.943555
-0.2823242  -0.2105469   9.900488
-0.2871094  -0.1722656   9.905273
-0.3158203  -0.1579102   9.804785
-0.3253906  -0.2009766   9.79043
-0.30625  -0.1914063   9.886133
-0.3301758  -0.2249023   9.886133
-0.2871094  -0.1961914   9.881348
-0.2823242  -0.2679687   9.905273
-0.3445312  -0.1770508   9.938769
-0.3014649  -0.244043   9.910059
-0.3014649  -0.1722656   9.924414
-0.2918945  -0.2201172   9.900488
-0.3110352  -0.1291992   9.828711
-0.2727539  -0.2249023   9.80957
-0.2775391  -0.1818359   9.81914
-0.2775391  -0.2392578   9.79043
-0.3158203  -0.2344727   9.943555
-0.3014649  -0.2009766   9.876562
-0.2631836  -0.1866211   9.838282
-0.2727539  -0.1435547   9.852636
-0.2631836  -0.2105469   9.847852
-0.2775391  -0.1483398   9.838282
-0.2249023  -0.1770508   9.81914
-0.3158203  -0.1770508   9.843066
-0.3206055  -0.2105469   9.8
-0.2679687  -0.2249023   9.967481
-0.2775391  -0.1770508   9.900488
-0.2966797  -0.2296875   9.900488
-0.3445312  -0.2296875   9.828711
-0.2966797  -0.1674805   9.843066
-0.3588867  -0.1866211   9.876562
-0.3014649  -0.1722656   9.938769
-0.2775391  -0.1866211   9.972265
-0.2775391  -0.1722656   9.862207
-0.2536133  -0.1866211   9.838282
-0.2679687  -0.2009766   9.914844
-0.3014649  -0.2344727   9.833496
-0.3301758  -0.215332   9.895703
-0.3014649  -0.1722656   9.881348
-0.2966797  -0.1626953   9.862207
-0.3493164  -0.1961914   9.876562
-0.2918945  -0.1626953   9.862207
-0.30625  -0.1674805   9.823926
-0.2727539  -0.1100586   9.79043
-0.3253906  -0.2536133   9.81914
-0.3206055  -0.1579102   9.814356
-0.2392578  -0.1961914   9.756933
-0.2392578  -0.1961914   9.828711
-0.2727539  -0.1961914   9.780859
-0.3493164  -0.2201172   9.795215
-0.2918945  -0.1148437   9.900488
-0.2488281  -0.1866211   9.876562
-0.3110352  -0.2009766   9.847852
-0.3253906  -0.1818359   9.857422
-0.2918945  -0.2296875   9.871778
-0.3206055  -0.2296875   9.910059
-0.2727539  -0.2105469   9.957911
-0.2871094  -0.2009766   9.833496
-0.2727539  -0.2009766   9.871778
-0.2918945  -0.1961914   9.843066
-0.2536133  -0.2201172   9.838282
-0.3349609  -0.2344727   9.761719
-0.3110352  -0.1722656   9.914844
-0.2823242  -0.2009766   9.857422
-0.30625  -0.1387695   9.914844
-0.2918945  -0.1483398   9.80957
-0.3397461  -0.1818359   10.00098
-0.2966797  -0.2057617   9.866992
-0.2679687  -0.2105469   9.843066
-0.3014649  -0.1483398   9.895703
-0.2727539  -0.1914063   9.910059
-0.3253906  -0.1866211   9.857422
-0.3014649  -0.2105469   9.828711
-0.368457  -0.1722656   9.752149
-0.2918945  -0.2392578   9.929199
-0.2727539  -0.1818359   9.862207
-0.2918945  -0.1961914   9.962695
-0.3445312  -0.1579102   9.866992
-0.2583984  -0.153125   9.828711
-0.3206055  -0.2249023   9.924414
-0.3253906  -0.1674805   9.876562
-0.3301758  -0.2009766   9.871778
-0.3253906  -0.2296875   9.871778
-0.2679687  -0.1770508   9.924414
-0.2296875  -0.1579102   9.833496
-0.3014649  -0.1722656   9.81914
-0.2727539  -0.1961914   9.886133
-0.3301758  -0.1674805   9.910059
-0.3301758  -0.2583984   9.776074
-0.3253906  -0.2009766   9.852636
-0.2727539  -0.2201172   9.871778
-0.2583984  -0.2249023   9.804785
-0.3206055  -0.1866211   9.871778
-0.3110352  -0.2296875   9.766504
-0.2823242  -0.1961914   9.914844
-0.2775391  -0.1770508   9.852636
-0.3158203  -0.2105469   9.948339
-0.2583984  -0.1387695   9.847852
-0.2727539  -0.1722656   9.857422
-0.3110352  -0.1674805   9.895703
-0.3397461  -0.1818359   9.929199
-0.3828125  -0.1770508   9.876562
-0.3397461  -0.2201172   9.852636
-0.2631836  -0.1961914   9.847852
-0.30625  -0.1770508   9.843066
-0.2775391  -0.1818359   9.890918
-0.2631836  -0.1866211   9.866992
-0.3206055  -0.1626953   9.886133
-0.2631836  -0.1866211   9.905273
-0.3253906  -0.2249023   9.857422
-0.3301758  -0.1483398   9.881348
-0.3253906  -0.1866211   9.795215
-0.244043  -0.1866211   9.895703
-0.3349609  -0.2201172   9.823926
-0.2631836  -0.215332   9.900488
-0.2966797  -0.1961914   9.847852
-0.3349609  -0.2344727   9.862207
-0.3206055  -0.2057617   9.838282
-0.3158203  -0.2775391   9.843066
-0.30625  -0.1579102   9.886133
-0.3014649  -0.1770508   9.847852
-0.2871094  -0.1626953   9.905273
-0.2918945  -0.2296875   9.852636
-0.3349609  -0.1770508   9.967481
-0.2966797  -0.2249023   9.871778
-0.2631836  -0.2583984   9.81914
-0.3253906  -0.2201172   9.866992
-0.3014649  -0.2296875   9.833496
-0.2344727  -0.1961914   9.967481
-0.2631836  -0.2823242   9.857422
-0.3110352  -0.1818359   9.871778
-0.215332  -0.2249023   9.81914
-0.3158203  -0.1818359   9.776074
-0.2631836  -0.2009766   9.905273
-0.3206055  -0.2057617   9.833496
-0.2727539  -0.1387695   9.866992
-0.3158203  -0.1961914   9.866992
-0.30625  -0.2249023   9.881348
-0.3301758  -0.2296875   9.933985
-0.3588867  -0.1579102   9.881348
-0.3349609  -0.2009766   9.862207
-0.3636719  -0.2344727   9.8
-0.30625  -0.2392578   9.747363
-0.3158203  -0.1770508   9.847852
-0.2823242  -0.1579102   9.852636
-0.2775391  -0.2105469   9.838282
-0.3301758  -0.1866211   9.895703
-0.2871094  -0.2057617   9.833496
-0.3110352  -0.2105469   9.886133
-0.3158203  -0.244043   9.890918
-0.3349609  -0.2009766   9.843066
-0.2775391  -0.2009766   9.80957
-0.3349609  -0.1100586   9.866992
-0.2105469  -0.2201172   9.938769
-0.3158203  -0.1866211   9.833496
-0.3110352  -0.1435547   9.890918
-0.2583984  -0.2009766   9.776074
-0.30625  -0.215332   9.814356
-0.3014649  -0.1579102   9.890918
-0.2392578  -0.1770508   9.981836
-0.2918945  -0.2536133   9.876562
-0.30625  -0.1579102   9.804785
-0.2823242  -0.1914063   9.79043
-0.2775391  -0.1866211   9.876562
-0.2296875  -0.1818359   9.80957
-0.2536133  -0.1770508   9.871778
-0.3349609  -0.2392578   9.804785
-0.3301758  -0.2296875   9.795215
-0.2918945  -0.1961914   9.948339
-0.2249023  -0.153125   9.843066
-0.3014649  -0.2201172   9.804785
-0.3014649  -0.1914063   9.876562
-0.2871094  -0.244043   9.919629
-0.2775391  -0.2009766   9.833496
-0.2966797  -0.1722656   9.857422
-0.3445312  -0.2344727   9.886133
-0.3349609  -0.1674805   9.838282
-0.3110352  -0.2057617   9.785645
-0.2488281  -0.2009766   9.881348
-0.3158203  -0.1818359   9.962695
-0.3158203  -0.2009766   9.910059
-0.368457  -0.1818359   9.828711
-0.2392578  -0.1770508   9.795215
-0.3253906  -0.2105469   9.852636
-0.2631836  -0.2679687   9.852636
-0.3253906  -0.2488281   9.852636
-0.2966797  -0.1770508   9.905273
-0.2918945  -0.2105469   9.852636
-0.2918945  -0.1674805   9.900488
-0.3493164  -0.244043   9.943555
-0.3493164  -0.2488281   9.895703
-0.3014649  -0.2249023   9.857422
-0.2775391  -0.1866211   9.766504
-0.30625  -0.2488281   9.847852
-0.3445312  -0.1961914   9.866992
-0.3158203  -0.215332   9.80957
-0.2536133  -0.2392578   9.914844
-0.2392578  -0.1914063   9.876562
-0.2918945  -0.1770508   9.900488
-0.2823242  -0.1579102   9.890918
-0.2775391  -0.1866211   9.838282
-0.2775391  -0.1914063   9.924414
-0.3206055  -0.1674805   9.785645
-0.3110352  -0.1818359   9.857422
-0.3110352  -0.2057617   9.747363
-0.2871094  -0.215332   9.847852
-0.2775391  -0.1961914   9.838282
-0.2536133  -0.2392578   9.890918
-0.3014649  -0.1770508   9.8
-0.3349609  -0.1818359   9.938769
-0.244043  -0.1961914   9.847852
-0.3158203  -0.1626953   9.838282
-0.2631836  -0.215332   9.929199
-0.2727539  -0.2057617   9.80957
-0.2679687  -0.1626953   9.943555
-0.3445312  -0.1579102   9.804785
-0.2918945  -0.1579102   9.866992
-0.2727539  -0.2344727   9.881348
-0.3541016  -0.1961914   9.833496
-0.3541016  -0.1961914   9.871778
-0.2775391  -0.2201172   9.857422
-0.2631836  -0.1770508   9.890918
-0.2823242  -0.153125   9.843066
-0.3014649  -0.1483398   9.862207
-0.2583984  -0.1626953   9.81914
-0.2679687  -0.1579102   9.833496
-0.2679687  -0.1387695   9.852636
-0.2871094  -0.2057617   9.857422
-0.2918945  -0.1961914   9.847852
-0.2823242  -0.1722656   9.814356
-0.3445312  -0.1914063   9.8
-0.3158203  -0.215332   9.804785
-0.3445312  -0.1961914   9.914844
-0.3253906  -0.215332   9.833496
-0.2966797  -0.1626953   9.900488
-0.3158203  -0.1770508   9.914844
-0.4019531  -0.1244141   9.919629
-0.3253906  -0.1866211   9.881348
-0.3253906  -0.1961914   9.871778
-0.3397461  -0.1722656   9.905273
-0.2823242  -0.2057617   9.866992
-0.2679687  -0.1818359   9.924414
-0.3158203  -0.2105469   9.857422
-0.3110352  -0.215332   9.910059
-0.3493164  -0.1818359   9.866992
-0.2727539  -0.1818359   9.804785
-0.2871094  -0.2057617   9.862207
-0.3206055  -0.153125   9.847852
-0.2536133  -0.1674805   9.876562
-0.2679687  -0.2009766   9.866992
-0.3588867  -0.1818359   9.876562
-0.2249023  -0.2201172   9.914844
-0.2631836  -0.1339844   9.866992
-0.3397461  -0.2488281   9.843066
-0.2918945  -0.2105469   9.890918
-0.244043  -0.153125   9.881348
-0.30625  -0.1914063   9.881348
-0.2679687  -0.1961914   9.900488
-0.3206055  -0.2105469   9.876562
-0.3541016  -0.1818359   9.895703
-0.2966797  -0.2296875   9.938769
-0.2966797  -0.2009766   9.962695
-0.3301758  -0.2392578   9.843066
-0.3014649  -0.1483398   9.900488
-0.3014649  -0.2009766   9.81914
-0.2631836  -0.1770508   9.895703
-0.2871094  -0.1914063   9.890918
-0.2679687  -0.2392578   9.890918
-0.3110352  -0.1866211   9.847852
-0.2631836  -0.244043   9.823926
-0.2775391  -0.1914063   9.814356
-0.3253906  -0.1770508   9.871778
-0.3206055  -0.1866211   9.862207
-0.30625  -0.1818359   9.866992
-0.3253906  -0.2392578   9.81914
-0.3588867  -0.2249023   9.814356
-0.2918945  -0.2009766   9.766504
-0.3253906  -0.1914063   9.804785
-0.3397461  -0.2057617   9.881348
-0.2966797  -0.1770508   9.886133
-0.2057617  -0.1961914   9.843066
-0.3206055  -0.2057617   9.843066
-0.3397461  -0.1866211   9.890918
-0.3110352  -0.1770508   9.866992
-0.3636719  -0.1961914   9.838282
-0.2775391  -0.2057617   9.833496
-0.2871094  -0.215332   9.862207
-0.3014649  -0.153125   9.814356
-0.3445312  -0.1818359   9.886133
-0.3349609  -0.2201172   9.742579
-0.3397461  -0.2009766   9.871778
-0.3301758  -0.1818359   9.838282
-0.2583984  -0.2488281   9.981836
-0.2679687  -0.1674805   9.871778
-0.2871094  -0.1674805   9.929199
-0.3014649  -0.2344727   9.871778
-0.30625  -0.1770508   9.957911
-0.2871094  -0.1579102   9.862207
