-1.219512  0.2439024   0.6097561
-1.280488  0.1829268   0.3658537
-1.402439  0.06097561   0.3658537
-1.341463  0   0.3658537
-1.158537  0.06097561   0.4268293
-1.219512  0.06097561   0.4268293
-1.036585  -0.1219512   0.4268293
-1.280488  0.1829268   0.3658537
-1.280488  0.1829268   0.2439024
-1.158537  0.1829268   0.3658537
-1.158537  0.06097561   0.5487805
-1.341463  0.1829268   0.4878049
-1.341463  0.1219512   0.1829268
-1.158537  0.06097561   0.5487805
-1.341463  0   0.5487805
-1.402439  0.1829268   0.3658537
-1.097561  0.1219512   0.3658537
-1.341463  0.1219512   0.4878049
-1.158537  0.06097561   0.4268293
-1.280488  0   0.6097561
-1.158537  0.1219512   0.4878049
-1.341463  0.1829268   0.4878049
-1.158537  0.3658537   0.6097561
-1.341463  0   0.5487805
-1.280488  0.1219512   0.5487805
-1.280488  0.06097561   0.3048781
-1.036585  0   0.4268293
-1.219512  0.1219512   0.4878049
-1.219512  -0.06097561   0.4878049
-1.219512  0   0.4878049
-1.280488  0.2439024   0.3658537
-1.341463  0.2439024   0.4268293
-1.097561  0.1219512   0.1829268
-1.341463  0   0.4878049
-1.341463  0   0.5487805
-1.463415  0.06097561   0.3048781
-1.280488  0.1219512   0.3658537
-1.280488  0.1219512   0.4268293
-1.280488  0.06097561   0.4878049
-1.463415  0.1219512   0.3658537
-1.280488  0   0.3658537
-1.402439  0.06097561   0.3658537
-1.280488  0.3658537   0.3658537
-1.219512  0.1219512   0.4268293
-1.280488  0.1219512   0.3658537
-1.280488  0.2439024   0.4878049
-1.219512  0   0.3048781
-1.158537  0.1219512   0.4268293
-1.158537  0   0.4878049
-1.341463  0.06097561   0.4878049
-1.219512  0   0.4878049
-1.219512  -0.06097561   0.4878049
-1.402439  0   0.4268293
-1.341463  -0.06097561   0.4878049
-1.219512  0   0.3048781
-1.402439  0.1219512   0.3658537
-1.280488  0.06097561   0.2439024
-1.280488  0.1829268   0.4268293
-1.280488  0.06097561   0.5487805
-1.219512  0.2439024   0.7317073
-1.219512  0.2439024   0.4268293
-1.280488  0.06097561   0.4268293
-1.402439  0   0.4268293
-1.341463  -0.06097561   0.3658537
-1.280488  0.06097561   0.3658537
-1.158537  0   0.3048781
-1.280488  0   0.6097561
-1.158537  -0.06097561   0.2439024
-1.341463  0.2439024   0.4268293
-1.341463  0.06097561   0.2439024
-1.158537  0.1219512   0.3658537
-1.402439  0.2439024   0.3048781
-1.280488  -0.06097561   0.4268293
-1.341463  0.06097561   0.3658537
-1.219512  0.2439024   0.4268293
-1.219512  0.06097561   0.4878049
-1.341463  0.1219512   0.3658537
-1.341463  0.1829268   0.4268293
-1.341463  0.1219512   0.4268293
-1.463415  0.06097561   0.3048781
-1.341463  0.1829268   0.4268293
-1.219512  0   0.4268293
-1.219512  0.1829268   0.4878049
-1.097561  0.1219512   0.4878049
-1.341463  0.06097561   0.4878049
-1.341463  -0.06097561   0.4878049
-1.280488  0.1219512   0.4878049
-1.280488  0.06097561   0.4878049
-1.402439  0.1829268   0.1829268
-1.341463  0.1829268   0.4878049
-1.097561  0.1219512   0.3048781
-1.402439  0.1219512   0.4268293
-1.097561  0.06097561   0.3658537
-1.463415  0.06097561   0.2439024
-1.280488  0.1829268   0.4878049
-1.341463  0.06097561   0.3658537
-1.219512  0.1219512   0.4268293
-1.219512  -0.1219512   0.4268293
-1.280488  0   0.4268293
-1.402439  0   0.5487805
-1.280488  0   0.3658537
-1.219512  0   0.4878049
-1.341463  0   0.4268293
-1.280488  0   0.3658537
-1.158537  0.1219512   0.4268293
-1.158537  0.06097561   0.4878049
-1.341463  0.1219512   0.3658537
-1.280488  0.1219512   0.4268293
-1.219512  0.1829268   0.2439024
-1.341463  0   0.4268293
-1.341463  0.06097561   0.4878049
-1.158537  0.1219512   0.3658537
-1.158537  0.06097561   0.4268293
-1.402439  0.2439024   0.3048781
-1.280488  0.06097561   0.5487805
-1.280488  0.06097561   0.6097561
-1.280488  0.1219512   0.5487805
-1.341463  0.1219512   0.4268293
-1.280488  0.1219512   0.4878049
-1.158537  -0.1219512   0.4268293
-1.402439  -0.1219512   0.3048781
-1.280488  0.1829268   0.5487805
-1.280488  0.1829268   0.5487805
-1.280488  0   0.3048781
-1.158537  -0.06097561   0.4878049
-1.280488  0.06097561   0.3658537
-1.219512  -0.1219512   0.4268293
-1.219512  0.06097561   0.4878049
-1.402439  0.06097561   0.4268293
-1.341463  0.06097561   0.4268293
-1.280488  0   0.4268293
-1.219512  -0.06097561   0.4268293
-1.219512  -0.1219512   0.3658537
-1.280488  0.1219512   0.3658537
-1.158537  0.06097561   0.5487805
-1.402439  0.1219512   0.5487805
-1.158537  0.1219512   0.4878049
-1.280488  -0.06097561   0.5487805
-1.280488  0   0.4878049
-1.280488  0   0.4268293
-1.158537  0.2439024   0.3658537
-1.341463  0.1829268   0.4268293
-1.341463  0.1829268   0.3048781
-1.402439  0.06097561   0.4878049
-1.463415  0.06097561   0.6097561
-1.402439  -0.06097561   0.4268293
-1.341463  0.1219512   0.2439024
-1.280488  0   0.5487805
-1.341463  0.06097561   0.3658537
-1.402439  0.06097561   0.3658537
-1.402439  0   0.4878049
-1.341463  0.2439024   0.3658537
-1.158537  0   0.5487805
-1.280488  0.1219512   0.4268293
-1.402439  0.06097561   0.4268293
-1.463415  0.3048781   0.4878049
-1.341463  0.06097561   0.4878049
-1.280488  0.1219512   0.4268293
-1.158537  0   0.3658537
-1.341463  0.2439024   0.4878049
-1.402439  0   0.3658537
-1.341463  0.1219512   0.3658537
-1.219512  0.06097561   0.2439024
-1.463415  0   0.4878049
-1.280488  0   0.6097561
-1.219512  0.1829268   0.4268293
-1.402439  0.06097561   0.4878049
-1.219512  0.06097561   0.4878049
-1.585366  0.06097561   0.5487805
-1.402439  0   0.4268293
-1.219512  0   0.5487805
-1.463415  0.1829268   0.3658537
-1.341463  -0.06097561   0.4878049
-1.463415  0.06097561   0.4268293
-1.280488  -0.1219512   0.4268293
-1.463415  0.06097561   0.4878049
-1.280488  0.3048781   0.4268293
-1.341463  -0.06097561   0.4268293
-1.341463  0.1219512   0.4268293
-1.402439  -0.06097561   0.4878049
-1.219512  0.1829268   0.5487805
-1.280488  0.06097561   0.5487805
-1.219512  0.1829268   0.4878049
-1.280488  0.2439024   0.6097561
-1.219512  0.1219512   0.5487805
-1.341463  -0.06097561   0.4268293
-1.280488  0.06097561   0.4878049
-1.341463  0.1219512   0.5487805
-1.280488  0.1829268   0.2439024
-1.280488  0.2439024   0.4878049
-1.341463  0.06097561   0.4268293
-1.219512  0.1829268   0.3048781
-1.219512  0.06097561   0.4268293
-1.280488  0   0.4878049
-1.402439  0   0.3658537
-1.280488  0.2439024   0.3048781
-1.158537  0.2439024   0.4268293
-1.280488  -0.1219512   0.4878049
-1.341463  0   0.6097561
-1.341463  0.1219512   0.3048781
-1.341463  0   0.4268293
0.1362799  -0.01951223   -0.007927001
0.01432872  0.04146338   -0.007927001
0.07530427  0.04146338   0.05304861
0.01432872  0.04146338   0.05304861
0.07530427  -0.01951223   -0.06890261
-0.04664695  -0.01951223   0.05304861
-0.1076225  0.04146338   -0.007927001
0.1362799  -0.01951223   -0.1298782
0.01432872  0.04146338   -0.3128051
-0.2295737  -0.08048784   0.05304861
-0.1076225  0.102439   -0.06890261
-0.1076225  0.102439   -0.06890261
0.01432872  -0.08048784   0.05304861
0.07530427  -0.08048784   -0.06890261
0.1362799  0.04146338   -0.007927001
-0.1076225  -0.08048784   -0.1298782
-0.2295737  -0.1414635   -0.007927001
-0.1076225  0.04146338   0.1140242
0.07530427  0.04146338   0.1140242
-0.1076225  0.04146338   0.05304861
-0.1076225  -0.08048784   0.1140242
0.01432872  0.04146338   -0.06890261
0.07530427  -0.1414635   -0.06890261
0.01432872  -0.01951223   0.05304861
-0.04664695  0.102439   0.1140242
-0.1076225  0.102439   -0.007927001
0.1362799  -0.01951223   -0.1298782
0.1972555  0.102439   0.05304861
-0.04664695  -0.01951223   0.1140242
0.01432872  0.102439   -0.007927001
0.07530427  0.04146338   0.1140242
-0.04664695  -0.01951223   0.1140242
-0.1076225  -0.1414635   -0.007927001
0.01432872  0.102439   -0.007927001
-0.1076225  -0.01951223   0.1140242
-0.1076225  -0.1414635   0.1749998
0.07530427  -0.01951223   0.05304861
-0.2295737  -0.01951223   0.1140242
0.01432872  0.102439   -0.007927001
-0.1076225  -0.1414635   -0.007927001
0.07530427  -0.01951223   0.05304861
-0.1076225  -0.08048784   -0.06890261
-0.1076225  -0.1414635   -0.007927001
0.1362799  0.102439   0.05304861
-0.1685982  0.04146338   0.1140242
-0.1685982  -0.08048784   -0.06890261
0.1362799  0.102439   -0.06890261
0.01432872  0.1634146   0.1140242
-0.04664695  -0.08048784   0.1749998
-0.04664695  -0.08048784   -0.06890261
-0.04664695  0.04146338   -0.007927001
-0.1076225  -0.08048784   -0.1298782
0.07530427  -0.01951223   -0.1298782
-0.04664695  0.04146338   0.05304861
0.07530427  -0.01951223   -0.007927001
-0.1076225  0.04146338   -0.06890261
0.01432872  -0.1414635   -0.06890261
0.1972555  -0.1414635   -0.007927001
0.07530427  -0.1414635   -0.06890261
-0.04664695  -0.1414635   0.1140242
-0.1076225  -0.01951223   0.05304861
0.01432872  -0.08048784   -0.007927001
-0.04664695  0.1634146   0.05304861
-0.1076225  -0.01951223   -0.1298782
-0.1076225  -0.1414635   -0.007927001
0.01432872  -0.01951223   -0.06890261
0.07530427  0.04146338   -0.1908538
-0.1076225  -0.01951223   0.1140242
0.07530427  -0.1414635   -0.1908538
0.07530427  -0.01951223   -0.007927001
-0.04664695  -0.1414635   -0.007927001
0.01432872  -0.01951223   0.05304861
0.01432872  0.04146338   0.1140242
0.01432872  -0.1414635   0.05304861
0.01432872  -0.08048784   0.1140242
-0.04664695  -0.08048784   0.1140242
0.07530427  -0.01951223   -0.007927001
0.01432872  -0.01951223   -0.1298782
0.07530427  -0.08048784   0.05304861
-0.1076225  0.04146338   -0.06890261
0.1362799  0.102439   -0.06890261
0.01432872  0.1634146   -0.1298782
-0.04664695  0.04146338   0.1140242
-0.1076225  0.102439   -0.1298782
0.1362799  -0.08048784   -0.007927001
0.07530427  0.04146338   -0.06890261
0.1362799  0.04146338   -0.06890261
0.01432872  -0.1414635   0.05304861
-0.04664695  0.04146338   -0.007927001
0.01432872  0.102439   -0.007927001
0.01432872  -0.2634147   -0.1298782
0.01432872  -0.08048784   -0.1298782
-0.04664695  0.102439   -0.06890261
0.01432872  -0.2024391   -0.06890261
-0.1685982  0.04146338   -0.007927001
-0.04664695  -0.08048784   0.2359754
-0.1076225  -0.08048784   -0.007927001
-0.04664695  -0.2024391   0.1749998
0.01432872  0.102439   0.05304861
0.01432872  -0.1414635   0.05304861
-0.1076225  0.2853658   -0.007927001
0.01432872  0.1634146   -0.007927001
0.07530427  -0.08048784   -0.06890261
-0.1685982  0.04146338   -0.007927001
0.1362799  0.04146338   -0.06890261
-0.04664695  -0.1414635   0.05304861
0.07530427  0.102439   0.05304861
-0.04664695  0.1634146   0.2359754
0.01432872  -0.1414635   0.05304861
0.07530427  0.04146338   -0.1298782
0.01432872  0.102439   -0.06890261
-0.04664695  -0.08048784   -0.06890261
0.01432872  -0.1414635   -0.007927001
0.07530427  0.102439   0.05304861
0.01432872  -0.01951223   0.05304861
-0.1685982  -0.1414635   -0.007927001
-0.04664695  0.102439   0.1140242
-0.04664695  -0.08048784   0.05304861
0.07530427  -0.08048784   0.1749998
-0.04664695  -0.01951223   -0.007927001
-0.1076225  -0.08048784   -0.007927001
-0.04664695  -0.01951223   -0.007927001
-0.04664695  0.04146338   -0.1298782
0.01432872  -0.01951223   -0.007927001
-0.1685982  -0.01951223   -0.06890261
0.01432872  0.04146338   -0.007927001
-0.1685982  -0.1414635   -0.007927001
-0.1076225  0.102439   0.1140242
0.01432872  -0.01951223   -0.1298782
0.01432872  0.04146338   -0.06890261
-0.04664695  0.04146338   -0.06890261
-0.1076225  -0.08048784   0.1140242
-0.04664695  -0.2634147   -0.007927001
0.07530427  -0.01951223   0.1140242
-0.04664695  -0.2634147   -0.3128051
-0.1076225  0.1634146   0.05304861
0.01432872  0.102439   -0.007927001
0.01432872  -0.08048784   -0.007927001
-0.04664695  0.04146338   0.05304861
-0.1685982  -0.08048784   -0.007927001
-0.1076225  -0.2024391   -0.06890261
-0.1685982  -0.08048784   0.05304861
-0.04664695  -0.08048784   0.1140242
0.07530427  -0.1414635   -0.007927001
-0.04664695  0.04146338   0.05304861
-0.1685982  0.102439   -0.06890261
-0.04664695  -0.08048784   0.1140242
-0.04664695  -0.01951223   0.1140242
-0.1076225  -0.08048784   0.05304861
-0.2295737  0.1634146   -0.06890261
-0.04664695  -0.01951223   0.05304861
0.01432872  -0.01951223   -0.1298782
0.01432872  0.04146338   0.1140242
0.07530427  -0.1414635   -0.06890261
0.01432872  -0.08048784   -0.3128051
0.01432872  -0.08048784   0.1140242
0.07530427  -0.1414635   -0.007927001
0.01432872  -0.01951223   -0.007927001
-0.1076225  -0.01951223   0.05304861
0.07530427  -0.01951223   0.05304861
-0.04664695  0.04146338   -0.007927001
-0.1685982  -0.1414635   -0.06890261
-0.1685982  0.04146338   -0.06890261
0.01432872  -0.01951223   0.05304861
0.01432872  -0.08048784   -0.007927001
-0.1076225  -0.01951223   -0.06890261
-0.1076225  0.04146338   -0.1298782
-0.04664695  0.04146338   -0.1298782
-0.1076225  -0.01951223   -0.007927001
-0.04664695  -0.08048784   -0.007927001
0.07530427  -0.08048784   0.05304861
0.07530427  0.04146338   -0.06890261
0.07530427  -0.01951223   -0.007927001
-0.2295737  -0.1414635   0.1749998
-0.1685982  -0.2024391   -0.007927001
0.1972555  0.04146338   0.05304861
-0.04664695  0.04146338   0.05304861
-0.1076225  -0.01951223   -0.007927001
0.01432872  0.1634146   -0.007927001
0.07530427  -0.2024391   -0.007927001
0.01432872  0.04146338   -0.007927001
0.1972555  -0.01951223   -0.06890261
-0.1076225  0.102439   0.1140242
0.1362799  0.102439   0.05304861
-0.1076225  -0.01951223   0.05304861
-0.04664695  -0.01951223   -0.007927001
0.01432872  -0.1414635   -0.007927001
-0.1076225  0.04146338   -0.06890261
0.07530427  -0.01951223   -0.06890261
-0.04664695  0.04146338   0.05304861
-0.1076225  0.102439   0.05304861
0.07530427  -0.08048784   0.1140242
0.1362799  0.1634146   0.1140242
0.1972555  0.04146338   -0.1298782
0.01432872  0.1634146   -0.06890261
-0.1076225  -0.01951223   0.05304861
-0.04664695  0.1634146   0.05304861
-0.1076225  0.2243902   0.05304861
-0.04664695  -0.1414635   -0.1298782
-0.1076225  -0.01951223   -0.007927001
-0.1685982  0.04146338   -0.1298782
-0.04664695  -0.08048784   -0.1298782
0.01432872  -0.01951223   -0.06890261
-0.1076225  -0.1414635   0.05304861
0.01432872  -0.01951223   0.1140242
-0.04664695  0.1634146   0.1140242
-0.1076225  -0.01951223   -0.1908538
-0.1076225  -0.08048784   0.05304861
-0.1076225  -0.1414635   -0.06890261
0.07530427  -0.1414635   -0.007927001
0.01432872  0.04146338   -0.007927001
0.07530427  0.102439   0.1140242
0.07530427  0.04146338   0.1140242
0.01432872  -0.08048784   -0.06890261
0.07530427  0.2243902   -0.007927001
-0.1076225  -0.08048784   -0.007927001
0.07530427  0.04146338   -0.06890261
0.07530427  0.04146338   0.05304861
-0.1685982  -0.1414635   0.1140242
0.01432872  -0.01951223   0.05304861
-0.1685982  0.102439   -0.007927001
-0.1076225  -0.08048784   -0.06890261
-0.1076225  0.04146338   0.05304861
-0.04664695  -0.08048784   -0.06890261
0.07530427  -0.01951223   0.05304861
-0.1685982  0.2243902   0.1749998
-0.04664695  0.04146338   -0.06890261
0.07530427  -0.01951223   0.1140242
-0.1685982  0.1634146   0.05304861
-0.04664695  -0.01951223   0.05304861
0.1972555  0.04146338   -0.007927001
-0.1076225  -0.01951223   -0.007927001
0.01432872  -0.08048784   -0.007927001
0.01432872  0.102439   -0.007927001
0.01432872  -0.1414635   -0.06890261
0.01432872  0.04146338   0.05304861
0.07530427  0.04146338   -0.06890261
0.07530427  -0.08048784   -0.06890261
-0.1076225  0.1634146   -0.06890261
-0.1076225  0.102439   -0.007927001
-0.04664695  -0.2024391   -0.007927001
-0.04664695  0.04146338   -0.1298782
0.01432872  -0.08048784   0.1140242
-0.04664695  -0.08048784   -0.06890261
-0.1076225  0.1634146   0.1140242
-0.04664695  -0.08048784   -0.06890261
-0.04664695  0.04146338   -0.007927001
0.07530427  0.04146338   -0.06890261
0.1362799  -0.01951223   -0.06890261
0.01432872  -0.01951223   -0.007927001
-0.04664695  -0.1414635   -0.06890261
0.01432872  0.04146338   0.1749998
-0.04664695  0.04146338   -0.007927001
-0.04664695  0.102439   -0.1298782
-0.1685982  -0.01951223   -0.06890261
-0.04664695  -0.08048784   0.05304861
0.1362799  -0.08048784   0.05304861
0.07530427  0.04146338   -0.007927001
-0.04664695  -0.01951223   -0.007927001
-0.1076225  0.2243902   0.05304861
0.01432872  -0.01951223   0.05304861
0.01432872  -0.08048784   0.05304861
-0.04664695  -0.1414635   0.1140242
0.01432872  0.04146338   -0.06890261
0.1972555  0.1634146   -0.007927001
-0.04664695  -0.2634147   0.05304861
0.07530427  -0.1414635   0.1140242
-0.04664695  -0.08048784   -0.007927001
-0.1076225  -0.2024391   -0.06890261
0.07530427  -0.1414635   -0.007927001
0.07530427  0.102439   -0.007927001
0.07530427  -0.08048784   -0.06890261
0.01432872  -0.01951223   -0.06890261
-0.04664695  -0.01951223   -0.06890261
-0.04664695  -0.08048784   0.1749998
-0.1076225  -0.01951223   -0.007927001
-0.04664695  0.102439   -0.007927001
-0.1076225  -0.08048784   0.05304861
0.1362799  -0.01951223   -0.1298782
-0.1076225  -0.01951223   -0.007927001
0.01432872  -0.08048784   -0.007927001
-0.04664695  -0.08048784   -0.007927001
0.01432872  0.102439   -0.1298782
-0.1685982  -0.01951223   0.05304861
-0.1076225  0.2243902   -0.007927001
-0.1685982  -0.01951223   -0.06890261
-0.04664695  -0.01951223   0.05304861
0.1362799  -0.01951223   -0.007927001
0.07530427  -0.08048784   -0.06890261
-0.04664695  0.102439   -0.007927001
0.01432872  -0.1414635   0.05304861
-0.1685982  -0.08048784   0.1749998
-0.1076225  0.102439   0.05304861
-0.04664695  0.1634146   -0.007927001
-0.04664695  -0.2024391   0.05304861
-0.04664695  0.102439   0.1140242
-0.1685982  -0.08048784   -0.007927001
0.01432872  -0.08048784   -0.1298782
0.07530427  0.04146338   0.05304861
-0.1076225  0.04146338   0.1749998
0.07530427  -0.01951223   -0.06890261
-0.1685982  0.04146338   -0.007927001
-0.1076225  -0.01951223   0.1140242
0.01432872  -0.1414635   0.05304861
-0.1076225  -0.01951223   -0.1298782
-0.04664695  -0.08048784   -0.007927001
-0.04664695  -0.08048784   -0.007927001
0.01432872  0.04146338   -0.06890261
-0.04664695  0.04146338   -0.1298782
0.01432872  -0.08048784   -0.06890261
0.01432872  0.1634146   -0.007927001
0.1362799  0.04146338   0.1140242
-0.2295737  0.04146338   0.1140242
-0.04664695  -0.2024391   -0.1298782
-0.04664695  0.04146338   -0.1298782
0.07530427  -0.1414635   -0.007927001
-0.04664695  -0.01951223   -0.1298782
0.01432872  -0.01951223   0.1140242
0.07530427  -0.1414635   0.05304861
-0.1076225  0.1634146   0.05304861
-0.1076225  0.2243902   -0.007927001
-0.04664695  -0.01951223   -0.007927001
0.01432872  -0.01951223   -0.06890261
0.01432872  0.04146338   0.1140242
-0.1076225  0.04146338   -0.007927001
-0.04664695  0.04146338   -0.007927001
-0.1685982  0.2243902   0.1140242
0.07530427  -0.01951223   0.1140242
0.07530427  -0.08048784   -0.007927001
-0.1685982  0.04146338   -0.1298782
-0.04664695  -0.08048784   -0.007927001
0.01432872  -0.01951223   0.05304861
-0.1076225  -0.01951223   -0.007927001
0.01432872  -0.08048784   -0.007927001
-0.04664695  -0.1414635   -0.007927001
0.01432872  0.04146338   0.05304861
-0.1076225  0.04146338   -0.1298782
-0.1076225  0.04146338   0.05304861
-0.04664695  0.04146338   -0.06890261
-0.1685982  0.102439   0.05304861
0.07530427  -0.08048784   -0.06890261
0.01432872  -0.01951223   0.2359754
-0.1076225  0.04146338   -0.007927001
-0.04664695  -0.08048784   -0.007927001
-0.1076225  0.04146338   -0.007927001
0.01432872  0.04146338   -0.007927001
-0.04664695  -0.01951223   0.1140242
0.01432872  -0.01951223   0.1749998
0.07530427  0.04146338   -0.06890261
0.01432872  -0.01951223   -0.06890261
0.01432872  -0.01951223   0.1140242
0.01432872  -0.01951223   0.1140242
-0.2905494  0.1634146   -0.06890261
0.07530427  0.04146338   -0.007927001
-0.1685982  -0.01951223   0.05304861
0.07530427  0.102439   0.1140242
0.1362799  -0.08048784   -0.007927001
-0.04664695  0.102439   0.1140242
-0.1076225  -0.01951223   0.1749998
-0.04664695  0.102439   0.1140242
0.07530427  -0.01951223   0.1140242
-0.1076225  -0.08048784   -0.007927001
-0.1076225  -0.01951223   -0.007927001
0.07530427  -0.08048784   -0.007927001
-0.04664695  0.1634146   -0.007927001
-0.1076225  0.04146338   0.05304861
0.07530427  0.1634146   -0.007927001
0.01432872  0.04146338   0.05304861
-0.1685982  -0.01951223   -0.007927001
-0.04664695  -0.08048784   0.05304861
-0.1076225  -0.08048784   -0.007927001
-0.1685982  -0.01951223   0.05304861
-0.04664695  -0.08048784   0.05304861
0.01432872  0.2243902   -0.06890261
-0.04664695  -0.01951223   -0.06890261
-0.1076225  -0.1414635   -0.06890261
-0.04664695  0.04146338   -0.007927001
-0.04664695  -0.1414635   -0.1908538
-0.04664695  -0.01951223   0.05304861
-0.1076225  -0.08048784   0.05304861
0.1972555  -0.1414635   -0.007927001
0.1362799  -0.01951223   -0.007927001
0.07530427  0.04146338   0.1140242
-0.2295737  0.102439   -0.007927001
0.07530427  -0.08048784   -0.007927001
0.01432872  -0.01951223   -0.06890261
-0.04664695  -0.08048784   0.1140242
-0.04664695  -0.01951223   0.05304861
-0.1076225  -0.08048784   -0.007927001
-0.2295737  -0.08048784   -0.1298782
-0.1685982  -0.08048784   -0.007927001
0.01432872  0.102439   0.05304861
0.01432872  -0.1414635   0.1140242
0.1362799  -0.1414635   0.05304861
0.01432872  -0.08048784   -0.007927001
-0.04664695  -0.01951223   0.05304861
-0.1685982  -0.08048784   0.05304861
0.01432872  0.102439   -0.06890261
-0.04664695  -0.01951223   0.05304861
-0.2905494  0.04146338   -0.1298782
-0.2295737  -0.1414635   -0.06890261
-0.1076225  -0.08048784   -0.007927001
-0.04664695  0.04146338   -0.1298782
0.01432872  -0.08048784   -0.06890261
0.01432872  0.04146338   -0.007927001
-0.04664695  0.04146338   0.05304861
-0.1685982  0.04146338   -0.007927001
-0.1076225  0.04146338   -0.06890261
-0.1076225  -0.08048784   -0.007927001
0.07530427  0.102439   -0.06890261
-0.04664695  -0.1414635   -0.007927001
0.07530427  0.102439   0.05304861
-0.2295737  -0.08048784   -0.007927001
0.01432872  -0.01951223   0.1140242
0.01432872  0.102439   -0.06890261
-0.04664695  0.102439   0.05304861
0.07530427  -0.2024391   -0.06890261
-0.1076225  -0.2634147   0.05304861
0.01432872  -0.01951223   0.05304861
-0.04664695  0.1634146   0.05304861
0.07530427  0.04146338   -0.06890261
-0.1685982  0.04146338   -0.007927001
-0.1076225  -0.1414635   0.05304861
-0.1685982  -0.01951223   0.05304861
-0.04664695  0.04146338   0.1140242
-0.1076225  -0.01951223   -0.1298782
-0.04664695  0.04146338   0.05304861
-0.1076225  0.04146338   0.05304861
-0.1685982  0.102439   0.1749998
-0.04664695  0.04146338   0.05304861
0.07530427  -0.1414635   -0.007927001
0.2582312  0.102439   -0.007927001
0.01432872  0.102439   -0.007927001
0.01432872  -0.2024391   -0.06890261
0.01432872  0.102439   -0.06890261
-0.1076225  -0.08048784   -0.007927001
0.01432872  0.102439   0.05304861
-0.1076225  -0.1414635   -0.007927001
-0.1076225  -0.08048784   0.05304861
-0.1076225  0.04146338   0.05304861
0.01432872  0.04146338   0.05304861
-0.04664695  -0.08048784   -0.06890261
0.1362799  0.1634146   0.1140242
0.07530427  0.04146338   -0.06890261
0.1972555  0.102439   -0.007927001
-0.04664695  -0.1414635   0.05304861
0.01432872  0.102439   -0.06890261
-0.1076225  0.04146338   -0.007927001
0.01432872  -0.08048784   0.05304861
0.07530427  0.04146338   -0.007927001
-0.04664695  -0.01951223   -0.007927001
0.1362799  0.102439   0.05304861
-0.04664695  -0.2634147   -0.007927001
-0.1076225  -0.01951223   -0.007927001
-0.1076225  -0.08048784   0.05304861
0.07530427  -0.1414635   -0.007927001
-0.1685982  -0.01951223   0.2359754
0.07530427  0.102439   -0.007927001
-0.1076225  -0.2024391   0.05304861
