0  0   0 0
0  0   0 0
0  0   0 0
0  0   0 0
0  0   0 0
0  0   0 0
0  0   0 0
0  0   0 0
0  0   0 0
0  0   0 0
0  0   0 0
0  0   0 0
0  0   0 0
0  0   0 0
0  0   0 0
0  0   0 0
0  0   0 0
0  0   0 0
0  0   0 0
0  0   0 0
0  0   0 0
0  0   0 0
0  0   0 0
0  0   0 0
0  0   0 0
0  0   0 0
0  0   0 0
0  0   0 0
0  0   0 0
0  0   0 0
0  0   0 0
0  0   0 0
0  0   0 0
0  0   0 0
0  0   0 0
0  0   0 0
0  0   0 0
0  0   0 0
0  0   0 0
0  0   0 0
0  0   0 0
0  0   0 0
0  0   0 0
0  0   0 0
0  0   0 0
0  0   0 0
0  0   0 0
0  0   0 0
0  0   0 0
0  0   0 0
0  0   0 0
0  0   0 0
0  0   0 0
0  0   0 0
0  0   0 0
0  0   0 0
0  0   0 0
0  0   0 0
0  0   0 0
0  0   0 0
0  0   0 0
0  0   0 0
0  0   0 0
0  0   0 0
0  0   0 0
0  0   0 0
0  0   0 0
0  0   0 0
0  0   0 0
0  0   0 0
0  0   0 0
0  0   0 0
0  0   0 0
0  0   0 0
0  0   0 0
0  0   0 0
0  0   0 0
0  0   0 0
0  0   0 0
0  0   0 0
0  0   0 0
0  0   0 0
0  0   0 0
0  0   0 0
0  0   0 0
0  0   0 0
0  0   0 0
0  0   0 0
0  0   0 0
0  0   0 0
0  0   0 0
0  0   0 0
0  0   0 0
0  0   0 0
0  0   0 0
0  0   0 0
0  0   0 0
0  0   0 0
0  0   0 0
0  0   0 0
0  0   0 0
0  0   0 0
0  0   0 0
0  0   0 0
0  0   0 0
0  0   0 0
0  0   0 0
0  0   0 0
0  0   0 0
0  0   0 0
0  0   0 0
0  0   0 0
0  0   0 0
0  0   0 0
0  0   0 0
0  0   0 0
0  0   0 0
0  0   0 0
0  0   0 0
0  0   0 0
0  0   0 0
0  0   0 0
0  0   0 0
0  0   0 0
0  0   0 0
0  0   0 0
0  0   0 0
0  0   0 0
0  0   0 0
0  0   0 0
0  0   0 0
0  0   0 0
0  0   0 0
0  0   0 0
0  0   0 0
0  0   0 0
0  0   0 0
0  0   0 0
0  0   0 0
0  0   0 0
0  0   0 0
0  0   0 0
0  0   0 0
0  0   0 0
0  0   0 0
0  0   0 0
0  0   0 0
0  0   0 0
0  0   0 0
0  0   0 0
0  0   0 0
0  0   0 0
0  0   0 0
0  0   0 0
0  0   0 0
0  0   0 0
0  0   0 0
0  0   0 0
0  0   0 0
0  0   0 0
0  0   0 0
0  0   0 0
0  0   0 0
0  0   0 0
0  0   0 0
0  0   0 0
0  0   0 0
0  0   0 0
0  0   0 0
0  0   0 0
0  0   0 0
0  0   0 0
0  0   0 0
0  0   0 0
0  0   0 0
0  0   0 0
0  0   0 0
0  0   0 0
0  0   0 0
0  0   0 0
0  0   0 0
0  0   0 0
0  0   0 0
0  0   0 0
0  0   0 0
0  0   0 0
0  0   0 0
0  0   0 0
0  0   0 0
0  0   0 0
0  0   0 0
0  0   0 0
0  0   0 0
0  0   0 0
0  0   0 0
0  0   0 0
0  0   0 0
0  0   0 0
0  0   0 0
0  0   0 0
0  0   0 0
0.7066178  0.7069852   -0.01665146 -0.01685362
0.7058597  0.7065797   -0.03301569 -0.03339563
0.7047175  0.7058395   -0.04902437 -0.04958439
0.7032944  0.7047063   -0.06469686 -0.06541205
0.7016211  0.7032174   -0.07992212 -0.08076973
0.6996101  0.7015047   -0.0947334 -0.09571239
0.6973974  0.6994884   -0.1091218 -0.1101974
0.694957  0.6972525   -0.1230458 -0.1242245
0.6921983  0.6949599   -0.1364475 -0.1377403
0.6892977  0.6924762   -0.1493722 -0.1507694
0.6863522  0.6897526   -0.1618461 -0.163297
0.6833764  0.6868497   -0.1738134 -0.1752751
0.6800929  0.6840638   -0.185247 -0.1868479
0.676831  0.681152   -0.1961701 -0.1978564
0.6736056  0.6780862   -0.2066857 -0.2084073
0.6703013  0.6750025   -0.2168038 -0.2185456
0.6670294  0.6719103   -0.2263966 -0.2281472
0.6637456  0.6687957   -0.2355973 -0.2373733
0.6604818  0.6657099   -0.2443377 -0.2461535
0.6572706  0.6626617   -0.2526308 -0.2544614
0.6539575  0.6597361   -0.2605484 -0.262489
0.650781  0.6567847   -0.2681006 -0.2700709
0.6477134  0.6538761   -0.2752446 -0.2772218
0.6448013  0.6509247   -0.2820858 -0.2839966
0.6418262  0.6481406   -0.2885663 -0.2905177
0.6390129  0.6454502   -0.2946223 -0.2965675
0.6361817  0.6427988   -0.3004976 -0.3024599
0.6335129  0.6401954   -0.3060314 -0.3079841
0.6308889  0.6376975   -0.3112776 -0.3132498
0.6283218  0.6353123   -0.316239 -0.3182466
0.6258757  0.6329878   -0.3209322 -0.3229656
0.6235172  0.6307532   -0.32537 -0.3274284
0.6212136  0.6285733   -0.3296366 -0.3317034
0.618986  0.6265184   -0.3336306 -0.335738
0.6169093  0.6244464   -0.3374794 -0.3395517
0.6148183  0.6225189   -0.3411052 -0.3432405
0.6128719  0.6207148   -0.3444519 -0.3466298
0.6109162  0.6189957   -0.3476611 -0.3499365
0.6091799  0.6172481   -0.3507411 -0.352964
0.607467  0.6155974   -0.3536606 -0.3558734
0.6057895  0.6140509   -0.3564021 -0.358659
0.6041623  0.6125257   -0.3590732 -0.3613376
0.6026506  0.611096   -0.3615413 -0.3638132
0.6011783  0.6096753   -0.3639492 -0.3662237
0.5998098  0.6083066   -0.3662207 -0.3684721
0.598537  0.607078   -0.3682786 -0.3705117
0.5972883  0.6059119   -0.3702358 -0.3724797
0.5961092  0.604723   -0.3721578 -0.3743804
0.5949309  0.6036334   -0.3739497 -0.3762226
0.5937181  0.6025764   -0.3757274 -0.3780576
0.5927411  0.6016027   -0.377284 -0.379588
0.5917112  0.6005744   -0.3789264 -0.3811838
0.5907632  0.5995536   -0.3805123 -0.3826786
0.589887  0.5986077   -0.3819608 -0.3840653
0.5890283  0.59774   -0.3833113 -0.3853871
0.5880812  0.5969768   -0.3845841 -0.3867459
0.5872629  0.596284   -0.3857155 -0.3879296
0.5865243  0.5955913   -0.3868022 -0.3890277
0.5857355  0.5950265   -0.38777 -0.3901153
0.5851151  0.594294   -0.3888336 -0.391103
0.584525  0.5936807   -0.3897543 -0.3919993
0.5838209  0.5930374   -0.3907568 -0.393023
0.5832405  0.5924643   -0.3916232 -0.3938857
0.5825959  0.5918929   -0.3925249 -0.3948003
0.5821645  0.5913096   -0.3933403 -0.3954985
0.5815642  0.5908628   -0.3940774 -0.3963148
0.5810019  0.5904288   -0.394792 -0.3970742
0.5805658  0.5899072   -0.3955273 -0.3977552
0.5800369  0.5894943   -0.3962014 -0.3984672
0.5796289  0.5890598   -0.3968363 -0.3990714
0.5792419  0.5886569   -0.3974271 -0.3996397
0.5788844  0.5882291   -0.3980276 -0.4001894
0.5785499  0.5878727   -0.3985361 -0.4006905
0.5781923  0.5874689   -0.3991083 -0.4012291
0.5777732  0.5871547   -0.3996011 -0.4018014
0.5774356  0.5868248   -0.4000791 -0.402293
0.5771804  0.5864472   -0.4005857 -0.4027054
0.5769485  0.5862409   -0.4009065 -0.4030187
0.5766484  0.5860007   -0.4012757 -0.4034302
0.5764172  0.5857871   -0.4015986 -0.403749
0.5762374  0.5855499   -0.4019279 -0.4040221
0.5760136  0.5853617   -0.402225 -0.4043184
0.5757259  0.5852283   -0.4024675 -0.4046795
0.5755174  0.5849628   -0.4028417 -0.4049879
0.5753278  0.5847942   -0.4030944 -0.4052491
0.5751721  0.584573   -0.4033958 -0.4054892
0.5748469  0.5844585   -0.4036442 -0.405868
0.5747268  0.5841691   -0.4039962 -0.4061045
0.5745702  0.5839589   -0.4042807 -0.4063453
0.5743912  0.5838373   -0.4044776 -0.4065768
0.5741321  0.5838175   -0.4046026 -0.4068469
0.573996  0.5837008   -0.4047875 -0.4070225
0.5739048  0.5835159   -0.405025 -0.4071799
0.5738229  0.5833447   -0.4052439 -0.4073228
0.5737461  0.5832016   -0.405426 -0.4074546
0.5736746  0.5830596   -0.4055866 -0.4075987
0.5735397  0.5829521   -0.4057511 -0.4077785
0.5735258  0.5827739   -0.4059342 -0.4078705
0.5733963  0.5827289   -0.4060251 -0.4080264
0.5733576  0.5826308   -0.4061402 -0.4081062
0.573288  0.5824111   -0.4064021 -0.4082569
0.573369  0.5823231   -0.4064686 -0.4082024
0.5733005  0.5822381   -0.4065895 -0.4082994
0.5731916  0.5821921   -0.4066782 -0.4084297
0.5730401  0.58213   -0.4068043 -0.4086052
0.5729833  0.5819504   -0.407013 -0.4087328
0.5730019  0.5819059   -0.4070504 -0.4087328
0.5729493  0.581812   -0.4071523 -0.4088389
0.57291  0.5817973   -0.4071776 -0.4088894
0.5728344  0.5817451   -0.4072705 -0.4089772
0.5727351  0.5817303   -0.4073268 -0.4090811
0.5726445  0.5816828   -0.4074149 -0.4091879
0.5725954  0.5816337   -0.4074853 -0.4092563
0.5726033  0.581541   -0.4075783 -0.4092843
0.5726019  0.581489   -0.4076306 -0.4093083
0.5726503  0.5814824   -0.4076206 -0.4092597
0.5725394  0.5815114   -0.40762 -0.4093742
0.5724829  0.5814927   -0.4076557 -0.4094442
0.5724643  0.5814254   -0.4077212 -0.4095006
0.5724971  0.5814286   -0.4077066 -0.4094646
0.5724984  0.5814649   -0.4076675 -0.4094501
0.5724482  0.5813958   -0.4077598 -0.4095266
0.5724336  0.5812821   -0.4078968 -0.4095722
0.5723578  0.5812701   -0.4079368 -0.4096552
0.5723364  0.5812444   -0.4079767 -0.4096817
0.5723175  0.5811877   -0.4080447 -0.4097207
0.5722981  0.5811965   -0.4080422 -0.409738
0.5722979  0.5811834   -0.4080477 -0.4097515
0.572153  0.5812193   -0.4080697 -0.4098808
0.5720994  0.5812361   -0.4080758 -0.4099257
0.5721891  0.5811685   -0.4081222 -0.4098505
0.5721817  0.5811766   -0.408107 -0.4098642
0.572189  0.5811084   -0.4081777 -0.4098805
0.5722597  0.5810425   -0.408215 -0.4098379
0.5722405  0.581064   -0.4082219 -0.4098274
0.5722489  0.580999   -0.4082847 -0.4098454
0.5721855  0.5810216   -0.4082835 -0.4099031
0.5721212  0.5810112   -0.4083175 -0.4099735
0.5721033  0.5810469   -0.4082815 -0.4099838
0.5721014  0.5810475   -0.4082816 -0.4099855
0.572103  0.5810351   -0.408299 -0.4099835
0.5720683  0.5809985   -0.4083458 -0.4100371
0.5721459  0.5809757   -0.4083343 -0.4099727
0.5721424  0.5810308   -0.408277 -0.4099566
0.5721734  0.5809494   -0.4083494 -0.4099566
0.5720674  0.5810112   -0.4083252 -0.4100409
0.572025  0.581042   -0.4082982 -0.4100835
0.5720149  0.5810111   -0.4083261 -0.4101136
0.5719954  0.5809363   -0.4084086 -0.4101644
0.5719458  0.5809255   -0.4084426 -0.4102152
0.5719359  0.580923   -0.4084444 -0.4102305
0.5718939  0.580865   -0.4085311 -0.4102849
0.5719247  0.5807871   -0.4085952 -0.4102883
0.5719249  0.5808178   -0.4085675 -0.4102723
0.5718937  0.5808557   -0.4085614 -0.4102682
0.5717201  0.5809608   -0.4085006 -0.410422
0.5716354  0.5809955   -0.4084934 -0.4104979
0.5714797  0.5811178   -0.408417 -0.4106174
0.5714849  0.5810584   -0.4084746 -0.410637
0.5714545  0.5809566   -0.4085906 -0.4107082
0.571376  0.5810334   -0.408536 -0.4107629
0.571437  0.5810229   -0.4085307 -0.4106982
0.571427  0.5810571   -0.4085024 -0.4106918
0.5713626  0.5810823   -0.4084938 -0.4107544
0.5713554  0.5810369   -0.4085456 -0.4107772
0.5713568  0.5810272   -0.4085604 -0.4107742
0.5713781  0.5809451   -0.4086506 -0.4107708
0.5713975  0.580956   -0.408642 -0.410737
0.5715353  0.5808644   -0.4086926 -0.4106244
0.5714679  0.5808515   -0.4087303 -0.410699
0.5715421  0.5807894   -0.408767 -0.410647
0.571499  0.5808346   -0.4087391 -0.4106709
0.5715422  0.5808171   -0.4087436 -0.4106311
0.5714554  0.5808905   -0.4086811 -0.4107103
0.5715476  0.5808711   -0.4086697 -0.4106207
0.5715407  0.5809188   -0.4086173 -0.4106148
0.571632  0.5808665   -0.4086377 -0.4105416
0.5716746  0.5807951   -0.4086997 -0.4105215
0.571668  0.5807859   -0.4087127 -0.4105307
0.5716904  0.5808513   -0.4086353 -0.410484
0.5716326  0.580955   -0.408545 -0.4105077
0.571677  0.5809797   -0.4085086 -0.410447
0.5716298  0.5810519   -0.4084389 -0.4104799
0.5716678  0.5811469   -0.4083202 -0.4104106
0.5716263  0.5811359   -0.4083423 -0.4104622
0.5716262  0.5810741   -0.4084091 -0.4104834
0.5717027  0.5810669   -0.4083905 -0.4104055
0.5716933  0.5811047   -0.4083583 -0.4103971
0.5717344  0.5810566   -0.408401 -0.4103656
0.5717317  0.5809441   -0.4085184 -0.4104116
0.5716884  0.5809727   -0.4084988 -0.4104511
0.5716103  0.5809232   -0.4085705 -0.4105586
0.5715631  0.5809541   -0.4085456 -0.4106051
0.5715573  0.5810051   -0.4085033 -0.4105832
0.5715373  0.5810527   -0.4084648 -0.410582
0.5715812  0.5810966   -0.4083981 -0.4105251
0.5716194  0.5811036   -0.4083733 -0.4104866
0.5716714  0.5810168   -0.4084443 -0.4104663
0.571667  0.5809588   -0.4085176 -0.4104818
0.5716316  0.5809832   -0.4085041 -0.4105099
0.5715858  0.581023   -0.4084869 -0.4105345
0.5715349  0.5809696   -0.4085716 -0.4105968
0.5714931  0.5810248   -0.4085321 -0.410616
0.5714601  0.5810472   -0.4085151 -0.4106472
0.5713696  0.5811849   -0.4083902 -0.4107024
0.5714382  0.5810441   -0.4085089 -0.4106883
0.5713665  0.5810677   -0.4085227 -0.4107408
0.5714504  0.5811099   -0.4084438 -0.4106428
0.571528  0.5811603   -0.4083676 -0.4105394
0.5715592  0.5811778   -0.4083385 -0.4105001
0.5715407  0.5810713   -0.4084599 -0.4105558
0.5714272  0.5811849   -0.4083692 -0.4106432
0.5714718  0.5812345   -0.4082921 -0.4105877
0.5714723  0.5812021   -0.4083318 -0.4105934
0.5714173  0.5811752   -0.4083808 -0.4106591
0.5714909  0.5811175   -0.4084174 -0.4106021
0.571515  0.5810426   -0.4084947 -0.4105974
0.5715632  0.581047   -0.4084695 -0.4105493
0.5716016  0.5810346   -0.4084602 -0.4105227
0.5716373  0.5810469   -0.4084306 -0.4104851
0.5716473  0.5810324   -0.4084429 -0.4104792
0.5717335  0.5810351   -0.408415 -0.4103834
0.5717514  0.5809185   -0.4085294 -0.4104095
0.5716993  0.5809442   -0.408525 -0.41045
0.5717169  0.5809534   -0.4085051 -0.4104322
0.5716257  0.5810052   -0.4084681 -0.4105229
0.5715595  0.5810706   -0.4084262 -0.4105641
0.5714999  0.5810481   -0.4084626 -0.4106428
0.5715261  0.5810117   -0.4084884 -0.4106322
0.5715884  0.5810109   -0.4084634 -0.4105715
0.5715046  0.5810807   -0.4084188 -0.4106337
0.5715359  0.581102   -0.4083854 -0.4105932
0.5714998  0.5810799   -0.4084221 -0.410638
0.571519  0.581041   -0.408458 -0.4106308
0.5714166  0.5809958   -0.4085472 -0.4107486
0.571496  0.5809361   -0.4085797 -0.4106903
0.5714998  0.5809851   -0.4085312 -0.4106638
0.5715092  0.5810014   -0.4085157 -0.410643
0.5714074  0.5809944   -0.4085638 -0.4107466
0.5713972  0.581082   -0.4084739 -0.4107264
0.5714365  0.5810167   -0.4085305 -0.4107077
0.5713716  0.5810251   -0.4085539 -0.410763
0.5713633  0.5809786   -0.4085979 -0.4107965
0.5714  0.5809009   -0.4086735 -0.4107802
0.5714173  0.5809475   -0.4086088 -0.4107545
0.571445  0.5810723   -0.4084705 -0.4106771
0.5714152  0.5810882   -0.4084643 -0.4107023
0.5714438  0.5811107   -0.4084356 -0.4106591
0.5713684  0.581121   -0.4084563 -0.4107288
0.5714387  0.580982   -0.4085816 -0.4107031
0.5714312  0.5809469   -0.4086267 -0.4107183
0.5715051  0.5809298   -0.4086062 -0.4106601
0.571595  0.5809205   -0.4085855 -0.4105687
0.5715529  0.5809087   -0.4086226 -0.4106071
0.5715988  0.5808344   -0.4086911 -0.4105801
0.5716227  0.5808556   -0.4086558 -0.410552
0.5716127  0.580914   -0.4085928 -0.4105458
0.5716097  0.5808821   -0.4086289 -0.4105592
0.5715692  0.5810049   -0.4085119 -0.4105584
0.5715615  0.5810448   -0.4084678 -0.4105565
0.5715103  0.5810668   -0.408458 -0.4106064
0.5714555  0.5810416   -0.4085 -0.4106765
0.5713589  0.5809736   -0.4085976 -0.4108101
0.5713592  0.5808925   -0.4086898 -0.4108326
0.5713919  0.5809322   -0.408637 -0.4107833
0.5713802  0.5809532   -0.4086142 -0.4107928
0.5713974  0.5809983   -0.4085511 -0.4107677
0.5714359  0.5810435   -0.4084896 -0.4107113
0.5713834  0.581066   -0.4084884 -0.4107538
0.5714184  0.5811183   -0.4084207 -0.4106984
0.5714345  0.5810372   -0.4085031 -0.410709
0.5713369  0.5810758   -0.4085009 -0.4107923
0.5713056  0.5810516   -0.4085429 -0.4108281
0.5713639  0.5811159   -0.4084588 -0.4107398
0.5713843  0.5810238   -0.408537 -0.4107639
0.5714663  0.5810231   -0.4085095 -0.4106781
0.5714738  0.5810112   -0.4085203 -0.4106738
0.5715092  0.580907   -0.4086153 -0.4106773
0.5714948  0.5808794   -0.4086601 -0.410692
0.5716082  0.580738   -0.4087725 -0.4106222
0.5715458  0.5807977   -0.4087307 -0.4106662
0.5715226  0.5808265   -0.4087084 -0.4106801
0.5714808  0.5808935   -0.4086611 -0.4106906
0.5715542  0.5808411   -0.4086872 -0.4106364
0.5714887  0.5808266   -0.4087263 -0.4107093
0.5715457  0.580785   -0.4087559 -0.4106594
0.571682  0.5807303   -0.4087629 -0.4105399
0.5716788  0.5806839   -0.4088148 -0.4105586
0.5717179  0.5806496   -0.408843 -0.4105242
0.5717765  0.5807278   -0.4087397 -0.4104352
0.5719373  0.5806512   -0.4087614 -0.4102977
0.5719039  0.5806594   -0.4087504 -0.4103434
0.5720218  0.5807017   -0.40866 -0.4102094
0.5719578  0.5807003   -0.4086845 -0.4102761
0.5719956  0.5807442   -0.4086199 -0.4102257
0.5719699  0.5807023   -0.4086651 -0.4102758
0.5719058  0.5808154   -0.4085664 -0.4103034
0.5718712  0.5808086   -0.4085954 -0.4103322
0.5718887  0.5807643   -0.4086331 -0.410333
0.5719013  0.5806804   -0.4087051 -0.4103625
0.5717629  0.5806908   -0.4087476 -0.4104984
0.5717317  0.5806454   -0.4088073 -0.4105466
0.5717245  0.5805205   -0.4089347 -0.4106065
0.5717812  0.5804636   -0.4089718 -0.4105711
0.5717289  0.5804923   -0.4089687 -0.4106063
0.5716889  0.5805836   -0.4088852 -0.4106161
0.5717334  0.5805981   -0.4088545 -0.4105641
0.5716763  0.5805965   -0.4088814 -0.4106191
0.5716958  0.5806072   -0.4088729 -0.4105852
0.5716996  0.5805945   -0.4088904 -0.4105806
0.5717403  0.5805189   -0.4089582 -0.4105633
0.571698  0.5804925   -0.4089928 -0.410625
0.5717368  0.5805063   -0.4089555 -0.4105888
0.5715716  0.5806209   -0.4088995 -0.4107124
0.571696  0.580695   -0.4087867 -0.4105467
0.5716603  0.5807076   -0.4087862 -0.4105791
0.5715662  0.5807838   -0.4087469 -0.4106414
0.5716208  0.580816   -0.4086847 -0.4105817
0.5716432  0.5807875   -0.4087034 -0.4105722
0.5715836  0.580833   -0.4086715 -0.4106228
0.5716153  0.5809172   -0.4085708 -0.4105596
0.5717092  0.5808386   -0.4086228 -0.4104883
0.571637  0.5808886   -0.4085996 -0.4105413
0.5716467  0.580903   -0.4085723 -0.4105346
0.5716564  0.5809314   -0.4085388 -0.4105141
0.5717053  0.5810145   -0.4084333 -0.4104335
0.5717233  0.5810619   -0.4083675 -0.4104067
0.5717441  0.5809489   -0.4084729 -0.4104328
0.571753  0.580866   -0.4085593 -0.4104518
0.5717561  0.5808726   -0.4085606 -0.4104367
0.5717672  0.5810111   -0.4084088 -0.4103766
0.5717934  0.5809624   -0.4084478 -0.4103701
0.5717804  0.5809581   -0.4084572 -0.4103848
0.5718561  0.580904   -0.4084894 -0.410324
0.5718802  0.5809184   -0.4084659 -0.4102935
0.5718331  0.5809498   -0.4084447 -0.4103357
0.5718306  0.5808421   -0.4085706 -0.4103663
0.5717452  0.5808374   -0.4086013 -0.4104615
0.5717381  0.5808061   -0.4086424 -0.4104746
0.5717971  0.5808411   -0.40858 -0.4104048
0.5717462  0.5808607   -0.4085821 -0.4104461
0.5717365  0.5808327   -0.4085975 -0.4104837
0.5716403  0.580774   -0.4086944 -0.4106044
0.5716778  0.5808651   -0.4085841 -0.4105332
0.5716718  0.5808094   -0.4086463 -0.4105583
0.5718092  0.580744   -0.4086693 -0.4104367
0.5718561  0.5806398   -0.4087557 -0.4104325
0.5718243  0.5806785   -0.4087122 -0.4104657
0.5718348  0.5806777   -0.4087147 -0.4104495
0.5717869  0.5807412   -0.4086686 -0.4104723
0.5718002  0.5806288   -0.4087758 -0.4105061
0.57182  0.5805115   -0.4088859 -0.4105347
0.5718566  0.5804656   -0.4089271 -0.4105076
0.5718471  0.580518   -0.4088751 -0.4104984
0.5719169  0.5804401   -0.4089298 -0.4104569
0.5718511  0.5804098   -0.4089769 -0.4105446
0.5718461  0.5803929   -0.4089975 -0.410555
0.5719475  0.5803934   -0.4089532 -0.4104572
0.5719987  0.5804743   -0.4088352 -0.4103889
0.5719624  0.5805194   -0.4087909 -0.4104198
0.571908  0.5806096   -0.4087048 -0.4104538
0.5719112  0.5806527   -0.4086578 -0.4104353
0.5719191  0.5806894   -0.408616 -0.4104139
0.5718387  0.5807177   -0.4086143 -0.4104875
0.5717915  0.5807232   -0.4086256 -0.4105343
0.5717912  0.5806859   -0.4086614 -0.4105517
0.5718143  0.5806749   -0.4086663 -0.4105304
0.5718276  0.5807006   -0.4086302 -0.4105114
0.5719379  0.5806854   -0.4086082 -0.410401
0.5718994  0.5807124   -0.4085885 -0.4104363
0.5718372  0.5807036   -0.4086198 -0.4105042
0.5718961  0.5807557   -0.408539 -0.4104288
0.5718239  0.5807871   -0.4085263 -0.4104977
0.5718691  0.5807971   -0.4085054 -0.4104412
0.5719004  0.5808091   -0.4084867 -0.4103993
0.5718793  0.5808964   -0.4084052 -0.4103861
0.5717638  0.580894   -0.4084486 -0.4105072
0.5717101  0.5809627   -0.4084078 -0.4105255
0.5717949  0.5809255   -0.408414 -0.4104539
0.5717399  0.5808572   -0.408502 -0.4105395
0.5716726  0.5808144   -0.4085721 -0.410624
0.5717219  0.5808102   -0.4085603 -0.4105729
0.5717253  0.5808758   -0.4084805 -0.410555
0.5716829  0.5809367   -0.4084302 -0.4105778
0.5716067  0.5810046   -0.4083846 -0.4106332
0.571599  0.5810876   -0.4083034 -0.4106072
0.571586  0.581157   -0.4082247 -0.4106054
0.5715414  0.5812513   -0.4081348 -0.4106232
0.5715815  0.5812255   -0.4081488 -0.4105901
0.5716026  0.5812075   -0.4081701 -0.4105652
0.571598  0.581232   -0.4081455 -0.4105614
0.5715427  0.5811626   -0.4082353 -0.4106471
0.5715667  0.5810984   -0.4082869 -0.4106531
0.5715238  0.5810508   -0.4083491 -0.4107185
0.5715328  0.580986   -0.408416 -0.4107312
0.571497  0.5810269   -0.4083804 -0.4107585
0.5714729  0.581022   -0.4083895 -0.4107899
0.5712638  0.5810117   -0.4084786 -0.4110065
0.5712467  0.580986   -0.408508 -0.4110374
0.5712489  0.5809389   -0.408567 -0.4110423
0.5712066  0.5809236   -0.4086027 -0.4110875
0.5712684  0.5809197   -0.4085856 -0.4110241
0.5712951  0.5809717   -0.4085304 -0.4109683
0.5713161  0.5809317   -0.408571 -0.4109552
0.5713454  0.5808889   -0.4086074 -0.4109386
0.5712895  0.5808491   -0.4086655 -0.4110149
0.5713202  0.5808828   -0.4086189 -0.4109709
0.5713645  0.5808739   -0.4086181 -0.4109227
0.5713005  0.5809084   -0.4086037 -0.4109775
0.5713124  0.5809962   -0.4085109 -0.4109289
0.5713753  0.5810162   -0.4084678 -0.410856
0.5712993  0.580965   -0.4085455 -0.4109569
0.5714427  0.5809947   -0.4084638 -0.4107969
0.5714018  0.581111   -0.4083445 -0.4108075
0.5714423  0.5809766   -0.40848 -0.4108067
0.5714812  0.5809497   -0.4084914 -0.4107794
0.5714841  0.5810769   -0.4083591 -0.4107269
0.5714943  0.5810668   -0.4083616 -0.4107243
0.5715357  0.5810886   -0.4083198 -0.4106776
0.5715381  0.5810232   -0.4083853 -0.4107017
0.5714577  0.5809838   -0.408461 -0.410794
0.5715255  0.5809249   -0.4085009 -0.4107434
0.5715534  0.580919   -0.408493 -0.4107207
0.5716003  0.5808085   -0.4085907 -0.4107146
0.5715346  0.58087   -0.4085389 -0.4107704
0.5715469  0.5808549   -0.4085604 -0.4107534
0.5715636  0.5809141   -0.4084871 -0.4107194
0.571579  0.5809214   -0.4084697 -0.4107049
0.571689  0.5808695   -0.4084736 -0.4106215
0.5716633  0.5808613   -0.4084871 -0.4106551
0.5717721  0.5808331   -0.40848 -0.4105506
0.5717643  0.5808682   -0.4084466 -0.4105452
0.5716987  0.5808636   -0.4084751 -0.4106146
0.5716645  0.5808626   -0.408493 -0.4106459
0.5716286  0.5808732   -0.4084996 -0.4106744
0.5716741  0.5807753   -0.408589 -0.4106606
0.5716501  0.5806655   -0.408711 -0.4107275
0.5716752  0.5806673   -0.4087006 -0.4107006
0.5716497  0.580646   -0.4087279 -0.4107391
0.5716277  0.5805907   -0.4087906 -0.4107855
0.5716031  0.5806304   -0.4087525 -0.4108013
0.5717061  0.5807378   -0.4086068 -0.4106514
0.571686  0.5807011   -0.4086449 -0.4106931
0.5716209  0.5806845   -0.4086908 -0.4107615
0.571568  0.5807129   -0.4086799 -0.4108058
0.5715144  0.5806499   -0.4087618 -0.410888
0.5715514  0.5806639   -0.4087393 -0.4108391
0.5716011  0.5806491   -0.4087383 -0.4107919
0.5715415  0.580716   -0.4086833 -0.4108351
0.5714735  0.5806983   -0.4087267 -0.4109114
0.5714832  0.5806223   -0.4088051 -0.4109272
0.5714478  0.5805846   -0.4088543 -0.4109809
0.5714165  0.5805898   -0.4088597 -0.4110117
0.5715532  0.5805696   -0.4088343 -0.4108754
0.571559  0.580651   -0.4087406 -0.4108455
0.5715355  0.5807253   -0.4086697 -0.4108436
0.571613  0.5806558   -0.4086989 -0.410805
0.5715728  0.580689   -0.4086782 -0.4108346
0.5715484  0.5807618   -0.4086041 -0.4108393
