0.5813167  -0.6021321   -0.3916386 0.3822658
0.5902594  -0.610895   -0.377534 0.3686046
0.5987341  -0.6191325   -0.3635331 0.3550156
0.606687  -0.6269396   -0.3496099 0.3415416
0.6140873  -0.6342785   -0.3358772 0.3282896
0.6210757  -0.6410983   -0.3223632 0.3151826
0.6275606  -0.6475045   -0.3090589 0.3023049
0.6336114  -0.6534534   -0.2960126 0.2896754
0.6393341  -0.6588395   -0.2833609 0.2772884
0.6446288  -0.6638321   -0.2710079 0.2652079
0.6494454  -0.668525   -0.2589384 0.2534676
0.6538066  -0.6728992   -0.247227 0.2421205
0.6580427  -0.6767164   -0.2359218 0.2310317
0.6618585  -0.680256   -0.2250177 0.2203682
0.6652901  -0.6835892   -0.2144096 0.2100554
0.668477  -0.6866288   -0.2041365 0.2000192
0.6713558  -0.6893936   -0.1943088 0.1904262
0.6740061  -0.6919232   -0.1847834 0.181144
0.6764302  -0.6942056   -0.1756486 0.1722455
0.6786199  -0.696275   -0.1669311 0.163738
0.6807557  -0.6980475   -0.1585191 0.1554771
0.682618  -0.6997217   -0.1504658 0.1475881
0.6842725  -0.7012519   -0.1427988 0.1400904
0.6856783  -0.7027353   -0.1354228 0.132925
0.6870815  -0.703963   -0.1283555 0.1260161
0.6882952  -0.7050813   -0.1217371 0.1195411
0.6894532  -0.706082   -0.115273 0.113202
0.690442  -0.7070209   -0.1091456 0.1072305
0.6913726  -0.7078335   -0.1032955 0.1015168
0.6922446  -0.7085313   -0.09773545 0.09606516
0.6930091  -0.7091756   -0.09244353 0.09089852
0.6937029  -0.7097468   -0.08741803 0.08598753
0.6943357  -0.7102658   -0.0825811 0.0812455
0.6949359  -0.7106928   -0.07801765 0.0767666
0.6953955  -0.7111602   -0.07362978 0.07248981
0.6959051  -0.7114906   -0.06942988 0.06838568
0.6963464  -0.7117816   -0.06555183 0.06458817
0.6968119  -0.7119876   -0.06179197 0.0608968
0.6970934  -0.7122988   -0.05824933 0.05743238
0.6973884  -0.7125389   -0.05486159 0.05411089
0.6976997  -0.7127078   -0.05163765 0.05095368
0.6979676  -0.7128779   -0.04851541 0.04788109
0.6981989  -0.713028   -0.0456184 0.04503758
0.6984005  -0.7131762   -0.04278124 0.04226502
0.6985524  -0.7133321   -0.0401098 0.03966092
0.6987013  -0.7134464   -0.03769369 0.03728287
0.6988615  -0.7135238   -0.03537361 0.03499999
0.6989641  -0.7136378   -0.03309704 0.03278467
0.6991161  -0.7136799   -0.03092699 0.03067558
0.6992915  -0.7136858   -0.02878125 0.02855812
0.6993608  -0.7137598   -0.02693863 0.02675148
0.6994225  -0.7138385   -0.02500951 0.02484546
0.6994321  -0.713952   -0.02316921 0.02303082
0.6994422  -0.7140471   -0.02146299 0.02136807
0.6994802  -0.7141018   -0.01985619 0.01979436
0.6996272  -0.7140414   -0.01827864 0.01823443
0.6997319  -0.7140068   -0.01688828 0.01686081
0.6997874  -0.7140118   -0.01556968 0.01556802
0.6999438  -0.71391   -0.01433368 0.01434363
0.6999023  -0.713998   -0.01308462 0.01313556
0.6999077  -0.714031   -0.01198084 0.01206013
0.6999617  -0.714017   -0.01075295 0.01085477
0.6999813  -0.7140276   -0.009700504 0.009828843
0.7000325  -0.7140058   -0.00860528 0.008738068
0.6999486  -0.7141089   -0.007684254 0.007836282
0.7000471  -0.7140314   -0.006743409 0.006903983
0.7001236  -0.7139723   -0.005857275 0.006010766
0.7000814  -0.7140269   -0.00498658 0.005171473
0.7001483  -0.7139722   -0.004152273 0.004329831
0.7001345  -0.7139939   -0.003395977 0.003587565
0.7001265  -0.714008   -0.002687897 0.002892645
0.7000869  -0.7140515   -0.001981119 0.002206438
0.7000789  -0.7140625   -0.001356376 0.001607804
0.7000529  -0.71409   -0.0006727957 0.0009445274
0.7001215  -0.7140236   -1.292348E-05 0.0003116685
0.7001301  -0.714015   0.0005884963 -0.0002639137
0.7000532  -0.7140893   0.001151562 -0.0008171145
0.700062  -0.7140793   0.001532996 -0.001206846
0.7000994  -0.7140407   0.002015717 -0.001673279
0.7001054  -0.7140324   0.002405834 -0.002064191
0.7000653  -0.7140694   0.002771478 -0.002431736
0.7000794  -0.7140527   0.003128226 -0.002797647
0.700177  -0.7139537   0.003506896 -0.003154161
0.7001336  -0.7139923   0.003918522 -0.003574243
0.7001439  -0.7139788   0.004234352 -0.003884767
0.700098  -0.7140198   0.004563096 -0.004216281
0.7002215  -0.7138937   0.004946051 -0.004598896
0.7001166  -0.7139916   0.005310954 -0.004951429
0.7000803  -0.7140225   0.005633831 -0.005269517
0.7001127  -0.7139866   0.005897644 -0.005528888
0.7002525  -0.7138456   0.006134992 -0.005774598
0.7002566  -0.7138378   0.006349564 -0.006000697
0.7001933  -0.7138956   0.006588176 -0.006244402
0.700133  -0.7139508   0.006806806 -0.006467864
0.7000897  -0.7139896   0.006999698 -0.00665848
0.7000544  -0.7140206   0.007201812 -0.00682817
0.7000687  -0.7140024   0.007414323 -0.007036717
0.699973  -0.7140928   0.007593945 -0.007192757
0.7000256  -0.714038   0.007750151 -0.00733856
0.6999898  -0.7140706   0.00787343 -0.007453362
0.6998935  -0.7141594   0.008126528 -0.007704871
0.6997884  -0.7142622   0.00813194 -0.007713891
0.6997736  -0.7142738   0.008262252 -0.007850276
0.6998105  -0.7142346   0.008397805 -0.007982816
0.6998603  -0.7141815   0.008580485 -0.00816952
0.6997841  -0.7142513   0.008790963 -0.008370548
0.6997469  -0.7142872   0.008816591 -0.008390537
0.6997297  -0.7143009   0.008959113 -0.008501992
0.6997467  -0.7142831   0.00900967 -0.008544301
0.699754  -0.7142733   0.009113569 -0.008662066
0.6998018  -0.714224   0.009209035 -0.008763093
0.6998239  -0.7141993   0.009325858 -0.008885034
0.6998225  -0.7141985   0.009411449 -0.008969573
0.6997613  -0.7142566   0.009488414 -0.009040547
0.6997316  -0.7142844   0.009538421 -0.009083807
0.6996981  -0.7143182   0.009501699 -0.009048779
0.6997885  -0.7142278   0.009580337 -0.009109637
0.6998134  -0.7142017   0.009649464 -0.009169866
0.6997898  -0.7142228   0.009735198 -0.009233141
0.6997716  -0.7142414   0.00970324 -0.009203083
0.6997935  -0.7142208   0.009670215 -0.009170582
0.6997801  -0.7142313   0.009774101 -0.009273455
0.6997115  -0.7142954   0.009878261 -0.009393099
0.6997496  -0.7142561   0.009954562 -0.009467761
0.6997435  -0.7142609   0.009991718 -0.009512109
0.6997187  -0.7142834   0.0100571 -0.009577934
0.699736  -0.7142662   0.01006648 -0.009586683
0.6997328  -0.7142691   0.01008511 -0.009590992
0.6998378  -0.7141636   0.01017262 -0.009689664
0.6998778  -0.7141235   0.01020054 -0.009724477
0.6997778  -0.7142221   0.01017699 -0.009712523
0.6997925  -0.7142076   0.01018347 -0.00970397
0.6997449  -0.7142528   0.01023657 -0.009757444
0.6996652  -0.714331   0.01023892 -0.009748249
0.6996772  -0.7143193   0.01021833 -0.009765113
0.6996332  -0.714361   0.01027091 -0.009811383
0.6996856  -0.7143088   0.01030603 -0.009845586
0.6997177  -0.7142755   0.01037085 -0.009908968
0.6997535  -0.7142409   0.01035868 -0.009889509
0.6997549  -0.7142394   0.01035973 -0.009890674
0.6997434  -0.7142504   0.01036539 -0.00990407
0.6997439  -0.7142482   0.01043116 -0.009961204
0.6996875  -0.7143048   0.01039044 -0.009908629
0.6997242  -0.7142701   0.01034505 -0.009864029
0.6996561  -0.7143355   0.01039211 -0.009905485
0.6997566  -0.714236   0.01042689 -0.009944786
0.6998069  -0.7141865   0.01044437 -0.009946194
0.6997985  -0.7141937   0.01048717 -0.009974225
0.6997654  -0.7142237   0.01057279 -0.01005197
0.6997858  -0.7142023   0.01062166 -0.01010724
0.6997926  -0.7141953   0.01063571 -0.01011412
0.6997757  -0.7142093   0.01071502 -0.01020814
0.6997126  -0.7142699   0.0107627 -0.01024292
0.699729  -0.7142547   0.01073172 -0.01022043
0.6997584  -0.7142261   0.010707 -0.01023341
0.6999351  -0.7140512   0.01077442 -0.01028022
0.700008  -0.7139784   0.01081774 -0.01032143
0.7001794  -0.7138095   0.01084679 -0.01034584
0.7001411  -0.7138457   0.01089733 -0.0103896
0.7000972  -0.7138854   0.01101568 -0.01050068
0.7001931  -0.7137913   0.01101694 -0.01049995
0.7001469  -0.713838   0.01096909 -0.01046187
0.7001717  -0.7138142   0.01094408 -0.01044449
0.700229  -0.713757   0.01098167 -0.01047318
0.7002043  -0.7137799   0.01102705 -0.01051924
0.7001945  -0.7137893   0.01103026 -0.01053065
0.700124  -0.7138568   0.01107521 -0.0105924
0.7001136  -0.7138678   0.01104089 -0.01057486
0.6999719  -0.7140079   0.01099995 -0.01053949
0.7000043  -0.7139741   0.01106973 -0.01060749
0.6999223  -0.7140547   0.01106208 -0.01059606
0.6999739  -0.7140042   0.01105608 -0.01059744
0.6999363  -0.7140418   0.01103294 -0.0105771
0.7000433  -0.7139365   0.01105628 -0.01057418
0.6999753  -0.7140051   0.01099261 -0.01051367
0.7000117  -0.7139704   0.01095992 -0.0104749
0.6999256  -0.7140558   0.01092907 -0.01044067
0.6998543  -0.7141249   0.01095354 -0.01046729
0.699852  -0.7141268   0.01096667 -0.01048164
0.6998796  -0.714102   0.01088981 -0.01040629
0.69998  -0.7140048   0.01084957 -0.01036503
0.6999655  -0.7140208   0.01078467 -0.01031094
0.7000448  -0.7139437   0.01077012 -0.01028029
0.700084  -0.7139086   0.01065719 -0.01016274
0.7001046  -0.7138872   0.01070656 -0.01020362
0.7000653  -0.7139241   0.01076002 -0.01025793
0.7000142  -0.713976   0.01069906 -0.01020034
0.7000409  -0.7139505   0.01067037 -0.01017957
0.6999825  -0.7140076   0.01067204 -0.01019154
0.6999151  -0.7140706   0.01077548 -0.01028832
0.6999619  -0.7140245   0.01079187 -0.01029639
0.6999827  -0.7140008   0.01091001 -0.0103977
0.7000355  -0.7139486   0.01093081 -0.01040349
0.7000654  -0.7139205   0.01088322 -0.01037266
0.7001045  -0.7138829   0.0108549 -0.0103526
0.7001082  -0.7138815   0.01078174 -0.01027386
0.7000917  -0.7138987   0.01074544 -0.01023249
0.7000076  -0.7139803   0.01077863 -0.01026115
0.6999681  -0.7140175   0.01082538 -0.01032346
0.7000046  -0.7139813   0.01083477 -0.01033212
0.7000522  -0.7139345   0.01083252 -0.01034386
0.7000437  -0.7139403   0.01091573 -0.01044117
0.700101  -0.7138844   0.01089992 -0.0104324
0.7001378  -0.7138481   0.01091291 -0.01043683
0.7002847  -0.7137052   0.01087908 -0.01038539
0.7001588  -0.7138268   0.01094855 -0.01044354
0.7002091  -0.7137764   0.01097912 -0.01049489
0.7001876  -0.7138006   0.01087274 -0.01038413
0.7001698  -0.7138214   0.01075737 -0.01027923
0.7001617  -0.7138305   0.01071437 -0.01023821
0.700105  -0.713883   0.01082264 -0.01034714
0.7002504  -0.7137403   0.01082961 -0.01033629
0.7002596  -0.7137337   0.01075437 -0.01024868
0.7002359  -0.7137561   0.01077793 -0.01028076
0.7002515  -0.7137387   0.01084844 -0.01035121
0.7001702  -0.7138188   0.01083425 -0.01034007
0.7001051  -0.7138814   0.01087386 -0.01038962
0.7000809  -0.7139065   0.01083101 -0.01034222
0.700055  -0.7139326   0.01081569 -0.01031309
0.7000435  -0.7139451   0.01077708 -0.0102691
0.7000281  -0.7139601   0.0107806 -0.0102736
0.6999748  -0.7140146   0.0106991 -0.01020312
0.6998925  -0.7140926   0.01078826 -0.01028611
0.6999375  -0.7140478   0.01080739 -0.01031158
0.6999348  -0.7140511   0.01078708 -0.0102855
0.7000305  -0.7139565   0.01083248 -0.01030576
0.700109  -0.7138794   0.01082918 -0.01030856
0.7001358  -0.7138511   0.01090769 -0.01037104
0.7000992  -0.7138867   0.0109199 -0.01037738
0.7000633  -0.7139235   0.01086952 -0.01032236
0.7001576  -0.7138306   0.01088108 -0.0103327
0.700152  -0.7138376   0.01083494 -0.01028815
0.7001595  -0.7138286   0.01088516 -0.010338
0.7001229  -0.7138641   0.01090167 -0.01035653
0.7001533  -0.7138305   0.01102639 -0.01048603
0.7000697  -0.713913   0.0110122 -0.01046829
0.7000952  -0.7138892   0.01096176 -0.01042688
0.7000969  -0.7138883   0.01093511 -0.01040921
0.700151  -0.7138323   0.01102585 -0.01050495
0.7002125  -0.713774   0.01095822 -0.01043763
0.7001472  -0.7138374   0.01098051 -0.01046175
0.7001863  -0.7137977   0.01102202 -0.01051707
0.7001667  -0.7138155   0.0110767 -0.0105572
0.7000924  -0.7138872   0.01110819 -0.01059837
0.7001165  -0.7138653   0.01105954 -0.01053601
0.7001759  -0.713811   0.01092284 -0.01040829
0.7002038  -0.7137833   0.01093456 -0.01041984
0.7001976  -0.7137907   0.01088564 -0.01038085
0.7002466  -0.7137409   0.01093808 -0.0104397
0.7001156  -0.7138677   0.01099705 -0.01050239
0.7000951  -0.7138866   0.01103022 -0.01054343
0.700047  -0.7139352   0.01099112 -0.01048532
0.6999863  -0.7139968   0.01092026 -0.01041857
0.6999988  -0.7139832   0.01095933 -0.01047242
0.6999211  -0.7140586   0.01097998 -0.01050271
0.6999225  -0.7140583   0.01094409 -0.01046065
0.6999677  -0.7140152   0.01090504 -0.01041489
0.6999488  -0.7140329   0.0109347 -0.01044586
0.7000509  -0.713935   0.01086299 -0.01037332
0.7000832  -0.7139042   0.01083819 -0.01034173
0.7001305  -0.7138571   0.01086699 -0.0103621
0.7001499  -0.7138359   0.01094005 -0.01042653
0.7001704  -0.7138116   0.01109081 -0.01055929
0.7001157  -0.7138631   0.01115665 -0.01063406
0.7001203  -0.7138604   0.01109247 -0.0105731
0.7001433  -0.7138381   0.01108818 -0.01056092
0.7001665  -0.7138171   0.01104087 -0.01049987
0.7001716  -0.7138142   0.01096765 -0.01042853
0.700215  -0.7137709   0.01099018 -0.01045688
0.7002267  -0.7137617   0.01091364 -0.01038239
0.700165  -0.7138205   0.01096947 -0.01044045
0.7002455  -0.7137401   0.01101691 -0.01049307
0.7002461  -0.713738   0.01106092 -0.01054464
0.7002487  -0.7137386   0.0109501 -0.01044408
0.7001856  -0.7137986   0.01102325 -0.01049595
0.7001354  -0.71385   0.01095194 -0.01042806
0.700123  -0.713862   0.01095526 -0.01043272
0.7000379  -0.7139436   0.01101839 -0.01049006
0.7000234  -0.7139567   0.01104691 -0.01053477
0.6998649  -0.7141113   0.01107042 -0.01056308
0.6999402  -0.7140375   0.01107261 -0.01056379
0.6999723  -0.7140062   0.01106764 -0.01055855
0.7000344  -0.713946   0.01103785 -0.01054366
0.6999593  -0.7140201   0.01102275 -0.01052396
0.6999893  -0.7139886   0.01109213 -0.01059216
0.6999257  -0.7140514   0.01107464 -0.01058466
0.6998109  -0.714166   0.01100637 -0.01051451
0.6997829  -0.7141922   0.01104893 -0.01055846
0.6997344  -0.7142397   0.01104018 -0.01055984
0.6997481  -0.7142299   0.01092053 -0.01044331
0.6996046  -0.7143726   0.01084986 -0.01037156
0.6996378  -0.7143393   0.01088298 -0.01038082
0.6995955  -0.7143849   0.01074641 -0.01024174
0.6996331  -0.7143464   0.01080298 -0.01029724
0.6996405  -0.7143412   0.01073537 -0.01022368
0.6996344  -0.7143455   0.01080119 -0.01027447
0.6997448  -0.7142386   0.0107588 -0.0102299
0.699756  -0.7142266   0.01078702 -0.01027291
0.6997194  -0.7142618   0.01081334 -0.01029366
0.6996663  -0.7143119   0.01088618 -0.01034489
0.6997537  -0.7142231   0.0109938 -0.01045632
0.6997436  -0.714231   0.01106032 -0.01052221
0.699674  -0.7142957   0.01118239 -0.01062947
0.6996059  -0.7143624   0.01118571 -0.01062801
0.6996503  -0.7143183   0.01119869 -0.01065476
0.6997322  -0.7142394   0.01115409 -0.0106092
0.6997142  -0.7142585   0.01110225 -0.01055957
0.6997448  -0.7142271   0.01114925 -0.01061324
0.6997342  -0.7142382   0.011115 -0.01059581
0.6997209  -0.714251   0.01111866 -0.01060806
0.6996477  -0.7143218   0.01114802 -0.01064044
0.6996614  -0.7143066   0.01121458 -0.01069189
0.6996518  -0.7143173   0.01117613 -0.01063986
0.6998192  -0.7141521   0.01121324 -0.01068629
0.6997853  -0.7141905   0.01103222 -0.01052578
0.6998146  -0.7141613   0.01105206 -0.01054524
0.6999143  -0.714063   0.01106015 -0.01056581
0.6999066  -0.7140728   0.01099146 -0.01048481
0.6998773  -0.7141014   0.01099996 -0.01048748
0.6999445  -0.7140352   0.01101574 -0.01049445
0.6999784  -0.7140051   0.01091421 -0.01039508
0.6998714  -0.7141102   0.01090018 -0.01038524
0.6999438  -0.7140387   0.01091561 -0.01040663
0.6999519  -0.7140313   0.01090146 -0.01037876
0.6999638  -0.7140207   0.01086792 -0.01034622
0.6999865  -0.7140018   0.01075251 -0.01023336
0.7000106  -0.7139799   0.01070249 -0.01016965
0.6999313  -0.7140552   0.01078948 -0.01024351
0.699873  -0.7141104   0.0108533 -0.01030879
0.6998699  -0.7141138   0.01083714 -0.0103084
0.6999508  -0.7140384   0.01070677 -0.01017893
0.6999063  -0.7140813   0.01072937 -0.01019589
0.6999112  -0.7140761   0.01074417 -0.01021077
0.6998308  -0.7141554   0.01072478 -0.01019493
0.6998252  -0.7141619   0.01069097 -0.01016243
0.6998758  -0.7141119   0.01070798 -0.0101713
0.6998037  -0.7141798   0.01079603 -0.01027523
0.6998548  -0.7141274   0.01087823 -0.01034748
0.6998363  -0.7141446   0.01090739 -0.01038493
0.6998251  -0.7141578   0.01082874 -0.01030137
0.6998653  -0.7141176   0.01085204 -0.01033151
0.6998637  -0.7141182   0.01089918 -0.01034893
0.6998845  -0.7140939   0.011034 -0.01048106
0.6999193  -0.7140631   0.01092176 -0.01037066
0.6998874  -0.7140929   0.01097506 -0.0104245
0.6997623  -0.7142171   0.01091137 -0.01036692
0.6996729  -0.7143033   0.01096789 -0.01041078
0.6997243  -0.7142531   0.01097292 -0.01039283
0.6997144  -0.7142631   0.01095992 -0.01038919
0.6997806  -0.7141986   0.01094237 -0.01037846
0.6997062  -0.7142689   0.01103545 -0.01045791
0.6996247  -0.7143462   0.01112707 -0.01053615
0.6995708  -0.7143987   0.01113106 -0.01054941
0.6996092  -0.7143622   0.01109309 -0.01051245
0.6995201  -0.7144493   0.01110337 -0.01051803
0.6995455  -0.7144219   0.011194 -0.01059259
0.6995374  -0.7144293   0.01121245 -0.01061217
0.6994811  -0.714487   0.01113023 -0.01051957
0.6995091  -0.7144629   0.01102604 -0.01039497
0.6995647  -0.7144088   0.01102545 -0.01037892
0.6996596  -0.7143168   0.01100145 -0.01033893
0.6996849  -0.7142933   0.01096105 -0.010299
0.6997032  -0.7142766   0.01092192 -0.01026067
0.6997694  -0.7142103   0.01096704 -0.01030394
0.6998011  -0.7141781   0.01100293 -0.01033935
0.69978  -0.7141978   0.01103901 -0.01036854
0.6997585  -0.7142193   0.01102758 -0.01035965
0.699769  -0.71421   0.01099679 -0.01032287
0.6996924  -0.7142875   0.01091334 -0.01024368
0.6997353  -0.7142452   0.01092705 -0.01024901
0.6997672  -0.7142121   0.01098889 -0.01030899
0.6997672  -0.714215   0.01089562 -0.01021051
0.6998332  -0.7141492   0.01093488 -0.01024017
0.699809  -0.7141744   0.01088208 -0.01019819
0.6997947  -0.7141895   0.01084022 -0.01016579
0.69986  -0.7141271   0.01077885 -0.01011146
0.6999281  -0.7140574   0.01088141 -0.01021085
0.6999962  -0.7139912   0.01085721 -0.01020794
0.6999236  -0.7140635   0.01081885 -0.01016577
0.6999161  -0.7140676   0.01092983 -0.01026767
0.6999293  -0.7140518   0.01102519 -0.01036204
0.6998962  -0.7140854   0.010985 -0.01032507
0.6999405  -0.7140438   0.01093181 -0.01025812
0.7000046  -0.7139814   0.01091566 -0.01024079
0.7000934  -0.7138942   0.01092263 -0.01024606
0.7001477  -0.7138429   0.01085296 -0.01018459
0.7002046  -0.7137885   0.01081109 -0.0101276
0.7002937  -0.7137024   0.01077119 -0.0100792
0.700253  -0.7137427   0.01075851 -0.01006833
0.7002235  -0.7137718   0.0107484 -0.01007412
0.7002418  -0.7137543   0.01073102 -0.01005673
0.7002335  -0.7137593   0.01084267 -0.01016026
0.7001833  -0.7138074   0.01088461 -0.01018865
0.7001813  -0.713807   0.01096676 -0.01026294
0.7001345  -0.7138515   0.01101482 -0.01031228
0.7001845  -0.7138026   0.0110139 -0.0103032
0.7001986  -0.7137881   0.01104282 -0.01032384
0.7003154  -0.7136678   0.01122987 -0.01051246
0.7003118  -0.7136702   0.01127045 -0.01054568
0.7002754  -0.7137048   0.01130202 -0.01059262
0.7002887  -0.7136902   0.01134876 -0.01064527
0.7002487  -0.7137309   0.01129805 -0.01059713
0.7002599  -0.7137221   0.01122166 -0.01053766
0.700219  -0.7137616   0.01123391 -0.01055919
0.7001736  -0.7138057   0.01124484 -0.0105724
0.7001845  -0.7137925   0.01133159 -0.01065057
0.7001873  -0.7137915   0.01127527 -0.01059569
0.7001519  -0.7138271   0.0112403 -0.01057058
0.7002124  -0.7137672   0.01126613 -0.01059444
0.7002577  -0.7137253   0.01117485 -0.01051251
0.7002322  -0.7137524   0.01110235 -0.01044264
0.7002478  -0.7137339   0.01121619 -0.01054784
0.7001799  -0.713805   0.01106537 -0.01040189
0.7002833  -0.7137055   0.01100671 -0.01032739
0.7001705  -0.7138137   0.01108389 -0.01041515
0.7001322  -0.7138516   0.01107659 -0.01040272
0.7002081  -0.7137805   0.01095926 -0.01029366
0.7001982  -0.7137902   0.0109628 -0.01028992
0.7001893  -0.7138005   0.01091101 -0.01023294
0.7001486  -0.7138388   0.01096896 -0.01028469
0.7001691  -0.7138156   0.01106905 -0.01039099
0.7000907  -0.7138928   0.01106085 -0.01038573
0.7000726  -0.7139111   0.01104517 -0.01036369
0.6999767  -0.7140034   0.0111039 -0.01041696
0.7000604  -0.7139213   0.01111477 -0.01041111
0.700038  -0.7139432   0.01110952 -0.01042205
0.7000676  -0.7139161   0.01104673 -0.01035308
0.7000653  -0.7139189   0.01103025 -0.01033021
0.6999736  -0.7140103   0.0109903 -0.01027201
0.6999863  -0.713997   0.01102299 -0.01029712
0.6999022  -0.7140814   0.01095201 -0.01023095
0.6999284  -0.7140565   0.01092732 -0.01020815
0.6999648  -0.7140191   0.01098797 -0.01026778
0.699982  -0.7140012   0.01101477 -0.01030151
0.7000074  -0.7139758   0.01103258 -0.01032693
0.6999176  -0.7140624   0.01107778 -0.01037426
0.6998647  -0.7141107   0.0111971 -0.01048658
0.6998506  -0.7141252   0.01117361 -0.01046421
0.6998551  -0.7141196   0.01121795 -0.01050043
0.6998357  -0.7141365   0.01128864 -0.01056349
0.699878  -0.7140954   0.01127872 -0.01054617
0.6998809  -0.7140982   0.01109148 -0.01037068
0.6998744  -0.714103   0.01114734 -0.01041258
0.6999002  -0.7140756   0.01121421 -0.01048612
0.6999496  -0.7140266   0.0112348 -0.01050676
0.6999444  -0.7140285   0.01133988 -0.01060288
0.6999279  -0.7140461   0.01129101 -0.01056421
0.6998882  -0.7140859   0.01126012 -0.01053581
0.6999691  -0.714007   0.0112574 -0.01052409
0.6999985  -0.7139758   0.01133147 -0.01059712
0.6999441  -0.7140273   0.0113886 -0.01065551
0.6999437  -0.7140258   0.01145521 -0.01071508
0.6999658  -0.7140034   0.01147795 -0.01073683
0.69987  -0.7141004   0.01137583 -0.01064021
0.6999208  -0.7140529   0.01130359 -0.01056081
0.6999817  -0.7139946   0.01125905 -0.01051624
0.6999013  -0.7140736   0.01126654 -0.01049651
0.6999461  -0.7140295   0.011272 -0.01050201
0.7000096  -0.7139685   0.01123371 -0.0104552
