-0.3311431	-0.8965515	0.2941763
-0.3444317	-0.8891968	0.3011573
-0.332964	-0.9157484	0.2248107
-0.3048396	-0.9149587	0.2644306
-0.3330835	-0.911472	0.2414005
-0.3313586	-0.9056676	0.264514
-0.3458239	-0.9056618	0.2453216
-0.2867268	-0.9150351	0.2837223
-0.2853348	-0.9341896	0.2141818
-0.3285052	-0.9178883	0.2226329
-0.3373374	-0.9161991	0.2162931
-0.3217264	-0.914772	0.2443034
-0.3543	-0.9105996	0.2127905
-0.3390361	-0.9155591	0.2163471
-0.3346848	-0.9095765	0.2462861
-0.3203611	-0.9204204	0.2240422
-0.3137755	-0.916779	0.2471053
-0.3823048	-0.9030955	0.1956057
-0.3553712	-0.9104335	0.2117125
-0.3583713	-0.9055309	0.22712
-0.3238299	-0.9248961	0.1992521
-0.3189267	-0.9246879	0.207938
-0.3353265	-0.9259127	0.1739017
-0.326161	-0.9281522	0.179311
-0.3340734	-0.9133268	0.2328715
-0.334353	-0.9242657	0.1842307
-0.3560263	-0.9104992	0.2103249
-0.3644963	-0.9130237	0.1831127
-0.3454453	-0.9071246	0.2404006
-0.3557534	-0.9050677	0.233006
-0.3467771	-0.9183435	0.190764
-0.3413946	-0.9254682	0.1641897
-0.3689196	-0.9116173	0.1812519
-0.3482929	-0.918798	0.1857477
-0.3779918	-0.9133804	0.15119
-0.3615017	-0.903362	0.2307677
-0.3331904	-0.9283212	0.1649359
-0.3480275	-0.9169077	0.195339
-0.3469944	-0.9171568	0.1960059
-0.2972504	-0.9368939	0.1840438
-0.3947572	-0.9084719	0.1372788
-0.3404105	-0.9221054	0.1839627
-0.3780238	-0.9142686	0.1456398
-0.3481908	-0.9177057	0.1912575
-0.3116703	-0.9261398	0.2124303
-0.3519519	-0.9154688	0.1950561
-0.3425199	-0.9247105	0.1661048
-0.3495907	-0.9202948	0.1756246
-0.337573	-0.9331819	0.1233532
-0.3719658	-0.9132223	0.1663328
-0.3587618	-0.9157946	0.1805831
-0.3705694	-0.9111575	0.1801952
-0.3600728	-0.9203982	0.1523638
-0.3406651	-0.9231774	0.1780192
-0.3452194	-0.9230224	0.1698624
-0.3274541	-0.91754	0.2255972
-0.321075	-0.9316941	0.1698729
-0.337496	-0.9253092	0.1729145
-0.3549967	-0.9206194	0.1625954
-0.3550238	-0.9206715	0.1622405
-0.3327317	-0.9335179	0.133544
-0.3522761	-0.9230837	0.1543304
-0.3389829	-0.9277067	0.1563679
-0.3108627	-0.9318001	0.1873844
-0.3285982	-0.9279199	0.1760339
-0.3570656	-0.9229599	0.1436985
-0.3236516	-0.9363811	0.1357939
-0.3692918	-0.9095241	0.1907604
-0.3248955	-0.9301898	0.1708505
-0.3717128	-0.9139104	0.163087
-0.3602259	-0.9185751	0.1626558
-0.367545	-0.9069744	0.2056891
-0.355193	-0.9293311	0.1009044
-0.357597	-0.9167414	0.1780717
-0.3498248	-0.9214285	0.1690922
-0.3756993	-0.9116817	0.1663924
-0.354156	-0.9191043	0.1726872
-0.3425614	-0.925745	0.1601499
-0.3362054	-0.9318078	0.1367477
-0.3572291	-0.9230236	0.1428805
-0.3161124	-0.9322995	0.1757575
-0.3440608	-0.9191982	0.1915644
-0.3171329	-0.9344574	0.161914
-0.3622181	-0.9169043	0.1675844
-0.347719	-0.9257446	0.1486218
-0.3233913	-0.9366593	0.1344891
-0.345967	-0.9237596	0.1642406
-0.3144993	-0.9300787	0.1898524
-0.3385752	-0.9280483	0.1552195
-0.3593552	-0.9190077	0.1621379
-0.3022327	-0.9394675	0.1614189
-0.3094021	-0.9298501	0.1991207
-0.323846	-0.9278798	0.1848316
-0.3495699	-0.9190867	0.1818803
-0.3376	-0.925652	0.1708646
-0.3431064	-0.916418	0.2060491
-0.340541	-0.9295987	0.1409892
-0.3214205	-0.9326189	0.1640455
-0.3825161	-0.9073412	0.1743944
-0.3422984	-0.9237481	0.1718172
-0.3503051	-0.9254909	0.1440595
-0.3460959	-0.921349	0.1770129
-0.3514834	-0.9189097	0.1790655
-0.3731216	-0.9114981	0.1730649
-0.3432166	-0.9255702	0.1597562
-0.3312896	-0.9300191	0.1590968
-0.3322211	-0.923438	0.1920719
-0.3570176	-0.9186706	0.1690641
-0.3198172	-0.9364809	0.1439461
-0.326472	-0.9376495	0.1192868
-0.3459612	-0.927324	0.1427623
-0.3201877	-0.9358807	0.146994
-0.3613512	-0.9117832	0.1951327
-0.3491256	-0.9253144	0.1480024
-0.3448382	-0.918775	0.1921958
-0.3380873	-0.9315482	0.1338467
-0.3380334	-0.9232999	0.1823476
-0.3011414	-0.9379525	0.1719269
-0.3733701	-0.9083612	0.1883471
-0.3368899	-0.9296806	0.148994
-0.3444388	-0.9188646	0.1924829
-0.3326978	-0.92343	0.1912834
-0.3377045	-0.9234659	0.1821164
-0.3612108	-0.9205768	0.148544
-0.3671235	-0.9142364	0.171442
-0.3788207	-0.9068669	0.1846278
-0.3468071	-0.9210187	0.17734
-0.3508602	-0.9186262	0.1817224
-0.3651576	-0.9159629	0.1663487
-0.3532966	-0.9228338	0.1534902
-0.3431136	-0.9232854	0.1726764
-0.3352118	-0.927849	0.1634911
-0.3417167	-0.929444	0.1391529
-0.3286732	-0.9340251	0.139896
-0.3310961	-0.9299783	0.1597368
-0.3081322	-0.9271007	0.2133981
-0.3140409	-0.9272615	0.2038739
-0.3272057	-0.9319717	0.1560933
-0.3504508	-0.9188377	0.1814426
-0.3452727	-0.9273329	0.1443626
-0.3487696	-0.9252146	0.1494585
-0.3086209	-0.9270126	0.2130747
-0.3638191	-0.9140541	0.1792787
-0.3614884	-0.9206657	0.1473117
-0.3556282	-0.918854	0.1709849
-0.3507455	-0.927215	0.1313392
-0.333822	-0.9185922	0.2115447
-0.3372619	-0.9235747	0.1823845
-0.3166724	-0.9323121	0.1746794
-0.3349115	-0.9279875	0.1633207
-0.3298903	-0.9354857	0.1266449
-0.3504469	-0.9189938	0.1806583
-0.3546218	-0.9165342	0.1849549
-0.3428701	-0.9311967	0.1237447
-0.3259485	-0.9302187	0.1686738
-0.3501717	-0.9191314	0.1804917
-0.3213481	-0.9230194	0.2115904
-0.3861419	-0.9062454	0.1720863
-0.3411153	-0.9294934	0.1402935
-0.3609792	-0.9146698	0.1818609
-0.3664009	-0.9202327	0.1375585
-0.3643023	-0.9097507	0.1990921
-0.3599581	-0.9189132	0.1613342
-0.3261621	-0.9235058	0.2018795
-0.3255275	-0.9306712	0.1669822
-0.3243187	-0.9359743	0.1370018
-0.3095049	-0.9300372	0.1980845
-0.3604554	-0.9123321	0.194222
-0.3286286	-0.9284494	0.1731619
-0.3496163	-0.9194036	0.1801817
-0.3751785	-0.9121628	0.1649247
-0.3592808	-0.9247347	0.1256309
-0.3714393	-0.9159842	0.1516765
-0.3497463	-0.9255762	0.1448658
-0.324744	-0.9360666	0.135354
-0.3063849	-0.9320366	0.1934842
-0.3553582	-0.9189872	0.1708307
-0.3547788	-0.9189811	0.1720632
-0.3584579	-0.9227661	0.1414592
-0.3261164	-0.9301903	0.1685058
-0.3463256	-0.9213538	0.1765386
-0.3369665	-0.9235704	0.1829517
-0.3338238	-0.933708	0.1294263
-0.3433166	-0.9235746	0.1707155
-0.3430662	-0.9166109	0.2052562
-0.3496869	-0.9191083	0.181546
-0.3401053	-0.9188709	0.2000118
-0.3360226	-0.9301918	0.1477572
-0.3723373	-0.9141833	0.1601057
-0.3241454	-0.9282153	0.1826093
-0.3278386	-0.9259744	0.1873323
-0.3718542	-0.9179571	0.1381275
-0.3549159	-0.9192228	0.1704822
-0.3416544	-0.9299245	0.1360615
-0.349044	-0.9166923	0.1945345
-0.3546982	-0.9250907	0.1356329
-0.3374342	-0.9238011	0.1809132
-0.3671643	-0.9167705	0.1572329
-0.3336	-0.9262158	0.1755999
-0.3335045	-0.9338731	0.129058
-0.3647856	-0.918739	0.151163
-0.3360865	-0.9302199	0.1474342
-0.3565657	-0.9212124	0.1556555
-0.3301185	-0.9212713	0.2056229
-0.3712931	-0.9143966	0.1613081
-0.3519888	-0.9215382	0.1639247
-0.3477953	-0.9239038	0.1595003
-0.3380008	-0.9262645	0.166702
-0.3109094	-0.9326743	0.1829037
-0.3527158	-0.9144163	0.198581
-0.3471745	-0.9238236	0.1613064
-0.3699889	-0.9098567	0.1878005
-0.3640801	-0.9167627	0.1642922
-0.3554395	-0.9192422	0.1692824
-0.3720311	-0.9143039	0.1601292
-0.3545587	-0.9270363	0.1220312
-0.3271697	-0.9262602	0.1870885
-0.3501697	-0.9218074	0.1662897
-0.3622538	-0.9227969	0.1312172
-0.381134	-0.9136312	0.1414742
-0.3260666	-0.923618	0.2015201
-0.337056	-0.9238682	0.1812749
-0.3625123	-0.9145779	0.1792544
-0.3382489	-0.9261076	0.1670704
-0.3584219	-0.9169839	0.1751406
-0.3385407	-0.9260212	0.1669582
-0.3256145	-0.9302067	0.1693828
-0.3533099	-0.9252247	0.1383165
-0.3283992	-0.9260932	0.1857566
-0.3455082	-0.9278576	0.1403721
-0.3651924	-0.9187841	0.149901
-0.3429692	-0.9238502	0.1699204
-0.3488069	-0.9170011	0.1935008
-0.3208162	-0.930403	0.1772777
-0.3511433	-0.9118754	0.2125597
-0.3041471	-0.9367802	0.1730246
-0.3484494	-0.9237379	0.1590327
-0.361307	-0.9123818	0.1923976
-0.3235391	-0.9345193	0.1483114
-0.3762307	-0.9023303	0.2103579
-0.331165	-0.9304104	0.1570555
-0.3296229	-0.9283858	0.1716062
-0.341567	-0.9216537	0.1840824
-0.3424293	-0.9170632	0.2042968
-0.3438581	-0.926021	0.1557137
-0.3110065	-0.9383195	0.1511007
-0.3190013	-0.928026	0.1923689
-0.3209675	-0.923456	0.2102592
-0.3295505	-0.9216045	0.2050403
-0.3556738	-0.9193662	0.1681131
-0.3529319	-0.923651	0.1493581
-0.3682907	-0.9221115	0.1186267
-0.3643638	-0.9190016	0.1505824
-0.3779162	-0.9139017	0.1481991
-0.3572769	-0.9174054	0.1752732
-0.3725985	-0.9120071	0.1715031
-0.3456305	-0.9218697	0.1752023
-0.3655684	-0.9125588	0.183292
-0.3383392	-0.9264328	0.1650721
-0.3223611	-0.9262409	0.1953484
-0.3278719	-0.9346051	0.1378883
-0.3353242	-0.9302899	0.1487225
-0.3494911	-0.9195228	0.1798161
-0.339892	-0.9285455	0.149254
-0.349223	-0.9195976	0.1799542
-0.3519958	-0.9173867	0.1857432
-0.2995059	-0.9322891	0.2028129
-0.3088029	-0.9366142	0.1655129
-0.3199947	-0.9305626	0.1779237
-0.3702684	-0.9126258	0.1732493
-0.3605203	-0.9192664	0.1580323
-0.3450988	-0.9297191	0.1285664
-0.3437981	-0.9198577	0.1888513
-0.3160715	-0.9328641	0.1728101
-0.3479832	-0.9174322	0.1929396
-0.3746324	-0.9102143	0.1765233
-0.3380155	-0.9265801	0.1649091
-0.3453078	-0.9221714	0.1742485
-0.336501	-0.9323214	0.1324527
-0.3926583	-0.9021131	0.1789171
-0.3515247	-0.9219239	0.1627478
-0.3673902	-0.9170797	0.1548849
-0.328632	-0.9289437	0.1704831
-0.3177064	-0.9288536	0.1905088
-0.3336938	-0.9287864	0.1612588
-0.3532853	-0.9173232	0.1835962
-0.325005	-0.9311581	0.1652767
-0.3743714	-0.9059106	0.1979195
-0.3348689	-0.9303942	0.1490953
-0.3770095	-0.9078624	0.1834387
-0.3408726	-0.9241168	0.1726676
-0.3413406	-0.9241587	0.1715147
-0.3557125	-0.9151236	0.1897829
-0.339869	-0.9300521	0.1396141
-0.3300235	-0.930813	0.1570722
-0.3584684	-0.9144588	0.1877907
-0.3233189	-0.9283444	0.1834165
-0.2675478	-0.9462739	0.1816144
-0.3022891	-0.9271114	0.221553
-0.3740544	-0.9100698	0.1784827
-0.3642145	-0.9168605	0.163446
-0.3273838	-0.9189717	0.2197974
-0.3117259	-0.9421871	0.1229243
-0.3518929	-0.9237971	0.1508979
-0.3259447	-0.9330766	0.1520795
-0.3321972	-0.9264602	0.1769644
-0.3309421	-0.9323778	0.1454265
-0.3163114	-0.9258677	0.2066788
-0.3404528	-0.9142377	0.2196846
-0.3231437	-0.9284904	0.1829857
-0.3590146	-0.9192805	0.1613441
-0.3487375	-0.9168591	0.1942977
-0.3416475	-0.9239629	0.1719578
-0.3235585	-0.9284406	0.1825047
-0.3500614	-0.9193519	0.1795804
-0.3392057	-0.9281653	0.1531292
-0.3510992	-0.9147899	0.1997217
-0.3451908	-0.9216251	0.1773428
-0.344485	-0.9117996	0.2234987
-0.3529198	-0.9234538	0.1506009
-0.3089506	-0.9367465	0.1644856
-0.3307422	-0.9305699	0.157001
-0.3623221	-0.9075086	0.2124878
-0.3606128	-0.9190342	0.1591678
-0.3355765	-0.9301856	0.1488056
-0.3474473	-0.9172914	0.1945686
-0.3665234	-0.9147321	0.1700764
-0.3300645	-0.9214582	0.204871
-0.3347851	-0.928565	0.1602686
-0.3327283	-0.9261894	0.1773839
-0.3447587	-0.9277708	0.1427685
-0.3474209	-0.9237306	0.1613084
-0.3028026	-0.9373147	0.1724871
-0.3551531	-0.9191194	0.1705454
-0.3308425	-0.9302016	0.1589601
-0.3333401	-0.9259726	0.1773666
-0.3080669	-0.9340624	0.1806164
-0.3254506	-0.9303758	0.1687687
-0.3209241	-0.9231064	0.2118542
-0.3474383	-0.923633	0.1618287
-0.3204359	-0.9301184	0.1794453
-0.3622362	-0.9208948	0.1440061
-0.3757108	-0.9023291	0.2112902
-0.32788	-0.9259574	0.1873438
-0.3068342	-0.934979	0.177952
-0.3431	-0.9258754	0.1582319
-0.3611727	-0.9209035	0.1465979
-0.3402612	-0.9282101	0.1504937
-0.3234856	-0.9282486	0.1836074
-0.3368609	-0.9260495	0.170168
-0.3544206	-0.9193071	0.1710569
-0.3461215	-0.9215035	0.1761564
-0.3554391	-0.9190201	0.1704849
-0.3370989	-0.9319624	0.1334557
-0.34945	-0.9192848	0.1811078
-0.3409631	-0.9297999	0.1386232
-0.3190821	-0.9362687	0.146927
-0.3377507	-0.925782	0.1698593
-0.3034131	-0.9365268	0.1756647
-0.3442861	-0.9192854	0.1907392
-0.3278684	-0.9185467	0.2208489
-0.3435926	-0.9191949	0.1924183
-0.3367538	-0.9315382	0.137235
-0.3335865	-0.9187747	0.2111235
-0.3492088	-0.9192557	0.1817197
-0.3405555	-0.914164	0.2198322
-0.3452882	-0.9145943	0.2104598
-0.3253765	-0.9380435	0.1191832
-0.3426244	-0.9258186	0.1595887
-0.3635812	-0.9165904	0.1663455
-0.32624	-0.9318028	0.159094
-0.3237299	-0.9280878	0.183989
-0.3426366	-0.9258825	0.1591911
-0.3272963	-0.9260745	0.1877851
-0.3725627	-0.9075494	0.1937812
-0.3496199	-0.9215896	0.1686374
-0.3471921	-0.9254895	0.151416
-0.3563206	-0.9145792	0.1912607
-0.3672672	-0.9040174	0.2187863
-0.3564452	-0.9144999	0.1914077
-0.3482583	-0.9253173	0.1500142
-0.3540214	-0.9165925	0.1858142
-0.3486508	-0.9253671	0.1487902
-0.3330229	-0.9257607	0.1790607
-0.3521346	-0.9140527	0.2012682
-0.3635076	-0.9222958	0.1312729
-0.3530915	-0.9093115	0.2201796
-0.3290863	-0.9277785	0.1758673
-0.3661627	-0.9075942	0.2054208
-0.3445287	-0.9275154	0.144966
-0.3124479	-0.9345476	0.1702854
-0.3666948	-0.9117384	0.185116
-0.3690622	-0.9161394	0.1564663
-0.3490163	-0.9192647	0.182044
-0.3761175	-0.9174194	0.1299127
-0.339488	-0.9279175	0.1540027
-0.2911012	-0.9477427	0.1305526
-0.3665262	-0.911907	0.1846192
-0.3290504	-0.928306	0.1731292
-0.3683507	-0.9036905	0.2183149
-0.3414714	-0.9236919	0.1737546
-0.3613968	-0.9187063	0.1592834
-0.3424499	-0.9238013	0.1712291
-0.3775824	-0.9074389	0.1843538
-0.3547896	-0.9190214	0.1718253
-0.3137426	-0.9367082	0.1553815
-0.3404087	-0.9215525	0.1867156
-0.340451	-0.9297445	0.1402437
-0.3448681	-0.9217018	0.1775717
-0.3509196	-0.9215598	0.1660816
-0.3277992	-0.9344382	0.1391865
-0.3498576	-0.9193128	0.1801769
-0.3474511	-0.9256812	0.1496403
-0.3415728	-0.9316106	0.124216
-0.3390251	-0.9281336	0.1537201
-0.3509353	-0.9214628	0.1665857
-0.3188331	-0.9203717	0.22641
-0.3331231	-0.9188957	0.2113281
-0.3381735	-0.9193469	0.2010971
-0.3675716	-0.9074981	0.2033183
-0.3436999	-0.9277649	0.1453366
-0.3133674	-0.9276357	0.2032062
-0.3468618	-0.9171445	0.1962978
-0.3486525	-0.916782	0.1948135
-0.3412111	-0.9214303	0.1858527
-0.3364251	-0.9301932	0.1468288
-0.3787876	-0.9152746	0.137085
-0.351691	-0.9212439	0.1662021
-0.3564861	-0.9210629	0.1567191
-0.3431132	-0.916545	0.205472
-0.3388844	-0.925883	0.1670271
-0.3578144	-0.9142491	0.1900456
-0.3736052	-0.9137225	0.1597826
-0.3442043	-0.9191501	0.1915372
-0.3382268	-0.9259273	0.1681113
-0.3672993	-0.914427	0.170043
-0.283593	-0.9413936	0.1826286
-0.3102115	-0.9386299	0.1508063
-0.3305936	-0.9302635	0.1591157
-0.3430507	-0.9258704	0.1583676
-0.3411609	-0.9238334	0.173612
-0.3886206	-0.9042346	0.1770137
-0.3224686	-0.9258158	0.197178
-0.3364414	-0.9238181	0.1826673
-0.3178234	-0.9349318	0.1577677
-0.3255596	-0.930452	0.1681372
-0.3460782	-0.9214779	0.1763755
-0.3614799	-0.9208022	0.146477
-0.3469307	-0.9236302	0.1629302
-0.3113363	-0.9411442	0.131595
-0.30682	-0.9406677	0.1449332
-0.3126316	-0.9349174	0.1679016
-0.3553076	-0.9211342	0.1589596
-0.3207243	-0.9300452	0.1793094
-0.368556	-0.9070836	0.2033862
-0.3889692	-0.9040116	0.1773864
-0.3325988	-0.9158513	0.2249318
-0.2979042	-0.9335999	0.1991083
-0.3446779	-0.9191362	0.1907511
-0.3625897	-0.9207135	0.1442757
-0.3674955	-0.9144206	0.1696527
-0.325601	-0.9304281	0.1681893
-0.387188	-0.904718	0.1776814
-0.3332327	-0.9261211	0.1767925
-0.3627337	-0.9145101	0.1791528
-0.3370039	-0.9238391	0.1815202
-0.324232	-0.9283305	0.1818687
-0.3399759	-0.9279762	0.1525664
-0.3389143	-0.9260697	0.1659279
-0.3586505	-0.9168451	0.1753988
-0.3715394	-0.9092242	0.1878027
-0.3596529	-0.9166304	0.174466
-0.3816827	-0.91137	0.1540228
-0.3703472	-0.9095976	0.1883488
-0.3389907	-0.9260363	0.165958
-0.3297758	-0.9356402	0.1257985
-0.3170089	-0.9321306	0.1750368
-0.3258299	-0.9299417	0.1704207
-0.3299821	-0.9211965	0.206177
-0.3408976	-0.9214635	0.1862623
-0.2820902	-0.9421425	0.1810871
-0.341518	-0.9235592	0.1743665
-0.3184718	-0.9340686	0.161529
-0.3281646	-0.9259082	0.1870887
-0.3250657	-0.9207898	0.2155886
-0.3621115	-0.9118536	0.1933863
-0.329394	-0.9281904	0.1730965
-0.3605831	-0.9209504	0.1477508
-0.3207863	-0.9233605	0.2109537
-0.3409483	-0.9142929	0.2186842
-0.3388731	-0.9194047	0.1996498
-0.3502589	-0.919448	0.1787015
-0.3419658	-0.9240651	0.1707722
-0.3732621	-0.9141166	0.1583232
-0.3488605	-0.9256738	0.1463707
-0.3657165	-0.9148363	0.171248
-0.317573	-0.925342	0.2070979
-0.3450701	-0.9214848	0.178304
-0.3228427	-0.9257517	0.1968662
-0.3554642	-0.9189153	0.1709969
-0.3326426	-0.9319503	0.144283
-0.3314759	-0.9301594	0.157883
-0.3743259	-0.9096126	0.1802362
-0.320798	-0.9300775	0.17901
-0.3353837	-0.9212263	0.1971291
-0.3392687	-0.9260045	0.1655666
-0.3534817	-0.9232434	0.1505731
-0.364352	-0.9186318	0.1528505
-0.3401444	-0.927892	0.1527027
-0.3512045	-0.921402	0.1663545
-0.3413248	-0.9141615	0.2186462
-0.3513018	-0.9214116	0.1660959
-0.3661111	-0.9122251	0.1838693
-0.3334352	-0.9259685	0.1772099
-0.3569787	-0.9211562	0.1550407
-0.3282812	-0.9260451	0.1862042
-0.3334213	-0.9261066	0.1765125
-0.3593814	-0.9167767	0.1742568
-0.3271075	-0.9325112	0.1530476
-0.3330255	-0.9259799	0.1779189
-0.3513205	-0.9214195	0.1660124
-0.3657466	-0.918571	0.1498557
-0.3537612	-0.9252371	0.1370741
-0.3748449	-0.9158068	0.1441841
-0.3514424	-0.9213935	0.1658983
-0.3394938	-0.9280653	0.1530971
-0.3655364	-0.9122934	0.1846718
-0.3216438	-0.9395881	0.1171309
-0.3628482	-0.9168984	0.1662486
-0.3424118	-0.9259257	0.1594229
-0.3511207	-0.9147236	0.1999873
-0.3361285	-0.9239421	0.1826159
-0.3416006	-0.9240246	0.1717192
-0.3438309	-0.9194824	0.1906109
-0.3728043	-0.9141389	0.1592703
-0.3650768	-0.9187289	0.1505195
-0.337188	-0.925907	0.1702952
-0.3456657	-0.9146096	0.2097728
-0.3130794	-0.9279928	0.2020161
-0.3497811	-0.9193509	0.1801307
-0.3125735	-0.9346418	0.1695366
-0.3161753	-0.9325369	0.1743791
-0.328582	-0.9283752	0.1736476
-0.3371466	-0.9332837	0.1237479
-0.3209496	-0.9330005	0.1627928
-0.3087689	-0.9365345	0.166027
-0.3789667	-0.9136293	0.1471926
-0.3501306	-0.921759	0.1666403
-0.3217312	-0.9260921	0.197085
-0.3443687	-0.9280963	0.141589
-0.328397	-0.9283465	0.17415
-0.3475721	-0.9258267	0.1484545
-0.3650263	-0.9188431	0.1499441
-0.3421333	-0.9240499	0.1705188
-0.3351791	-0.9302309	0.149417
-0.3427333	-0.9260655	0.1579137
-0.3840434	-0.9094498	0.1594102
-0.3577283	-0.9231204	0.1409936
-0.3535454	-0.9251666	0.1381027
-0.3758998	-0.9093285	0.1783846
-0.3377452	-0.9259694	0.1688457
-0.3395275	-0.9280868	0.1528919
-0.3580411	-0.9170302	0.175676
-0.3748759	-0.9096429	0.1789351
-0.35226	-0.9144174	0.1993832
-0.3345009	-0.928063	0.1637315
-0.3271263	-0.9322741	0.1544457
-0.3365057	-0.9238217	0.1825306
-0.3634252	-0.9206362	0.1426578
-0.3380894	-0.9259926	0.1680274
-0.3847753	-0.9091991	0.1590749
-0.3583086	-0.9229733	0.1404826
-0.3311242	-0.930299	0.1577993
-0.3458537	-0.9237121	0.164746
-0.318098	-0.9348862	0.1574845
-0.3617657	-0.9208353	0.1455604
-0.330108	-0.9213287	0.2053834
-0.373325	-0.911602	0.1720759
-0.3409985	-0.9142639	0.2187274
-0.325728	-0.9308147	0.1657868
-0.3364602	-0.9303531	0.1457316
-0.3645072	-0.9165494	0.1645352
-0.3568249	-0.9211147	0.15564
-0.3690636	-0.9217149	0.1193051
-0.3584712	-0.9169858	0.1750299
-0.3259013	-0.9306695	0.1662608
-0.3265191	-0.923566	0.2010252
-0.3740327	-0.9138498	0.1580445
-0.3569815	-0.9211186	0.1552572
-0.3647554	-0.9164759	0.1643943
-0.3655252	-0.9185216	0.1506964
-0.3287301	-0.9259665	0.1858026
-0.3656024	-0.918532	0.1504459
-0.3740532	-0.9138713	0.1578715
-0.3512244	-0.9190811	0.1786939
-0.35481	-0.9249371	0.1363865
-0.3399686	-0.9191145	0.1991227
-0.3496609	-0.9254374	0.1459553
-0.3346916	-0.9279646	0.1639004
-0.3569114	-0.9211044	0.1555024
-0.3628071	-0.92064	0.1441982
-0.3325284	-0.9236487	0.19052
-0.341422	-0.92141	0.1855652
-0.3439178	-0.9256103	0.158007
-0.384683	-0.9066829	0.173047
-0.3435877	-0.9165393	0.2047032
-0.3564463	-0.9209704	0.1573515
-0.3664573	-0.9120641	0.1839781
-0.3535824	-0.9232976	0.1500029
-0.329897	-0.9283129	0.1714734
-0.3565671	-0.9210629	0.1565347
-0.3232511	-0.9257878	0.1960248
-0.366254	-0.9123292	0.1830663
-0.3624808	-0.9208878	0.1434346
-0.3607641	-0.9190348	0.1588213
-0.3418331	-0.9239781	0.1715072
-0.3209965	-0.9233643	0.2106167
-0.3330333	-0.926101	0.177273
-0.3550274	-0.9192907	0.1698826
-0.3294926	-0.9284759	0.1713682
-0.3753399	-0.9097165	0.1775828
-0.3339041	-0.9190927	0.2092284
-0.3513231	-0.9216612	0.1646592
-0.3380877	-0.92627	0.1664954
-0.3156538	-0.9382344	0.1416999
-0.3751719	-0.9158558	0.1430181
-0.3500039	-0.9122671	0.2127581
-0.3048451	-0.9296418	0.2069675
-0.3127796	-0.9347711	0.16844
-0.3295099	-0.9282684	0.1724564
-0.3409141	-0.9216511	0.1853018
-0.3483215	-0.9169662	0.1945379
-0.3634714	-0.9143898	0.1782693
-0.3284434	-0.9346362	0.1363085
-0.3471707	-0.9238359	0.161244
-0.3565684	-0.914848	0.1895055
-0.2964618	-0.9405003	0.1660411
-0.3257678	-0.9238248	0.201055
-0.358753	-0.9170458	0.1741359
-0.3160062	-0.9330393	0.1719823
-0.3662706	-0.9148225	0.1701349
-0.3613611	-0.9209654	0.1457419
-0.3437559	-0.9260095	0.1560075
-0.3753289	-0.9121301	0.1647632
-0.3506089	-0.9216622	0.1661695
-0.3506879	-0.9216291	0.1661863
-0.3454577	-0.9148392	0.2091129
-0.3129642	-0.9345121	0.1695311
-0.3495192	-0.9192736	0.1810315
-0.3752107	-0.9095466	0.1787232
-0.3657826	-0.9185083	0.1501519
-0.3472799	-0.9237018	0.1617759
-0.347007	-0.9295833	0.1243427
-0.3359166	-0.9302306	0.1477537
-0.3318092	-0.9322739	0.144111
-0.3491113	-0.9193814	0.1812706
-0.3464586	-0.9237799	0.163086
-0.3502325	-0.9216707	0.1669143
-0.3313764	-0.9321924	0.145626
-0.3418822	-0.9315957	0.1234744
-0.3119867	-0.9350537	0.1683415
-0.3453129	-0.9112863	0.2243129
-0.3436415	-0.9193863	0.191414
-0.3551739	-0.9213603	0.1579455
-0.3248551	-0.9305973	0.1686946
-0.3457089	-0.9216844	0.1760204
-0.3821337	-0.9112381	0.1536849
-0.3482749	-0.9257122	0.1475182
-0.3391486	-0.9281747	0.1531986
-0.33946	-0.9283237	0.1515981
-0.3324369	-0.9263148	0.1772751
-0.3550114	-0.9192913	0.1699131
-0.3265117	-0.9327843	0.1526547
-0.3360716	-0.9239277	0.1827933
-0.3285423	-0.9283651	0.1737764
-0.3557392	-0.9191568	0.1691158
-0.3156596	-0.9326579	0.1746661
-0.3378451	-0.9262489	0.1671038
-0.3519596	-0.9172777	0.186349
-0.3491315	-0.9194299	0.1809859
-0.3551019	-0.9214531	0.1575654
-0.3552037	-0.9213714	0.1578135
-0.3284646	-0.9282168	0.1747132
-0.3420968	-0.9240298	0.1707011
-0.3411469	-0.9240333	0.1725725
-0.3323359	-0.9262116	0.1780026
-0.3219646	-0.9260139	0.197071
-0.3014958	-0.9403883	0.157385
-0.3653045	-0.9124637	0.1842889
-0.3478008	-0.9240055	0.1588977
-0.3338777	-0.9285662	0.1621438
-0.34747	-0.923874	0.1603795
-0.3263685	-0.9325131	0.1546061
-0.3684154	-0.9166014	0.1552806
-0.3452969	-0.9217605	0.1764302
-0.3325141	-0.9263154	0.1771271
-0.3654552	-0.9171047	0.1592531
-0.3444574	-0.928039	0.1417488
-0.3425372	-0.9260777	0.1582673
-0.3679676	-0.9143478	0.1690207
-0.3603365	-0.9190298	0.1598179
-0.3379947	-0.9263579	0.1661948
-0.3143486	-0.930477	0.1881426
-0.3592031	-0.9192874	0.1608845
-0.3384488	-0.9194999	0.1999308
-0.3698993	-0.9203098	0.1272967
-0.3320516	-0.9265293	0.1768762
-0.3919688	-0.8977203	0.2011435
-0.3234478	-0.928381	0.1830035
-0.3440788	-0.9194481	0.1903287
-0.3636923	-0.9068139	0.2131115
-0.3234932	-0.9282871	0.1833991
-0.3303432	-0.9305269	0.1580921
-0.3492837	-0.9192724	0.1814913
-0.3148193	-0.9384316	0.1422496
-0.3564432	-0.9212065	0.1559708
-0.3425196	-0.925846	0.1596546
-0.3161373	-0.9321729	0.1763828
-0.3298712	-0.9298791	0.1628178
-0.3609846	-0.9118267	0.1956069
-0.3543237	-0.9190605	0.1725763
-0.3432814	-0.9257541	0.1585479
-0.3602347	-0.9187426	0.1616878
-0.3415902	-0.9237813	0.173044
-0.3585394	-0.9167376	0.1761864
-0.3837257	-0.9067373	0.1748777
-0.3408051	-0.9212539	0.1874648
-0.3468818	-0.9235505	0.1634849
-0.3651732	-0.9121587	0.186051
-0.3223893	-0.9344105	0.1514673
-0.3579586	-0.9167238	0.1774347
-0.3459672	-0.9141359	0.2113346
-0.317266	-0.9347358	0.1600349
-0.3619328	-0.9143326	0.1816604
-0.3763426	-0.9138434	0.1525009
-0.3559344	-0.921124	0.1576116
-0.3509062	-0.9213481	0.1672797
-0.3470359	-0.9169098	0.1970852
-0.3199424	-0.9304574	0.1785663
-0.3637595	-0.90648	0.2144135
-0.3846852	-0.8993174	0.2079552
-0.3608815	-0.9207713	0.1481373
-0.3763528	-0.9138174	0.1526313
-0.3619247	-0.9144154	0.18126
-0.3400694	-0.9281938	0.1510268
-0.3464676	-0.9236124	0.1640128
-0.3366237	-0.9166425	0.2155251
-0.3304911	-0.9304812	0.1580518
-0.3521407	-0.9234309	0.1525523
-0.3478385	-0.923719	0.1604731
-0.350685	-0.9149396	0.1997634
-0.3598948	-0.9189888	0.1610447
-0.3639477	-0.9166718	0.1650907
-0.3664567	-0.9119605	0.1844922
-0.3388768	-0.928	0.1548497
-0.3616994	-0.9186599	0.1588639
-0.3525099	-0.923191	0.1531504
-0.3518183	-0.923208	0.1546315
-0.3672639	-0.9142832	0.1708904
-0.3322052	-0.9322329	0.1434626
-0.3754426	-0.911813	0.1662522
-0.3471946	-0.9168568	0.1970521
-0.3025884	-0.933862	0.1906357
-0.308579	-0.927045	0.2129945
-0.3258656	-0.930042	0.1698041
-0.3578133	-0.9168011	0.1773287
-0.3231212	-0.9340512	0.1521218
-0.3731751	-0.9030048	0.2128915
-0.3250683	-0.9302815	0.1700203
-0.3589399	-0.9167281	0.1754187
-0.318399	-0.927986	0.1935561
-0.3841884	-0.9093004	0.1599122
-0.3403734	-0.9282652	0.1498987
-0.3433345	-0.9260406	0.156749
-0.328864	-0.9283189	0.1734145
-0.3447879	-0.9278232	0.1423561
-0.3251514	-0.9304456	0.1689608
-0.3505404	-0.9214173	0.1676652
-0.3584011	-0.9192125	0.1630862
-0.3510357	-0.9214863	0.1662438
-0.3356894	-0.9299586	0.1499656
-0.3433287	-0.9325383	0.1117933
-0.351999	-0.9212286	0.1656339
-0.3475457	-0.9253669	0.151354
-0.3227082	-0.9344753	0.1503845
-0.3792945	-0.9095491	0.1698713
-0.3228247	-0.9344023	0.1505881
-0.3702942	-0.9180893	0.1414014
-0.3327016	-0.9261447	0.1776672
-0.3704362	-0.91368	0.16723
-0.3301153	-0.9302063	0.1604373
-0.3593712	-0.9191162	0.1614862
-0.3594348	-0.919062	0.1616533
-0.3383087	-0.9260951	0.1670183
-0.3708619	-0.9093204	0.1886742
-0.3718334	-0.9141657	0.1613722
-0.3624635	-0.9225876	0.1321073
-0.3397848	-0.9216777	0.1872334
-0.3521385	-0.9172263	0.1862645
-0.3492488	-0.9194632	0.1805895
-0.3419097	-0.9239572	0.1714667
-0.3604972	-0.9190084	0.1595783
-0.3708981	-0.9145267	0.1614792
-0.340068	-0.9217221	0.1864994
-0.3770158	-0.9138578	0.1507413
-0.3153656	-0.9387515	0.1388891
-0.3590101	-0.9191635	0.1620196
-0.3608537	-0.9189187	0.1592887
-0.3449529	-0.9217622	0.1770926
-0.3936351	-0.9040865	0.1663704
-0.337382	-0.928555	0.154787
-0.3048494	-0.9310384	0.2005846
-0.3292904	-0.9255881	0.1866934
-0.3454961	-0.9265353	0.148879
-0.3160126	-0.9354786	0.1581639
-0.329302	-0.9240136	0.1943171
-0.306841	-0.9317564	0.1941098
-0.2967009	-0.9375264	0.1816944
-0.3424257	-0.9113707	0.2283601
-0.3675751	-0.9195403	0.1390469
-0.3236076	-0.9371939	0.1301759
-0.3434257	-0.9257898	0.1580254
-0.3029315	-0.9360613	0.1789462
-0.3752241	-0.9113601	0.1692033
-0.304838	-0.9410467	0.1466452
-0.3233896	-0.930039	0.174489
-0.2826526	-0.9367927	0.206221
-0.2862387	-0.9358371	0.205612
-0.3069093	-0.9369973	0.1668614
-0.3071609	-0.9338143	0.18342
-0.2954078	-0.9394668	0.1735986
-0.3316854	-0.922515	0.1973597
-0.3100166	-0.9285443	0.2041941
-0.2840884	-0.9354384	0.2103543
-0.2813215	-0.9363256	0.2101254
-0.334175	-0.9193711	0.2075668
-0.3218599	-0.9252043	0.2010051
-0.3048286	-0.9336166	0.1882541
-0.3203632	-0.9273371	0.1934254
-0.3386775	-0.9302086	0.1414551
-0.3400086	-0.9247854	0.1707808
-0.3454611	-0.9178056	0.195677
-0.3779836	-0.9086137	0.1776222
-0.3560426	-0.9184219	0.172438
-0.3483428	-0.9245855	0.1542687
-0.3242034	-0.9267735	0.1896916
-0.3256579	-0.9266323	0.1878819
-0.3481956	-0.9130231	0.2124822
-0.3307087	-0.9158228	0.2278164
-0.343621	-0.9286507	0.1397581
-0.3349774	-0.9270597	0.1683758
-0.3415575	-0.9237483	0.1732848
-0.3261227	-0.9214966	0.2109221
-0.3396641	-0.9291644	0.1458833
-0.3512674	-0.9162081	0.1928054
-0.3472301	-0.9073374	0.2370023
-0.3557149	-0.9102264	0.2120257
-0.3486943	-0.9181955	0.1879604
-0.3075691	-0.9305952	0.1984784
-0.3327856	-0.9287978	0.1630598
-0.3555329	-0.9238262	0.1419211
-0.3912037	-0.9046525	0.1690075
-0.3148878	-0.9254408	0.2107244
-0.3147606	-0.9355292	0.1603458
-0.3405991	-0.9264053	0.1605165
-0.32289	-0.9307257	0.1717317
-0.3475564	-0.9198291	0.1819863
-0.3244601	-0.9334314	0.1530731
-0.3028436	-0.9329491	0.1946582
-0.3566205	-0.9101949	0.2106348
-0.3424897	-0.9284146	0.1440383
-0.3368923	-0.9194462	0.202786
-0.3177107	-0.9309039	0.1802162
-0.3669057	-0.9169216	0.1569561
-0.3539766	-0.9215689	0.159409
-0.3420591	-0.9263025	0.1579849
-0.368418	-0.9203453	0.1312731
-0.3454101	-0.9238648	0.1648202
-0.332299	-0.9279945	0.1685334
-0.3386126	-0.9284952	0.1524411
-0.3683676	-0.914344	0.1681676
-0.3724944	-0.910141	0.1813594
-0.3042806	-0.9326156	0.1940144
-0.3628608	-0.917025	0.1655213
-0.3702349	-0.9184638	0.1391058
-0.3811635	-0.9078028	0.1749528
-0.3434306	-0.9220207	0.1786985
-0.3339168	-0.9306234	0.1497983
-0.3437487	-0.9150062	0.2111886
-0.366121	-0.9225261	0.1220704
-0.3210151	-0.926093	0.1982447
-0.331071	-0.926343	0.1796682
-0.3107057	-0.9252849	0.2175079
-0.3009429	-0.9344128	0.1905414
-0.3053924	-0.9352574	0.1789668
-0.3172706	-0.9285751	0.1925818
-0.3657758	-0.9080954	0.2038893
-0.3156025	-0.9257148	0.2084397
-0.3211043	-0.9350734	0.1500993
-0.3343707	-0.9308982	0.1470537
-0.3610486	-0.9151645	0.1792146
-0.3798376	-0.909808	0.1672506
-0.3341565	-0.9309784	0.1470326
-0.3520718	-0.9258949	0.1369815
-0.3503312	-0.9222094	0.1637001
-0.3556545	-0.9152717	0.189176
-0.3640464	-0.9129722	0.1842607
-0.3648193	-0.9151824	0.1713132
-0.3532915	-0.9198449	0.1705007
-0.3245586	-0.9241079	0.2017087
-0.401191	-0.9017515	0.1609037
-0.3415157	-0.9266596	0.1570638
-0.351085	-0.9177569	0.1856384
-0.3357702	-0.9268281	0.168071
-0.3682557	-0.9130143	0.1754785
-0.3413287	-0.926792	0.1566884
-0.3324918	-0.922429	0.1964025
-0.3312119	-0.9198452	0.2101988
-0.3415452	-0.9285966	0.145105
-0.3316179	-0.9290975	0.1637298
-0.3278601	-0.9309902	0.1605144
-0.3358938	-0.9269217	0.1673064
-0.3543397	-0.9220432	0.1558197
-0.349374	-0.9153901	0.1999968
-0.3259275	-0.9351838	0.138573
-0.3619728	-0.9194299	0.1537021
-0.3617424	-0.9172652	0.1666348
-0.331824	-0.9266627	0.1766045
-0.3449093	-0.9220256	0.1758025
-0.3459219	-0.9241082	0.1623639
-0.3529404	-0.9196017	0.1725274
-0.3422495	-0.9197245	0.1922812
-0.3313965	-0.9264663	0.1784275
-0.3720002	-0.9077708	0.1938247
-0.3262191	-0.9265414	0.1873553
-0.3688479	-0.9127938	0.175382
-0.3837304	-0.90306	0.1929601
-0.352441	-0.9198403	0.1722765
-0.3469927	-0.9262982	0.1468592
-0.3436074	-0.9221119	0.177886
-0.3809462	-0.9052769	0.188026
-0.3414024	-0.9264721	0.1584107
-0.3434312	-0.9221957	0.1777918
-0.3428626	-0.9283365	0.143654
-0.3615859	-0.9173986	0.1662394
-0.318369	-0.9306495	0.1803687
-0.3204003	-0.9263085	0.1982328
-0.3090338	-0.9331634	0.183587
-0.3531989	-0.9129779	0.2042598
-0.372327	-0.9165957	0.145688
-0.3949675	-0.9023496	0.1725277
-0.3406063	-0.9243516	0.1719347
-0.3643138	-0.9126934	0.1851116
-0.3336701	-0.9218625	0.1970623
-0.3667427	-0.9169886	0.1569446
-0.3315282	-0.9263525	0.1787733
-0.3504321	-0.9218578	0.1654555
-0.3447523	-0.921899	0.176771
-0.3742938	-0.9098302	0.1792014
-0.3927312	-0.9066833	0.1539075
-0.3082236	-0.9366351	0.1664717
-0.3166028	-0.9356015	0.1562445
-0.3101663	-0.9324178	0.1854564
-0.357819	-0.9172329	0.1750692
-0.3313709	-0.9264258	0.1786855
-0.3424775	-0.9264126	0.1564248
-0.3463979	-0.9174534	0.1956724
-0.3333838	-0.9220961	0.1964532
-0.3691656	-0.9127727	0.1748225
-0.384297	-0.9030173	0.1920298
-0.3438826	-0.9283665	0.1409976
-0.3684107	-0.91878	0.1418338
-0.337123	-0.9265366	0.1669666
-0.3680199	-0.9169398	0.1542167
-0.3690706	-0.9102954	0.1874813
-0.3659049	-0.9125419	0.1827048
-0.3573071	-0.907225	0.2219781
-0.333458	-0.9285183	0.1632772
-0.3263104	-0.9331514	0.150831
-0.3479044	-0.9196936	0.1820062
-0.3590308	-0.9233846	0.1358591
-0.3298125	-0.9307629	0.1578101
-0.3282418	-0.9287284	0.1723978
-0.3591432	-0.9194284	0.1602108
-0.3548498	-0.9216802	0.1568032
-0.3556681	-0.9234259	0.1441693
-0.3465632	-0.917404	0.1956113
-0.3308272	-0.9245212	0.1892459
-0.3478199	-0.9173652	0.1935524
-0.3497173	-0.9279776	0.1286677
-0.3708518	-0.9123948	0.1732183
-0.3582646	-0.9215336	0.1497413
-0.3241408	-0.9312506	0.1664481
-0.3701928	-0.9055007	0.2074263
-0.3483635	-0.9277788	0.1336764
-0.3313958	-0.9265174	0.1781635
-0.3609849	-0.917412	0.1674672
-0.3417529	-0.9264454	0.1578096
-0.3296869	-0.9242547	0.1925092
-0.3327229	-0.9287256	0.1635977
-0.3172426	-0.9284756	0.1931072
-0.3279469	-0.9218637	0.2064417
-0.2954382	-0.934318	0.1994147
-0.3480938	-0.9219818	0.1696468
-0.3375461	-0.9196597	0.2007202
-0.3334357	-0.9218633	0.1974556
-0.3410781	-0.9172583	0.205677
-0.3405683	-0.9172719	0.2064593
-0.3420629	-0.9124873	0.22441
-0.340195	-0.9243582	0.172712
-0.3263446	-0.9268394	0.1856553
-0.3539923	-0.9198369	0.1690845
-0.3077343	-0.9306602	0.1979171
-0.3030102	-0.9394673	0.159956
-0.3520664	-0.9258395	0.1373692
-0.3026222	-0.9399125	0.1580643
-0.3097918	-0.9258808	0.2162721
-0.376166	-0.9122394	0.1622292
-0.3256382	-0.9267515	0.1873274
-0.3354243	-0.9265773	0.1701325
-0.2922231	-0.9446505	0.149135
-0.3366926	-0.9198449	0.2013039
-0.3134767	-0.9391142	0.1407017
-0.3423549	-0.9200555	0.190502
-0.3458086	-0.9177415	0.1953634
-0.3566897	-0.9175951	0.1754755
-0.3107666	-0.9354265	0.1685272
-0.3625456	-0.9172992	0.1646901
-0.3668419	-0.9149438	0.1682404
-0.3436189	-0.9284236	0.1412642
-0.356662	-0.9104916	0.2092777
-0.3752528	-0.912204	0.1645268
-0.3588211	-0.9214872	0.148691
-0.3186088	-0.9308115	0.1791046
-0.3768338	-0.9078487	0.1838673
-0.3521865	-0.9173711	0.1854588
-0.3453814	-0.9147722	0.2095314
-0.3621647	-0.9171713	0.1662335
-0.3813848	-0.90525	0.1872647
-0.3936384	-0.9028063	0.173175
-0.3512442	-0.9176372	0.1859283
-0.3726259	-0.9165905	0.1449545
-0.3624426	-0.9149684	0.1773925
-0.3407653	-0.9319025	0.1242441
-0.3482904	-0.9278829	0.1331428
-0.3516002	-0.9258587	0.1384299
-0.3708888	-0.9149546	0.1590587
-0.3321971	-0.9197546	0.2090373
-0.3655085	-0.9128439	0.1819879
-0.3544453	-0.9129217	0.2023424
-0.3293024	-0.9310743	0.1570369
-0.3585908	-0.9197859	0.1593939
-0.3459072	-0.9245397	0.1599206
-0.3215778	-0.9352358	0.1480597
-0.3556999	-0.9079842	0.2214548
-0.3738793	-0.9128211	0.1642311
-0.3149386	-0.9330121	0.1740749
-0.3113348	-0.9349121	0.1703231
-0.3351339	-0.9246338	0.1809358
-0.335578	-0.9246521	0.1800166
-0.3478449	-0.9200194	0.1804664
-0.3120556	-0.928274	0.2023085
-0.321201	-0.9189107	0.2289826
-0.327312	-0.928859	0.1734584
-0.3039039	-0.9387941	0.1621972
-0.3324273	-0.9286501	0.1646241
-0.3199072	-0.9329426	0.165159
-0.3135259	-0.9305322	0.1892392
-0.3641245	-0.9194047	0.1486882
-0.3415111	-0.9175631	0.2035882
-0.3339033	-0.9221553	0.1952898
-0.3749002	-0.9099984	0.1770667
-0.3665308	-0.9171486	0.1565038
-0.3557704	-0.9236886	0.1422207
-0.3385494	-0.9285944	0.1519765
-0.340363	-0.9242326	0.1730522
-0.3251512	-0.9240026	0.2012359
-0.3640461	-0.9128763	0.1847361
-0.3450224	-0.9219667	0.1758889
-0.3460523	-0.9240355	0.1625003
-0.333975	-0.9218659	0.1965298
-0.3822034	-0.907629	0.1735801
-0.3481038	-0.9259317	0.1465408
-0.3811093	-0.9136507	0.1414146
-0.3500862	-0.9217982	0.1665165
-0.3056908	-0.9407714	0.1466365
-0.3015603	-0.9345673	0.1887998
-0.3085984	-0.936596	0.1659969
-0.3807336	-0.9117579	0.1540759
-0.3265981	-0.9263633	0.1875759
-0.3515236	-0.9175109	0.1860237
-0.3799672	-0.9201858	0.09424946
-0.3200668	-0.9333857	0.1623221
-0.3349766	-0.924602	0.1813887
-0.3280856	-0.9220614	0.2053356
-0.3349366	-0.9246799	0.1810656
-0.3711762	-0.916942	0.1464426
-0.3844747	-0.9097275	0.1567651
-0.3630811	-0.9195933	0.1500681
-0.3253824	-0.9330336	0.1535395
-0.3505068	-0.9154186	0.1978734
-0.3374222	-0.9342968	0.1150471
-0.359881	-0.9217709	0.1443054
-0.3885671	-0.9033989	0.1813451
-0.3752374	-0.9148684	0.1490393
-0.3161194	-0.9352838	0.1590997
-0.311833	-0.9284386	0.2018961
-0.3276851	-0.9290194	0.1718882
-0.3348206	-0.9246102	0.1816346
-0.3283749	-0.922289	0.2038451
-0.3474662	-0.9177251	0.1924784
-0.3300441	-0.9246843	0.189815
-0.3493196	-0.9126794	0.2121133
-0.3265545	-0.9269256	0.1848539
-0.3336971	-0.9224173	0.1944029
-0.3288024	-0.9221816	0.2036423
-0.3321137	-0.9198655	0.2086817
-0.3290323	-0.9221896	0.2032339
-0.3378879	-0.9200404	0.1983868
-0.3469164	-0.9263434	0.146754
-0.3314319	-0.9268695	0.1762547
-0.3706821	-0.9205555	0.1231767
-0.3697266	-0.9105306	0.1850303
-0.3328674	-0.9292728	0.1601608
-0.3641023	-0.9132795	0.18262
-0.3555942	-0.9239199	0.1411548
-0.3314796	-0.9345164	0.129616
-0.3445484	-0.9226589	0.1731676
-0.323338	-0.9310871	0.1689064
-0.3365067	-0.9269828	0.1657288
-0.3550929	-0.915674	0.1882818
-0.3767513	-0.9146151	0.146757
-0.3300887	-0.9326048	0.1459102
-0.3239518	-0.9313447	0.1662894
-0.3442818	-0.9202364	0.186105
-0.3560856	-0.9178869	0.1751767
-0.3659812	-0.9210905	0.1328534
-0.3601258	-0.9155675	0.179013
-0.331356	-0.9269212	0.1761256
-0.3704061	-0.9189271	0.1355453
-0.3562565	-0.915444	0.1871994
-0.3678603	-0.9171743	0.1531995
-0.3659453	-0.9153222	0.1681346
-0.3598933	-0.9217362	0.1444964
-0.3384885	-0.9290197	0.1494927
-0.3225096	-0.929051	0.1812511
-0.3059689	-0.935325	0.1776232
-0.3077982	-0.9371399	0.1644052
-0.3719877	-0.9083421	0.1911537
-0.3749125	-0.9103718	0.1751104
-0.3475612	-0.9178807	0.1915633
-0.3393047	-0.9153761	0.2167002
-0.335049	-0.9178026	0.2130269
-0.3495919	-0.9158016	0.1977191
-0.3187309	-0.9313205	0.1762176
-0.3061262	-0.9353907	0.1770055
-0.3441837	-0.9224014	0.1752515
-0.3207194	-0.9335613	0.1600077
-0.3129644	-0.9281986	0.2012483
-0.383884	-0.912017	0.1444231
-0.3804736	-0.9143007	0.1389028
-0.3315097	-0.9269337	0.17577
-0.3166048	-0.9349844	0.1598923
-0.3385584	-0.9154826	0.217416
-0.3225881	-0.9290077	0.1813328
-0.3118382	-0.9289901	0.199335
-0.2980145	-0.9299931	0.215175
-0.3075943	-0.9313951	0.1946508
-0.3372638	-0.9201924	0.1987435
-0.3878004	-0.9075961	0.1608734
-0.341509	-0.9265526	0.1577081
-0.3360223	-0.9327734	0.1304719
-0.3313798	-0.9268261	0.1765803
-0.3423873	-0.9267328	0.1547162
-0.3768143	-0.9082078	0.1821254
-0.3545327	-0.912879	0.2023816
-0.355449	-0.9154063	0.1889107
-0.339462	-0.9223784	0.1843467
-0.3315372	-0.9267929	0.1764594
-0.3875467	-0.9051127	0.1748666
-0.339286	-0.9304385	0.1384528
-0.3599374	-0.9216604	0.1448694
-0.3485742	-0.9222658	0.167098
-0.3367077	-0.9268029	0.1663253
-0.3344464	-0.9222478	0.1939187
-0.3373713	-0.9197855	0.2004372
-0.3172465	-0.9286417	0.1922999
-0.3200938	-0.9334564	0.1618616
-0.3319497	-0.9269362	0.1749249
-0.3445409	-0.9222209	0.1754994
-0.3430437	-0.9198453	0.1902776
-0.3256658	-0.9327452	0.154687
-0.3291329	-0.930661	0.159817
-0.3922613	-0.9047471	0.1660232
-0.36037	-0.9153399	0.1796839
-0.3568021	-0.9177197	0.1745938
-0.3410172	-0.9175348	0.2045418
-0.2885785	-0.9385604	0.1892802
-0.327913	-0.9289242	0.1719678
-0.3365215	-0.9266983	0.1672826
-0.3564365	-0.9253794	0.1289423
-0.3734773	-0.9166878	0.1421202
-0.3405463	-0.9248466	0.1693727
-0.3690924	-0.9132041	0.1727109
-0.3710459	-0.9056342	0.2053087
-0.3570218	-0.9178669	0.1733662
-0.3339754	-0.9223729	0.1941353
-0.3356562	-0.9320592	0.1363835
-0.3459237	-0.9243729	0.1608469
-0.3483042	-0.9200483	0.1794305
-0.344783	-0.9223635	0.1742703
-0.358161	-0.9198213	0.1601546
-0.3347966	-0.9223487	0.1928312
-0.3327229	-0.9197941	0.2080248
-0.3408238	-0.9245721	0.1703108
-0.344853	-0.9223205	0.1743592
-0.3452025	-0.9224473	0.1729925
-0.3109593	-0.9359222	0.1653903
-0.3425407	-0.9267017	0.1545638
-0.3226098	-0.9291062	0.1807891
-0.3587935	-0.9197552	0.1591146
-0.3579057	-0.9198052	0.1608171
-0.3475771	-0.9098369	0.2266865
-0.3646592	-0.919169	0.148835
-0.3075847	-0.9372394	0.1642371
-0.3849036	-0.9094825	0.1571335
-0.3486241	-0.9198519	0.1798159
-0.3440956	-0.9283088	0.1408577
-0.3597521	-0.9194317	0.1588199
-0.3589063	-0.9129298	0.1942818
-0.3169057	-0.9348447	0.1601132
-0.3132019	-0.9372568	0.1531479
-0.2904973	-0.9482489	0.1282
-0.3366112	-0.9245771	0.1784658
-0.3215831	-0.9263777	0.1959813
-0.3378541	-0.9340404	0.115859
-0.3192507	-0.9308292	0.1778648
-0.3290495	-0.921617	0.2057876
-0.3247488	-0.9305694	0.1690529
-0.3846909	-0.899843	0.2056588
-0.3409768	-0.9173285	0.2055316
-0.3405198	-0.9144349	0.2187585
-0.3494082	-0.9196123	0.1795191
-0.350693	-0.9216112	0.1662741
-0.3155394	-0.9405861	0.1254301
-0.3130213	-0.9369532	0.1553587
-0.3506036	-0.9149647	0.1997918
-0.3331894	-0.9286094	0.1633073
-0.3372911	-0.9264686	0.1670048
-0.3606479	-0.9212794	0.1455242
-0.365651	-0.9149673	0.1706876
-0.3529366	-0.9256262	0.1365719
-0.3129833	-0.9370462	0.1548737
-0.3682351	-0.9189488	0.1411954
-0.3425544	-0.9266627	0.1547663
-0.3496684	-0.9280722	0.1281175
-0.3225564	-0.9288055	0.1824218
-0.352176	-0.9199877	0.1720309
-0.323056	-0.9216675	0.2148577
-0.3485198	-0.9199274	0.1796319
-0.3371603	-0.9121928	0.2328676
-0.3131041	-0.9366543	0.1569861
-0.3160709	-0.9259607	0.20663
-0.3159099	-0.9259698	0.2068351
-0.3395846	-0.930162	0.1395744
-0.3336851	-0.9220043	0.1963726
-0.30673	-0.9279359	0.2117821
-0.3195214	-0.9236007	0.2118204
-0.2953893	-0.9312422	0.2133851
-0.3612096	-0.9152108	0.1786529
-0.3527218	-0.9175435	0.1835792
-0.3699506	-0.9167615	0.1506153
-0.3468878	-0.9200861	0.181963
-0.3754845	-0.9145273	0.1505034
-0.3479879	-0.9263573	0.1441062
-0.330447	-0.9325899	0.1451922
-0.3626329	-0.9106003	0.1982531
-0.3517003	-0.9177365	0.1845715
-0.3405563	-0.9245692	0.1708605
-0.3625836	-0.9174131	0.1639707
-0.3548496	-0.9219675	0.1551054
-0.3201472	-0.9334435	0.1618303
-0.3483358	-0.9200609	0.1793047
-0.3318383	-0.9269551	0.175036
-0.3325295	-0.9196033	0.2091746
-0.3641489	-0.9210243	0.1382386
-0.3151093	-0.933102	0.1732824
-0.3412437	-0.9200243	0.1926343
-0.2993519	-0.9322946	0.203015
-0.3492976	-0.9222162	0.1658563
-0.3459742	-0.9244156	0.1604918
-0.3359616	-0.9326827	0.1312741
-0.3811509	-0.905527	0.1864
-0.3569589	-0.917642	0.1746815
-0.3187317	-0.9312624	0.1765234
-0.3350011	-0.9244463	0.1821354
-0.3045885	-0.9327388	0.1929362
-0.3372445	-0.9198726	0.200251
-0.3320651	-0.919526	0.2102494
-0.3713671	-0.9167387	0.1472292
-0.3318458	-0.9266263	0.1767548
-0.3613406	-0.9150867	0.1790232
-0.362806	-0.9073963	0.2121408
-0.3817279	-0.9137748	0.1389221
-0.3609859	-0.9214434	0.1436355
-0.3591539	-0.9129958	0.193513
-0.3013794	-0.9377909	0.1723913
-0.3482235	-0.9200265	0.179699
-0.3279155	-0.9290059	0.1715207
-0.3382512	-0.9286354	0.1523892
-0.3642216	-0.9128603	0.1844691
-0.322212	-0.9291339	0.1813552
-0.3751337	-0.9146422	0.1506796
-0.3586993	-0.9131283	0.1937306
-0.3383114	-0.922492	0.1858869
-0.3705153	-0.9170198	0.1476245
-0.3231166	-0.9316166	0.1663912
-0.3323934	-0.9223654	0.1968671
-0.3467568	-0.9203278	0.1809874
-0.3864059	-0.9052969	0.1764308
-0.3448898	-0.9247137	0.1611079
-0.3473434	-0.9203376	0.1798089
-0.3489104	-0.9156998	0.1993879
-0.3374783	-0.9226683	0.1865254
-0.335817	-0.9270617	0.1666834
-0.3505977	-0.9262077	0.1386383
-0.3073066	-0.9308217	0.197822
-0.3365233	-0.9344711	0.1162587
-0.3385437	-0.9306005	0.1391795
-0.356434	-0.9153952	0.1871
-0.3552044	-0.9080372	0.2220317
-0.394827	-0.9050832	0.1579113
-0.3322693	-0.928978	0.1630856
-0.3472234	-0.9201038	0.1812314
-0.3594812	-0.9216933	0.1457899
-0.3569866	-0.9199543	0.1620024
-0.3063413	-0.9379161	0.1626907
-0.3489937	-0.9155654	0.1998581
-0.3766959	-0.9143129	0.1487685
-0.3557514	-0.9153421	0.1886525
-0.3313503	-0.9265458	0.1781005
-0.3309805	-0.9329849	0.1413895
-0.3224856	-0.9288491	0.1823254
-0.3664667	-0.9124938	0.1818166
-0.3602444	-0.9153136	0.1800695
-0.3329169	-0.9287026	0.1633334
-0.3360119	-0.9171318	0.2143951
-0.3440304	-0.9220637	0.1773176
-0.3278968	-0.9284831	0.1743643
-0.3316409	-0.9263837	0.1784024
-0.3082645	-0.9363829	0.1678099
-0.3247707	-0.9237903	0.2028189
-0.3213711	-0.9184707	0.2305043
-0.353651	-0.9196417	0.170851
-0.3471002	-0.9198931	0.182533
-0.392199	-0.9045421	0.1672826
-0.3417178	-0.9263785	0.1582781
-0.4024463	-0.8998628	0.1681785
-0.3388699	-0.9222667	0.1859872
-0.3410165	-0.9246411	0.1695476
-0.3314379	-0.9267823	0.1767022
-0.3266062	-0.9347307	0.1400244
-0.3239552	-0.9310769	0.167776
-0.3643072	-0.9128622	0.1842905
-0.3267462	-0.9350118	0.1378031
-0.339748	-0.9304494	0.1372412
-0.3408485	-0.9245054	0.170623
-0.3139031	-0.9390749	0.1400112
-0.3780182	-0.9078108	0.1816083
-0.3422465	-0.9266898	0.1552846
-0.3325203	-0.9289053	0.1629882
-0.3425379	-0.9200228	0.1903307
-0.3160048	-0.9357738	0.1564231
-0.3700335	-0.91285	0.1725692
-0.3417544	-0.9202433	0.1906731
-0.3563607	-0.917876	0.1746732
-0.3188898	-0.9241977	0.2101617
-0.3565204	-0.9177305	0.1751116
-0.3612854	-0.9176983	0.1652354
-0.3266651	-0.9351263	0.1372173
-0.3197801	-0.9338124	0.1604214
-0.3187964	-0.939346	0.1264834
-0.3369329	-0.9268869	0.1653989
-0.3366254	-0.9267417	0.1668322
-0.3683646	-0.9105328	0.1877164
-0.3458835	-0.9177857	0.1950228
-0.3263655	-0.9267651	0.1859888
-0.3382035	-0.919816	0.1988892
-0.343836	-0.9223005	0.1764614
-0.3210286	-0.9265016	0.1963044
-0.3595778	-0.9197192	0.1575454
-0.3437747	-0.9286097	0.1396531
-0.3362259	-0.9267355	0.1676706
-0.3758405	-0.9164875	0.1370937
-0.351011	-0.9240962	0.1511207
-0.3295705	-0.9311692	0.1559075
-0.3587793	-0.919552	0.160317
-0.3409822	-0.9244775	0.1705067
-0.3178532	-0.9211345	0.2246787
-0.3813975	-0.9095038	0.1653443
-0.3754448	-0.9123681	0.1631736
-0.3763976	-0.9053389	0.1966881
-0.3239993	-0.9311286	0.1674034
-0.3228259	-0.9216765	0.2151648
-0.3637772	-0.9212635	0.137622
-0.38722	-0.9051301	0.1754988
-0.3313096	-0.9270098	0.1757466
-0.3146287	-0.932902	0.1752214
-0.3432429	-0.9224687	0.1767363
-0.35798	-0.9133859	0.1938467
-0.3294768	-0.9245659	0.1913712
-0.3096891	-0.9328326	0.184163
-0.3224327	-0.9219055	0.2147731
-0.3443895	-0.9244719	0.1635468
-0.3205194	-0.9265565	0.1968764
-0.334888	-0.9247252	0.1809236
-0.3614645	-0.9176167	0.1652969
-0.3540504	-0.9200199	0.1679635
-0.381045	-0.9120975	0.1512713
-0.3623346	-0.9175352	0.1638378
-0.3238909	-0.9316102	0.1649153
-0.3369705	-0.9201533	0.1994207
-0.3585953	-0.9197522	0.1595783
-0.3818743	-0.9079343	0.1727056
-0.3726139	-0.9106585	0.1784938
-0.3544551	-0.927548	0.1183905
-0.3433837	-0.928335	0.1424142
-0.3254118	-0.9331222	0.1529375
-0.3594601	-0.9194719	0.1592485
-0.3304707	-0.9245841	0.1895613
-0.3769492	-0.9104205	0.1704219
-0.3416224	-0.9264717	0.1579384
-0.3605684	-0.9152881	0.1795502
-0.3872665	-0.9096203	0.1503849
-0.3444211	-0.9223186	0.1752212
-0.3287827	-0.9309565	0.1588139
-0.3400483	-0.9243945	0.1728063
-0.3136984	-0.9389685	0.1411786
-0.3795459	-0.9156964	0.1320798
-0.3381647	-0.9285519	0.1530887
-0.3421077	-0.9265078	0.1566701
-0.3442246	-0.9221538	0.1764703
-0.3424168	-0.9199628	0.190838
-0.3587911	-0.9129944	0.1941913
-0.3609507	-0.923306	0.1312264
-0.3673903	-0.9191632	0.1419977
-0.3235335	-0.9243469	0.2022596
-0.3705696	-0.9170411	0.1473555
-0.3327293	-0.9223406	0.1964151
-0.3411223	-0.9266784	0.1578059
-0.3352289	-0.9246034	0.1809145
-0.3376255	-0.9285914	0.1540359
-0.3624863	-0.9173742	0.1644028
-0.3181213	-0.9315732	0.175984
-0.3402981	-0.9246302	0.1710444
-0.3356843	-0.926488	0.1701062
-0.3131236	-0.9308631	0.1882749
-0.3338144	-0.9307648	0.1491465
-0.3477372	-0.9263491	0.1447626
-0.3464942	-0.9261541	0.1489307
-0.3430495	-0.9198272	0.1903552
-0.3390927	-0.9302446	0.140218
-0.3285733	-0.9307258	0.1605894
-0.3480332	-0.9198734	0.1808479
-0.3367991	-0.9338708	0.1202153
-0.3214202	-0.9345775	0.1524923
-0.295986	-0.926521	0.2322741
-0.3345936	-0.932063	0.1389447
-0.3582239	-0.9195652	0.161479
-0.3745098	-0.9099031	0.1783777
-0.3539774	-0.92182	0.1579493
-0.3581617	-0.9196097	0.1613633
-0.3651693	-0.9126111	0.1838275
-0.3457094	-0.9243361	0.1615169
-0.3752051	-0.912388	0.1636131
-0.3337636	-0.9222549	0.1950582
-0.3424962	-0.9201365	0.1898559
-0.3615897	-0.9154207	0.1767993
-0.3232935	-0.9312604	0.1680341
-0.3324271	-0.9360505	0.1153328
-0.3383526	-0.9224398	0.1860711
-0.3631037	-0.9194896	0.1506472
-0.3563433	-0.9238687	0.1395933
-0.3598912	-0.9156099	0.1792676
-0.3566533	-0.9176974	0.1750145
-0.3355298	-0.9328141	0.1314449
-0.3446894	-0.9224333	0.1740866
-0.3304847	-0.9329755	0.1426066
-0.393892	-0.9066623	0.151038
-0.3547778	-0.9221694	0.1540663
-0.3399375	-0.9246601	0.1715992
-0.3843098	-0.9072054	0.1711267
-0.3376904	-0.9285199	0.1543242
-0.3404951	-0.9245625	0.1710188
-0.3506017	-0.9240421	0.1523961
-0.3287809	-0.9310333	0.1583667
-0.3343144	-0.9242892	0.1841828
-0.3171155	-0.9284663	0.1933603
-0.3585732	-0.9128372	0.195329
-0.3518049	-0.917505	0.1855209
-0.3440898	-0.9222561	0.1761985
-0.3565944	-0.9176408	0.1754305
-0.3397442	-0.9175162	0.2067313
-0.3298963	-0.9244836	0.1910459
-0.3462221	-0.9243824	0.1601475
-0.3775288	-0.9035166	0.2028049
-0.367046	-0.9148953	0.1680587
-0.3542711	-0.921892	0.156867
-0.3382066	-0.9286622	0.1523251
-0.3861842	-0.9076083	0.1646478
-0.3496338	-0.9292834	0.1191157
-0.3565646	-0.9236953	0.1401745
-0.3769666	-0.9104962	0.169979
-0.3707412	-0.9149459	0.1594521
-0.3322431	-0.9196984	0.2092116
-0.3419103	-0.9265306	0.1569666
-0.3392101	-0.9222963	0.1852187
-0.3315996	-0.9342836	0.13098
-0.356749	-0.9151032	0.1879263
-0.3542811	-0.9218999	0.156798
-0.3742861	-0.914763	0.1520477
-0.3722111	-0.9167376	0.1450902
-0.3290645	-0.9312987	0.1562025
-0.3574696	-0.9105114	0.2078089
-0.3541743	-0.9219666	0.1566468
-0.3485552	-0.922226	0.1673572
-0.3112798	-0.935169	0.1690081
-0.3663527	-0.9149808	0.1691029
-0.3423291	-0.9172795	0.2034927
-0.3511134	-0.9219937	0.1632388
-0.3283758	-0.9286674	0.172471
-0.3412983	-0.9240914	0.1719612
-0.3536335	-0.9171968	0.1835575
-0.3198868	-0.9305962	0.1779411
-0.3490315	-0.919538	0.1806295
-0.3305732	-0.9307746	0.1561407
-0.3382453	-0.9264363	0.1652446
-0.3779345	-0.9138656	0.1483752
-0.3683669	-0.9143843	0.1679495
-0.3269948	-0.9262954	0.1872199
-0.347202	-0.9240203	0.1601157
-0.3533366	-0.9196313	0.1715562
-0.3504429	-0.921999	0.1646433
-0.3636068	-0.9192761	0.1507369
-0.3477281	-0.9261649	0.1459578
-0.3636332	-0.9192163	0.1510376
-0.3349099	-0.9243619	0.1827304
-0.3060476	-0.9351203	0.1785632
-0.3510388	-0.917762	0.1857003
-0.3704261	-0.9126208	0.1729388
-0.3187187	-0.9309823	0.1780178
-0.3444212	-0.9223055	0.1752897
-0.3417826	-0.919956	0.1920042
-0.3368894	-0.9197587	0.2013691
-0.3355881	-0.9172876	0.2143925
-0.3488408	-0.9220716	0.1676127
-0.2932113	-0.9391246	0.1790866
-0.3017833	-0.9343645	0.1894459
-0.3320562	-0.919572	0.210062
-0.3292769	-0.930724	0.1591525
-0.3258871	-0.9333859	0.1502941
-0.3511585	-0.9239639	0.1515862
-0.3707317	-0.9123908	0.1734968
-0.3538473	-0.91963	0.1705077
-0.3539971	-0.9196234	0.170232
-0.3490171	-0.9196121	0.1802793
-0.3533845	-0.9172225	0.1839083
-0.3224506	-0.9347008	0.1495325
-0.368156	-0.9102371	0.189551
-0.3431629	-0.9195839	0.1913237
-0.3401134	-0.9241415	0.1740265
-0.3488225	-0.9196861	0.1802783
-0.3242423	-0.9308754	0.1683387
-0.3756227	-0.9121276	0.1641064
-0.3435596	-0.9196909	0.1900934
-0.3356099	-0.9170715	0.2152812
-0.3350543	-0.9241493	0.1835391
-0.3471088	-0.9260097	0.1483959
-0.3242558	-0.9306927	0.1693204
-0.3487728	-0.9197384	0.1801078
-0.3450952	-0.9148957	0.2094637
-0.3835577	-0.9117939	0.1466809
-0.3178802	-0.9368308	0.1459462
-0.3361847	-0.9265721	0.1686532
-0.3320755	-0.9344831	0.1283254
-0.3517382	-0.9176713	0.1848232
-0.3445906	-0.9243262	0.1639464
-0.3171135	-0.9286389	0.192533
-0.3221849	-0.9287491	0.1833628
-0.3589446	-0.9215655	0.1479051
-0.3698731	-0.9055908	0.2076036
-0.3551374	-0.9235778	0.1445033
-0.333188	-0.9288777	0.1617778
-0.3306828	-0.9327967	0.1433154
-0.3456542	-0.9223185	0.1727769
-0.3472745	-0.9260501	0.1477552
-0.3475709	-0.9198316	0.1819462
-0.3522097	-0.9238718	0.1496973
-0.3726083	-0.9143856	0.1583098
-0.3127339	-0.9376413	0.1517441
-0.3358018	-0.9242408	0.1817034
-0.358325	-0.9172471	0.1739562
-0.3414371	-0.9243627	0.1702187
-0.3510331	-0.923769	0.1530577
-0.3449384	-0.9220713	0.1755048
-0.3475626	-0.9199241	0.1814934
-0.3642576	-0.9101845	0.1971814
-0.3518033	-0.917554	0.1852808
-0.3325849	-0.9343375	0.1280658
-0.3512236	-0.9150856	0.198142
-0.3355505	-0.9244464	0.1811209
-0.3235173	-0.9370011	0.1317782
-0.3488316	-0.9198862	0.1792371
-0.3311099	-0.932977	0.1411385
-0.3518221	-0.9102511	0.2183213
-0.3541947	-0.9127679	0.203472
-0.329497	-0.9243883	0.1921925
-0.3425161	-0.9199316	0.1908102
-0.3519362	-0.92391	0.150104
-0.3596653	-0.9193733	0.1593542
-0.324225	-0.9310023	0.1676686
-0.3280433	-0.9287046	0.1729031
-0.3629126	-0.9103515	0.198883
-0.3409393	-0.9243774	0.1711343
-0.344274	-0.9221069	0.1766185
-0.3467585	-0.9260836	0.1487535
-0.3222318	-0.928662	0.1837214
-0.33161	-0.919602	0.2106346
-0.3492441	-0.9153186	0.2005503
-0.3493878	-0.922035	0.1666719
-0.3349775	-0.9245524	0.1816398
-0.3571222	-0.917448	0.1753651
-0.3482863	-0.9092559	0.2279261
-0.3303513	-0.9240894	0.1921633
-0.3746077	-0.9123323	0.165284
-0.3346866	-0.9304774	0.1489851
-0.3523338	-0.91748	0.1846385
-0.3351566	-0.9242949	0.182617
-0.3629235	-0.9103453	0.1988914
-0.3461604	-0.9241742	0.1614777
-0.3738791	-0.910071	0.1788438
-0.3503955	-0.9219021	0.165286
-0.3724531	-0.9142902	0.1592234
-0.3596442	-0.9211769	0.1486245
-0.3492161	-0.9197642	0.1791148
-0.3419068	-0.9199747	0.1916929
-0.3411619	-0.9264175	0.1592456
-0.3258978	-0.926823	0.1865201
-0.3410491	-0.9264223	0.1594592
-0.3522047	-0.9132336	0.2048324
-0.3553179	-0.9110001	0.2093516
-0.3204127	-0.9263748	0.1979024
-0.3473625	-0.9200994	0.1809877
-0.3143025	-0.9330646	0.174941
-0.3036265	-0.9328842	0.1937476
-0.3272067	-0.9220429	0.2068157
-0.3303382	-0.9266356	0.1795085
-0.3385558	-0.9244758	0.1752837
-0.3335626	-0.930855	0.1491474
-0.3643709	-0.9211517	0.1367968
-0.3621492	-0.917358	0.1652338
-0.352651	-0.9199263	0.1713851
-0.3556115	-0.9254165	0.1309389
-0.3432323	-0.928502	0.1416883
-0.3600904	-0.9176735	0.1679594
-0.2915363	-0.9451245	0.1474661
-0.3157407	-0.9351376	0.1607033
-0.3680466	-0.9105182	0.18841
-0.3570738	-0.9176976	0.174153
-0.3394066	-0.9247268	0.1722889
-0.4045227	-0.8924678	0.1996561
-0.3247215	-0.9333449	0.153046
-0.3642763	-0.9154807	0.170874
-0.3586127	-0.9198258	0.159115
-0.3551819	-0.9155504	0.1887151
-0.3349743	-0.9250522	0.1790824
-0.3396987	-0.917854	0.2053018
-0.3266818	-0.9289837	0.1739777
-0.3101181	-0.9357587	0.1678763
-0.3441162	-0.9225851	0.1744154
-0.3410852	-0.9268029	0.1571539
-0.3533203	-0.9132565	0.2027986
-0.3154558	-0.935483	0.1592461
-0.3670128	-0.9194425	0.1411633
-0.3513911	-0.9182979	0.1823545
-0.3192312	-0.9338573	0.1612513
-0.3046697	-0.9357209	0.1777715
-0.3558189	-0.9181356	0.1744135
-0.3320802	-0.9294086	0.1610045
-0.3422872	-0.9288195	0.1418928
-0.3380854	-0.9305413	0.1406813
-0.358353	-0.9134798	0.1927118
-0.3510976	-0.9181054	0.1838831
-0.3362222	-0.9201966	0.2004811
-0.3215501	-0.9292484	0.1819426
-0.3691562	-0.9152322	0.1614736
-0.3452642	-0.9178865	0.195645
-0.3449849	-0.9246494	0.1612731
-0.3587596	-0.9197659	0.1591302
-0.3517065	-0.9134555	0.2046987
-0.3218484	-0.9291284	0.1820277
-0.3458731	-0.9261685	0.1502785
-0.3524102	-0.9199455	0.1717769
-0.3340723	-0.930752	0.1486481
-0.322224	-0.9289467	0.1822907
-0.3580679	-0.9103009	0.2077004
-0.3429272	-0.920144	0.1890394
-0.3640698	-0.913173	0.1832168
-0.3576149	-0.9177238	0.1729001
-0.3533593	-0.9201108	0.1689187
-0.3238604	-0.9311378	0.1676214
-0.3352373	-0.9247265	0.1802691
-0.3460004	-0.9245585	0.15961
-0.3763167	-0.9056528	0.1953941
-0.3628905	-0.9175279	0.162644
-0.3822486	-0.9010334	0.2049997
-0.349466	-0.9156769	0.1985177
-0.3535023	-0.9221975	0.1568049
-0.382872	-0.9102579	0.1576058
-0.3221402	-0.9295695	0.1792377
-0.3695946	-0.9153554	0.1597633
-0.3184915	-0.9316161	0.1750848
-0.3369371	-0.9268836	0.1654087
-0.3387016	-0.9225723	0.1847749
-0.3097338	-0.9334498	0.1809324
-0.3542702	-0.9222292	0.1548742
-0.3131895	-0.9315871	0.1845479
-0.3331445	-0.9295945	0.1576988
-0.3388046	-0.922834	0.1832723
-0.3805995	-0.9060269	0.1850927
-0.3388723	-0.9227606	0.1835169
-0.3408277	-0.9324131	0.1201764
-0.3489701	-0.9225891	0.1644662
-0.3547811	-0.9159244	0.1876507
-0.3572516	-0.9201539	0.1602757
-0.3382269	-0.9226816	0.185098
-0.3825801	-0.9079055	0.1712893
-0.3343279	-0.931142	0.1456002
-0.2967827	-0.9371288	0.1836017
-0.3671715	-0.9108549	0.1884898
-0.346275	-0.9264573	0.1475478
-0.3444368	-0.9225584	0.1739235
-0.3597981	-0.9198046	0.1565406
-0.338493	-0.9226418	0.1848096
-0.3389065	-0.9150686	0.2186138
-0.3378498	-0.9291111	0.1503673
-0.3087255	-0.9333599	0.1831064
-0.3512081	-0.9179311	0.1845408
-0.3087385	-0.9334047	0.1828558
-0.3641243	-0.915487	0.1711641
-0.3441046	-0.9225388	0.1746833
-0.3806667	-0.9082108	0.1739139
-0.3453604	-0.9245146	0.161242
-0.3612579	-0.910929	0.1992513
-0.3107098	-0.9358298	0.1663792
-0.3659175	-0.9189487	0.1470973
-0.3389769	-0.931861	0.1293431
-0.3673718	-0.9170703	0.1549841
-0.3691009	-0.9105685	0.1860902
-0.3663662	-0.9187969	0.1469285
-0.3637948	-0.9184173	0.1554446
-0.3588547	-0.9186352	0.1653259
-0.3995402	-0.9105856	0.105837
-0.3561422	-0.9146454	0.1912762
-0.3822644	-0.9070121	0.1766439
-0.365762	-0.9166391	0.1612167
-0.3515801	-0.923947	0.1507098
-0.3426253	-0.9187585	0.1961905
-0.365771	-0.9199684	0.1409599
-0.3585725	-0.9179767	0.1695424
-0.3388236	-0.9244856	0.1747143
-0.3404918	-0.9298286	0.1395855
-0.3543377	-0.9161203	0.1875326
-0.3361677	-0.9240156	0.1821716
-0.346991	-0.9200697	0.1818489
-0.3514844	-0.9143183	0.2011983
-0.3508803	-0.9064594	0.2349774
-0.3482156	-0.9203851	0.1778683
-0.3533856	-0.9160073	0.1898665
-0.3209925	-0.9256871	0.2001678
-0.3584838	-0.9136474	0.1916714
-0.3674016	-0.9062594	0.2090692
-0.3153683	-0.9351414	0.1614103
-0.3415983	-0.9125632	0.224809
-0.3583894	-0.9241037	0.1326248
-0.349933	-0.9214027	0.1690091
-0.329977	-0.9242694	0.1919405
-0.3596053	-0.9150863	0.1824858
-0.3575238	-0.9131631	0.1957294
-0.3611646	-0.9194966	0.1551968
-0.3753013	-0.9132693	0.1583925
-0.3290533	-0.9284092	0.1725699
-0.3952737	-0.9048321	0.1582326
-0.3272254	-0.9281957	0.1771331
-0.3550934	-0.9167638	0.182901
-0.3482941	-0.917295	0.1930311
-0.3318273	-0.9246891	0.1866572
-0.3399028	-0.922501	0.1829156
-0.3409791	-0.9182462	0.2013882
-0.3531767	-0.9239196	0.1471021
-0.3411227	-0.9181619	0.2015295
-0.405285	-0.898715	0.1674981
-0.3096142	-0.9368184	0.1628201
-0.3167904	-0.9315091	0.1787024
-0.3445083	-0.9228565	0.1721912
-0.3296715	-0.9168276	0.225264
-0.306552	-0.9428371	0.1307071
-0.3245679	-0.9300718	0.1721104
-0.3459466	-0.9198254	0.1850467
-0.3259908	-0.9290915	0.1746975
-0.3429041	-0.9163312	0.2067704
-0.3209498	-0.9318848	0.1690621
-0.3365786	-0.9245135	0.178856
-0.3134235	-0.9312282	0.1859562
-0.3451453	-0.9280694	0.1398638
-0.3390228	-0.9234885	0.1795338
-0.2705082	-0.9420582	0.1983723
-0.2689518	-0.94592	0.1813847
-0.3648392	-0.92061	0.1391752
-0.3084635	-0.9294558	0.2023914
-0.3331366	-0.9255109	0.1801378
-0.2862937	-0.9463722	0.1497184
-0.2892	-0.9411585	0.1748833
-0.3390631	-0.9261813	0.164999
-0.3638307	-0.9138054	0.1805185
-0.3486699	-0.9259045	0.1453616
-0.2936404	-0.936323	0.1925472
-0.3050362	-0.9242519	0.2295896
-0.2861241	-0.9395943	0.1878713
-0.361699	-0.9230568	0.1309199
-0.3009415	-0.9293342	0.2139442
-0.3315139	-0.9131192	0.2373014
-0.281229	-0.9353153	0.2146987
-0.3187031	-0.9335452	0.1640787
-0.3154985	-0.9298304	0.1894094
-0.3615707	-0.9065195	0.21792
-0.3504978	-0.9259649	0.1405007
-0.3148497	-0.9327589	0.1755858
-0.360202	-0.9237258	0.1303267
-0.3331063	-0.9285196	0.1639859
-0.3553019	-0.9218956	0.1544957
-0.3158294	-0.9326747	0.1742687
-0.3182063	-0.9349866	0.1566684
-0.3313982	-0.928245	0.1689271
-0.318286	-0.9324998	0.1706991
-0.3561446	-0.9167373	0.1809799
-0.3640981	-0.9171432	0.1621141
-0.3407927	-0.9278671	0.1514035
-0.3189157	-0.9361688	0.1479216
-0.3220081	-0.936404	0.1394931
-0.3171531	-0.9354453	0.156064
-0.338394	-0.9282416	0.1544573
-0.3137185	-0.9360815	0.1591612
-0.3208798	-0.932108	0.1679609
-0.3209797	-0.9290826	0.1837867
-0.3518403	-0.9231734	0.1547886
-0.3469086	-0.9255533	0.1516757
-0.3513307	-0.9206738	0.1700778
-0.3285768	-0.9273181	0.1792159
-0.3488626	-0.9212439	0.1720598
-0.3611116	-0.9219361	0.1401156
-0.3534145	-0.9257994	0.1341404
-0.3685648	-0.911118	0.1844563
-0.3288526	-0.929305	0.1680725
-0.3499946	-0.9203447	0.1745545
-0.3366215	-0.9195336	0.2028396
-0.3347767	-0.9247596	0.1809533
-0.3905284	-0.9060915	0.1627447
-0.3153079	-0.9338532	0.1688168
-0.339714	-0.9297283	0.1421257
-0.3085211	-0.939493	0.1488883
-0.3395334	-0.9197654	0.1968469
-0.3225729	-0.9354745	0.1443407
-0.3208359	-0.9387541	0.1257184
-0.3701068	-0.9128593	0.1723627
-0.3435163	-0.9215027	0.1811889
-0.3445458	-0.9222184	0.175503
-0.3444499	-0.9299312	0.1287721
-0.373154	-0.911424	0.1733849
-0.3336966	-0.9292445	0.1585912
-0.32402	-0.9287912	0.1798831
-0.3313599	-0.9348712	0.1273436
-0.3226248	-0.9346972	0.149179
-0.3468096	-0.92694	0.1431962
-0.3439884	-0.922729	0.173906
-0.3568618	-0.9149579	0.1884192
-0.3418627	-0.9287875	0.1431213
-0.3387411	-0.9193213	0.2002567
-0.3438914	-0.9272536	0.1481197
-0.347354	-0.9272835	0.1396089
-0.3606294	-0.9226674	0.1364962
-0.3704635	-0.9176968	0.1434903
-0.3418739	-0.9269422	0.1545978
-0.3509204	-0.9192913	0.178209
-0.3298636	-0.9290164	0.1676859
-0.3684775	-0.9131585	0.1742579
-0.3168077	-0.926085	0.2049374
-0.3114111	-0.9354748	0.1670633
-0.3310148	-0.9302658	0.158224
-0.3135114	-0.9171408	0.2460962
-0.3173637	-0.9125167	0.2580575
-0.3731278	-0.8964773	0.2389646
-0.3396061	-0.9082887	0.2442936
-0.3578735	-0.898831	0.2530403
-0.3366655	-0.9062565	0.2556472
-0.3379166	-0.8971146	0.2846011
-0.33136	-0.9161717	0.2254552
-0.3320375	-0.9169562	0.2212296
-0.3339137	-0.9089838	0.2494998
-0.3359643	-0.8999101	0.2780104
-0.3344814	-0.9190489	0.2084978
-0.3340788	-0.9191929	0.2085087
-0.3427116	-0.9151099	0.2124209
-0.3422776	-0.9129349	0.2222519
-0.3437299	-0.9045883	0.2521302
-0.3411511	-0.9216284	0.1849786
-0.3287535	-0.9261377	0.1849056
-0.3302563	-0.9192508	0.214263
-0.3494596	-0.9155155	0.1992725
-0.3599734	-0.9086943	0.2114095
-0.3384278	-0.9156362	0.2169722
-0.2850147	-0.9345112	0.2132029
-0.3193166	-0.9250973	0.205504
-0.3505451	-0.9173345	0.188721
-0.3187366	-0.9232589	0.2144761
-0.333373	-0.9222227	0.1958767
-0.3598495	-0.9155577	0.1796175
-0.3474875	-0.9203882	0.1792709
-0.3737461	-0.9037541	0.2086683
-0.3432902	-0.9205597	0.1863372
-0.3469035	-0.9109555	0.2231994
-0.3359341	-0.9153407	0.2220351
-0.3418416	-0.9158698	0.2105394
-0.3281291	-0.9279674	0.1766571
-0.3203795	-0.9322312	0.1682319
-0.375299	-0.9093215	0.1796803
-0.3266621	-0.9259138	0.1896726
-0.3451674	-0.9237872	0.1657605
-0.3384871	-0.9193396	0.2006017
-0.3395984	-0.9219839	0.1860609
-0.3338506	-0.9288681	0.1604618
-0.312887	-0.9284496	0.2002076
-0.2920782	-0.9338946	0.2062308
-0.3366451	-0.9175478	0.2116037
-0.3429736	-0.9177635	0.2001979
-0.3472135	-0.9180211	0.1915201
-0.3263577	-0.9244107	0.1973715
-0.3496882	-0.9223937	0.1640363
-0.3670037	-0.9176975	0.1521168
-0.33792	-0.9271001	0.1621585
-0.3354504	-0.9229996	0.1885329
-0.364137	-0.9115652	0.1909266
-0.3317496	-0.9254134	0.1831725
-0.3293338	-0.9295278	0.1658839
-0.3400399	-0.929341	0.1438687
-0.3301686	-0.9295962	0.1638279
-0.3445247	-0.9105849	0.2283375
-0.3438838	-0.9253256	0.1597384
-0.3772977	-0.9109032	0.1670382
-0.3678438	-0.9197448	0.1369688
-0.3697924	-0.9089986	0.1922893
-0.3521339	-0.9284329	0.1183805
-0.3471074	-0.9232178	0.1648793
-0.3673722	-0.9138904	0.1727483
-0.3194427	-0.91961	0.2286347
-0.3527702	-0.9230445	0.1534337
-0.3478831	-0.9164662	0.1976534
-0.3301314	-0.9296494	0.1636005
-0.4037769	-0.9094775	0.09907056
-0.3634873	-0.922265	0.1315451
-0.3546276	-0.9119478	0.2063746
-0.3401949	-0.928001	0.1519264
-0.3633191	-0.9224162	0.1309484
-0.3499766	-0.9116976	0.2152297
-0.34956	-0.9273774	0.1333372
-0.3493457	-0.9192767	0.1813506
-0.3566983	-0.9211981	0.1554362
-0.3276837	-0.9344493	0.1393836
-0.3837008	-0.9069806	0.1736662
-0.3443504	-0.9276651	0.1444312
-0.3303683	-0.9302669	0.1595635
-0.3275567	-0.9258254	0.1885579
-0.3563285	-0.9117002	0.2045303
-0.3411038	-0.9297168	0.1388343
-0.3652639	-0.9162619	0.1644579
-0.3775909	-0.9087645	0.1776857
-0.3326661	-0.9156488	0.2256561
-0.3360632	-0.9298602	0.1497379
-0.3730941	-0.9115362	0.1729232
-0.3567436	-0.9229622	0.1444809
-0.3404715	-0.9214895	0.1869128
-0.3138381	-0.9279225	0.2011607
-0.321836	-0.9231007	0.2104912
-0.3172441	-0.9323113	0.1736426
-0.3539774	-0.9169248	0.1842525
-0.3956649	-0.9058232	0.1514384
-0.345221	-0.9276804	0.1422381
-0.3719408	-0.914264	0.1605661
-0.3500902	-0.9255311	0.1443222
-0.3617274	-0.9121105	0.1928932
-0.326443	-0.9305446	0.1658966
-0.3572566	-0.9211071	0.1546918
-0.352053	-0.9213733	0.1647118
-0.3631461	-0.9144115	0.1788198
-0.3324145	-0.9237881	0.1900423
-0.3174278	-0.9322124	0.1738376
-0.3321204	-0.9238563	0.1902254
-0.4045303	-0.8993302	0.1660136
-0.3605736	-0.9189607	0.159681
-0.3895537	-0.8924169	0.227684
-0.3173614	-0.9323323	0.1733152
-0.372822	-0.9141765	0.1590129
-0.3528699	-0.906621	0.2313465
-0.3088168	-0.9339219	0.1800611
-0.3530498	-0.9251348	0.1395762
-0.327591	-0.9327322	0.1506481
-0.3398484	-0.9280616	0.1523306
-0.3506007	-0.9274344	0.1301708
-0.3809537	-0.9068935	0.1800515
-0.3573702	-0.9232659	0.1409493
-0.3451322	-0.9278339	0.1414498
-0.3611769	-0.9190549	0.1577629
-0.3743829	-0.9100981	0.1776482
-0.3767226	-0.9156029	0.1405392
-0.3167299	-0.9328552	0.1716494
-0.3560677	-0.9191952	0.168214
-0.3654907	-0.9165511	0.1623289
-0.3206064	-0.9304465	0.1774287
-0.3559064	-0.9214566	0.1557187
-0.3212391	-0.9234278	0.2099676
-0.325454	-0.9305832	0.1676146
-0.3122936	-0.93535	0.1661117
-0.3225802	-0.9260153	0.1960551
-0.3363225	-0.9240791	0.1815626
-0.3543037	-0.9194131	0.1707291
-0.3627917	-0.91463	0.1784216
-0.3596388	-0.9247056	0.1248179
-0.3704413	-0.9162458	0.1525348
-0.3765649	-0.9156012	0.1409724
-0.3562802	-0.9212494	0.1560892
-0.387915	-0.9070911	0.1634252
-0.3465112	-0.9214983	0.1754163
-0.3606403	-0.9188626	0.1600943
-0.3425958	-0.9237791	0.1710564
-0.340665	-0.9279276	0.1513198
-0.3468404	-0.9214813	0.1748541
-0.3436554	-0.916729	0.2037377
-0.3447806	-0.9257317	0.1553942
-0.3551212	-0.9166212	0.1835605
-0.3336365	-0.9257255	0.1780979
-0.3137206	-0.9343175	0.169205
-0.3466943	-0.9213716	0.1757199
-0.321826	-0.9230418	0.2107646
-0.3831576	-0.9046065	0.1867551
-0.3135138	-0.9344528	0.1688407
-0.3590215	-0.9168516	0.174604
-0.3415892	-0.9214168	0.1852235
-0.3308729	-0.9211398	0.2049988
-0.3578629	-0.9229431	0.1418108
-0.3652821	-0.9186236	0.1506644
-0.3358851	-0.9214669	0.1951406
-0.35081	-0.9214785	0.1667629
-0.3614375	-0.9122162	0.1929365
-0.3171534	-0.9325593	0.1724728
-0.3547734	-0.9193646	0.1700133
-0.3942572	-0.9063147	0.152168
-0.3606002	-0.9259779	0.1119484
-0.3498996	-0.9194164	0.1795654
-0.333822	-0.926093	0.1758251
-0.3492754	-0.9255937	0.1458867
-0.3661554	-0.9122587	0.1836142
-0.3568246	-0.9211814	0.1552456
-0.3542006	-0.9169392	0.183751
-0.3494061	-0.9274762	0.1330535
-0.3508958	-0.9236399	0.1541473
-0.314688	-0.9305127	0.1873969
-0.3752352	-0.9144712	0.1514625
-0.3509553	-0.921849	0.1643926
-0.3473095	-0.9174221	0.1941981
-0.3537246	-0.9173418	0.182655
-0.3328131	-0.926511	0.1755357
-0.3266397	-0.9328974	0.1516869
-0.3379185	-0.9264745	0.1656994
-0.350713	-0.9152924	0.1980916
-0.3164923	-0.932656	0.1731627
-0.3187003	-0.9283648	0.1912302
-0.4028057	-0.9012537	0.1596535
-0.3269854	-0.9329807	0.1504244
-0.3359346	-0.9305882	0.1454426
-0.3278891	-0.9263521	0.1853661
-0.3082819	-0.927791	0.2101578
-0.3315633	-0.9239883	0.1905553
-0.3613443	-0.9047711	0.2254315
-0.3261906	-0.9238749	0.2001374
-0.3438774	-0.9197545	0.1892091
-0.3405344	-0.922052	0.1840009
-0.3491328	-0.9198066	0.1790588
-0.3372314	-0.9325981	0.1285914
-0.3423725	-0.9243971	0.1681403
-0.3689823	-0.918842	0.1399334
-0.369819	-0.9101833	0.1865483
-0.3666567	-0.9187697	0.1463732
-0.3423859	-0.9241365	0.1695395
-0.3679644	-0.9106907	0.1877359
-0.3542183	-0.9196479	0.1696383
-0.3647768	-0.918972	0.1497613
-0.342446	-0.924139	0.1694046
-0.3434452	-0.9261586	0.155807
-0.3421514	-0.917493	0.2028272
-0.307945	-0.9279653	0.2098818
-0.3816755	-0.9137787	0.1390412
-0.3123014	-0.9254683	0.2144203
-0.3474261	-0.9175363	0.1934483
-0.357805	-0.9174046	0.1741966
-0.2872206	-0.9364033	0.2016264
-0.3451015	-0.9218931	0.1761194
-0.3193755	-0.9281193	0.191295
-0.3641343	-0.9189141	0.1516673
-0.3390423	-0.9262158	0.1648471
-0.3395349	-0.9193484	0.1987829
-0.3391982	-0.919431	0.1989756
-0.3351612	-0.9285757	0.1594184
-0.3847765	-0.9094504	0.157629
-0.3297691	-0.9286574	0.1698461
-0.3481778	-0.9171442	0.1939553
-0.3541358	-0.917034	0.1834024
-0.3755667	-0.9097614	0.1768723
-0.371194	-0.9122479	0.1732592
-0.3876672	-0.9047838	0.1762959
-0.3180205	-0.9256491	0.2050289
-0.3247695	-0.9282586	0.1812752
-0.3448568	-0.9195101	0.1886139
-0.3579147	-0.9173588	0.1742124
-0.3366057	-0.9241214	0.180821
-0.343736	-0.9197824	0.18933
-0.3245997	-0.9214411	0.2134977
-0.3039874	-0.9367523	0.1734549
-0.3203316	-0.930715	0.1765143
-0.3782682	-0.9139566	0.1469575
-0.356577	-0.9193594	0.1662254
-0.3659033	-0.9188313	0.1478637
-0.360979	-0.9191305	0.1577757
-0.3557009	-0.9216087	0.1552875
-0.3255364	-0.9308731	0.1658355
-0.3014247	-0.9410227	0.153686
-0.3606325	-0.9193827	0.157097
-0.3543187	-0.925599	0.1331343
-0.3188592	-0.9373513	0.1403614
-0.2926297	-0.9368306	0.1916144
-0.3129615	-0.934795	0.167969
-0.3363298	-0.9241346	0.1812664
-0.3401988	-0.9220734	0.1845138
-0.3202194	-0.9306393	0.177116
-0.3202839	-0.9308329	0.1759787
-0.3119903	-0.9404646	0.1348647
-0.3243716	-0.9284614	0.1809485
-0.3490421	-0.9095814	0.2254579
-0.3192748	-0.9283181	0.1904964
-0.3421077	-0.9241747	0.1698926
-0.3658639	-0.9127499	0.1817441
-0.3768665	-0.9121362	0.1611805
-0.348523	-0.9259239	0.1455909
-0.3834361	-0.9134324	0.1364477
-0.3739938	-0.9212559	0.1068469
-0.3711222	-0.9058319	0.2042965
-0.3615549	-0.921045	0.1447559
-0.3748069	-0.9161199	0.1422816
-0.3427185	-0.9240962	0.1690868
-0.3396627	-0.9263508	0.1627985
-0.3352998	-0.9282053	0.1612734
-0.3482716	-0.9174815	0.1921837
-0.3083214	-0.9350706	0.174874
-0.3431568	-0.917389	0.2015954
-0.3212401	-0.930663	0.1751321
-0.3391821	-0.9197482	0.1975315
-0.3524222	-0.9151157	0.1958617
-0.3476596	-0.9065994	0.239187
-0.3177589	-0.9260651	0.2035505
-0.3499635	-0.9259501	0.1419219
-0.3674805	-0.9186604	0.1449865
-0.3549317	-0.9196232	0.1682754
-0.3209153	-0.9308887	0.1745268
-0.3564629	-0.9194213	0.1661286
-0.3796792	-0.9045712	0.1938934
-0.3600279	-0.9169382	0.1720587
-0.3427376	-0.9239767	0.1697001
-0.3791443	-0.9136541	0.1465803
-0.366887	-0.9124361	0.1812572
-0.3445276	-0.9259168	0.1548514
-0.3341847	-0.9262674	0.1742103
-0.3298231	-0.9186315	0.2175612
-0.3424944	-0.9238217	0.1710293
-0.3429831	-0.9237859	0.1702421
-0.3517246	-0.9215396	0.1644828
-0.3388033	-0.925886	0.1671752
-0.3398757	-0.9193563	0.1981631
-0.3266074	-0.9301633	0.1677012
-0.3351686	-0.928045	0.1624644
-0.3749675	-0.9114253	0.1694202
-0.4028147	-0.9000977	0.1660255
-0.3175397	-0.9401238	0.1238377
-0.3594411	-0.9246732	0.1256244
-0.3529517	-0.9235254	0.1500866
-0.350428	-0.9195239	0.1779775
-0.3746489	-0.917931	0.1305406
-0.372428	-0.9121	0.1713797
-0.3880132	-0.9073002	0.162025
-0.351272	-0.9217457	0.164295
-0.3549333	-0.9253384	0.1333084
-0.3382648	-0.932283	0.1281609
-0.3325637	-0.9321658	0.1430672
-0.3460927	-0.9278342	0.1390814
-0.3534688	-0.9173465	0.1831258
-0.3468281	-0.9216622	0.1739226
-0.3469294	-0.9215823	0.1741438
-0.3340761	-0.926211	0.1747175
-0.3877491	-0.9020993	0.189387
-0.3582083	-0.9211382	0.1522866
-0.3433701	-0.9237363	0.1697295
-0.3236604	-0.9257588	0.1954855
-0.3563006	-0.9189075	0.1692896
-0.3326042	-0.9236597	0.1903346
-0.3341009	-0.9259371	0.1761167
-0.3415384	-0.9214982	0.1849119
-0.3466684	-0.9214541	0.1753379
-0.3322627	-0.9235971	0.1912327
-0.3306589	-0.9210935	0.2055519
-0.3336541	-0.9258198	0.1775741
-0.3708122	-0.9159067	0.1536656
-0.3248382	-0.9277704	0.1836358
-0.3479799	-0.9233796	0.1621112
-0.3620315	-0.920527	0.1468441
-0.3390678	-0.9258856	0.1666402
-0.3299916	-0.9281442	0.1722024
-0.373412	-0.9114524	0.1726785
-0.3535477	-0.9249894	0.1392792
-0.3446732	-0.9192153	0.1903781
-0.3404219	-0.9281135	0.1507253
-0.353381	-0.9171138	0.1844565
-0.3502548	-0.9120808	0.2131435
-0.3281925	-0.9259382	0.186891
-0.3336844	-0.9259956	0.1765981
-0.3374281	-0.9236692	0.1815971
-0.313456	-0.9343297	0.1696274
-0.3575971	-0.9144567	0.1894554
-0.3714983	-0.9119561	0.174141
-0.3314495	-0.9301696	0.1578791
-0.3407803	-0.9214643	0.1864737
-0.3891709	-0.900106	0.195845
-0.3196206	-0.9279143	0.1918792
-0.3425793	-0.9236788	0.1716305
-0.3353107	-0.928119	0.1617464
-0.3108809	-0.9385656	0.1498255
-0.3748979	-0.9069993	0.1918435
-0.3629353	-0.9206544	0.1437827
-0.3295936	-0.9283153	0.1720428
-0.3491111	-0.9169639	0.1931286
-0.3464064	-0.9218748	0.1736362
-0.3692546	-0.9102136	0.1875158
-0.3343941	-0.9282081	0.163127
-0.3532177	-0.9172271	0.1842054
-0.3387759	-0.926121	0.1659241
-0.3317599	-0.923947	0.1904132
-0.3036145	-0.9369948	0.1727976
-0.3343272	-0.9284342	0.1619727
-0.3313884	-0.9239963	0.1908208
-0.3036952	-0.9369541	0.1728765
-0.3362249	-0.924203	0.1811119
-0.3903089	-0.9088935	0.1468726
-0.3789271	-0.9074955	0.1812904
-0.3317207	-0.9324743	0.1430139
-0.3511116	-0.9217165	0.1648009
-0.3629237	-0.9074649	0.2116455
-0.3903043	-0.9065234	0.1608655
-0.3372869	-0.932147	0.1316799
-0.3612902	-0.9210344	0.1454819
-0.341971	-0.9239257	0.1715144
-0.3671555	-0.9204754	0.1338723
-0.3652986	-0.9240133	0.1129446
-0.3196447	-0.9360937	0.1468195
-0.3280488	-0.9260365	0.1866561
-0.317093	-0.9320786	0.1751617
-0.3165582	-0.9327497	0.1725372
-0.3560265	-0.9120786	0.2033658
-0.3366782	-0.9239147	0.1817399
-0.3502926	-0.9216321	0.1670014
-0.3293885	-0.9283162	0.1724305
-0.3407583	-0.9218302	0.1846965
-0.3704994	-0.9124888	0.173477
-0.3222203	-0.926235	0.195609
-0.3415225	-0.9240111	0.1719472
-0.3519578	-0.9236136	0.1518672
-0.348195	-0.9238789	0.1587706
-0.3923393	-0.9069153	0.1535399
-0.3966995	-0.9019912	0.1704154
-0.3296227	-0.9282143	0.1725316
-0.3489814	-0.9255131	0.1470975
-0.3403489	-0.9279914	0.151639
-0.3720546	-0.9142476	0.1603954
-0.3181994	-0.9254085	0.2058355
-0.38039	-0.909436	0.168017
-0.3136319	-0.9343765	0.1690438
-0.3092559	-0.9272143	0.2112691
-0.3384854	-0.9259011	0.1677342
-0.3441879	-0.9256703	0.157065
-0.3385206	-0.9257304	0.1686034
-0.3090602	-0.927349	0.2109639
-0.3353828	-0.9214945	0.1958732
-0.3385462	-0.9259658	0.1672536
-0.3126543	-0.9317847	0.184457
-0.3308383	-0.9212782	0.2044318
-0.3432328	-0.9169171	0.2036035
-0.3614093	-0.9188786	0.1582569
-0.3490534	-0.9169396	0.1933478
-0.3483507	-0.9234415	0.1609579
-0.3390712	-0.9256982	0.167671
-0.3554384	-0.9189638	0.170789
-0.360955	-0.9187764	0.1598795
-0.356605	-0.9211744	0.1557901
-0.3392934	-0.9259369	0.1658945
-0.3469705	-0.9214805	0.1746
-0.3602454	-0.9245094	0.1245217
-0.3550658	-0.9251497	0.1342621
-0.3573149	-0.9148248	0.1882064
-0.3395374	-0.9261866	0.1639899
-0.3583966	-0.9230803	0.1395518
-0.3618432	-0.9208905	0.1450175
-0.360277	-0.9190151	0.1600367
-0.3685053	-0.9074012	0.2020566
-0.3282074	-0.9261	0.186061
-0.311504	-0.9325597	0.1824764
-0.3280514	-0.9261374	0.1861501
-0.3091744	-0.9368191	0.1636492
-0.3628148	-0.9146867	0.1780833
-0.3471999	-0.9237726	0.1615433
-0.3496843	-0.9194158	0.1799871
-0.3788016	-0.9098311	0.1694598
-0.3783207	-0.9137007	0.1484064
-0.3572756	-0.9231456	0.1419732
-0.3292558	-0.9284353	0.1720423
-0.381393	-0.9116151	0.153288
-0.3430375	-0.9168818	0.2040909
-0.3660125	-0.9122139	0.1841211
-0.3344132	-0.9187745	0.2098124
-0.3588541	-0.9167178	0.1756477
-0.3456495	-0.9213793	0.1777264
-0.3863493	-0.9086013	0.1586754
-0.3130888	-0.9345077	0.1693249
-0.3728171	-0.9138579	0.1608451
-0.3447392	-0.9190693	0.1909622
-0.3047864	-0.9360472	0.1758431
-0.3084374	-0.9341115	0.1797282
-0.348264	-0.9232568	0.1622005
-0.3508906	-0.9115325	0.2144394
-0.3463176	-0.9272478	0.1423922
-0.3543372	-0.9164543	0.1858945
-0.345172	-0.9254763	0.1560441
-0.3289834	-0.9340253	0.1391634
-0.3359354	-0.9281964	0.1599964
-0.3224659	-0.9399011	0.1122574
-0.3661199	-0.9202121	0.1384411
-0.3731528	-0.9138478	0.1601226
-0.3897031	-0.9025098	0.1833236
-0.3758204	-0.9093226	0.1785815
-0.3491636	-0.9231977	0.1605949
-0.3126896	-0.9401128	0.1356956
-0.3622942	-0.9204469	0.1466981
-0.3160184	-0.9384466	0.1394646
-0.3460081	-0.9188918	0.1895161
-0.3487681	-0.9091204	0.2277295
-0.3104313	-0.9297604	0.1979342
-0.3246588	-0.9276986	0.184315
-0.4025247	-0.899699	0.1688656
-0.3399969	-0.9276916	0.1542412
-0.3566027	-0.9264262	0.1207023
-0.3612666	-0.9205985	0.1482733
-0.3729733	-0.9138004	0.1608099
-0.3264025	-0.9298825	0.1696467
-0.3689284	-0.9098741	0.1897917
-0.3502645	-0.9188983	0.1814956
-0.343297	-0.9233633	0.1718935
-0.3624271	-0.9142437	0.1811216
-0.3785612	-0.9109916	0.1636632
-0.3821686	-0.9130703	0.1423021
-0.3349916	-0.9278092	0.1641663
-0.3785824	-0.9071656	0.1836467
-0.337499	-0.9315932	0.1350126
-0.3280352	-0.9256532	0.1885712
-0.3651894	-0.9184273	0.1520792
-0.3283026	-0.9257895	0.1874335
-0.319286	-0.9276572	0.1936707
-0.3490902	-0.9191452	0.1825049
-0.326006	-0.9301201	0.169106
-0.3359914	-0.9298029	0.1502543
-0.3280001	-0.9256937	0.1884337
-0.3599485	-0.9188367	0.161791
-0.3558144	-0.9188981	0.1703594
-0.3692008	-0.9097692	0.1897648
-0.3583205	-0.9227375	0.1419932
-0.3568609	-0.9227896	0.1452917
-0.3562933	-0.9209169	0.1580102
-0.3283895	-0.925773	0.1873628
-0.3572664	-0.9208338	0.1562883
-0.3212083	-0.9377888	0.131823
-0.3364643	-0.9297827	0.1493181
-0.371095	-0.9051638	0.2072853
-0.3387581	-0.9257312	0.1681209
-0.3623244	-0.9206064	0.1456187
-0.3751586	-0.9068429	0.1920729
-0.3495686	-0.9253479	0.1467417
-0.3515523	-0.9145297	0.2001158
-0.3061964	-0.9289989	0.2078575
-0.3246998	-0.9280506	0.1824613
-0.3340449	-0.9188195	0.2102017
-0.3411664	-0.9213881	0.1861434
-0.3824269	-0.9004149	0.2073711
-0.3780773	-0.9112195	0.1635128
-0.3967124	-0.9015323	0.1727967
-0.3561459	-0.9266105	0.1206357
-0.3503275	-0.9191256	0.1802184
-0.3787456	-0.9097495	0.1700219
-0.3446133	-0.9258856	0.1548463
-0.3552903	-0.9266749	0.1226469
-0.3318265	-0.9237394	0.1913029
-0.3784881	-0.9072723	0.1833133
-0.3862426	-0.908766	0.1579906
-0.3593635	-0.9167395	0.1744892
-0.3516471	-0.9213768	0.1655572
-0.380395	-0.9168416	0.1212484
-0.3893573	-0.9039887	0.1766505
-0.3646127	-0.9251106	0.1059624
-0.3280259	-0.9323826	0.1518608
-0.3421989	-0.9212365	0.1849951
-0.3567061	-0.9117818	0.2035058
-0.3318123	-0.9299471	0.1584271
-0.3533653	-0.9230644	0.1519381
-0.3121684	-0.9322208	0.1830713
-0.3200545	-0.9366063	0.1425963
-0.3639667	-0.9032828	0.227175
-0.3807033	-0.9092374	0.168382
-0.4004115	-0.9072394	0.1287916
-0.3277859	-0.9324067	0.1522306
-0.3897874	-0.9065776	0.1618106
-0.3623244	-0.9207651	0.1446118
-0.374597	-0.9136941	0.1576076
-0.3586257	-0.916926	0.1750271
-0.3609413	-0.9165726	0.1720936
-0.360757	-0.9189065	0.1595786
-0.3773717	-0.9116276	0.162867
-0.367929	-0.9076614	0.2019381
-0.34045	-0.9217016	0.1859036
-0.3528089	-0.9234729	0.1507434
-0.3133903	-0.9345672	0.1684363
-0.308019	-0.9345497	0.1781606
-0.3249012	-0.921159	0.2142551
-0.3535841	-0.9234094	0.1493094
-0.3449323	-0.9193371	0.1893175
-0.3501285	-0.9272356	0.1328307
-0.3289882	-0.9342664	0.1375242
-0.328564	-0.9259021	0.1864165
-0.3664715	-0.9184156	0.1490351
-0.3579942	-0.9210228	0.1534839
-0.3693352	-0.9099935	0.1884233
-0.3861904	-0.9063777	0.171279
-0.3845299	-0.9039789	0.1869728
-0.3536839	-0.9231284	0.1508029
-0.3290451	-0.9340572	0.138803
-0.3944363	-0.9059518	0.1538553
-0.3527656	-0.9211638	0.1643586
-0.3561947	-0.9189306	0.1693868
-0.3658635	-0.9202904	0.1385985
-0.3139208	-0.9371448	0.1523595
-0.3560101	-0.9212278	0.1568318
-0.3421241	-0.930079	0.1338059
-0.3465509	-0.9144266	0.2091087
-0.3276319	-0.9259118	0.1880019
-0.3150435	-0.9390511	0.1375885
-0.3541211	-0.916729	0.184949
-0.3400468	-0.9280719	0.1518243
-0.3243136	-0.9364876	0.1334602
-0.3115902	-0.9321561	0.1843815
-0.3408392	-0.9215471	0.1859553
-0.3611144	-0.918743	0.159711
-0.3444623	-0.927518	0.1451077
-0.3800088	-0.9151105	0.1347811
-0.3547733	-0.9265306	0.1252075
-0.3489738	-0.9166157	0.1950204
-0.3367452	-0.9237693	0.1823537
-0.3827049	-0.9111081	0.1530322
-0.3255505	-0.9301549	0.1697905
-0.3254666	-0.9303292	0.1689948
-0.3274191	-0.9258415	0.1887175
-0.3554201	-0.9120733	0.2044479
-0.3081968	-0.9370918	0.1639319
-0.355541	-0.9150357	0.1905264
-0.3523566	-0.9171989	0.1859864
-0.3807648	-0.9053643	0.1879724
-0.3586887	-0.9192349	0.1623257
-0.3628638	-0.9169065	0.1661694
-0.3810109	-0.9091436	0.1681914
-0.3554852	-0.9213038	0.1575741
-0.325533	-0.938197	0.1175355
-0.3482434	-0.9256237	0.1481472
-0.3626071	-0.9145354	0.1792795
-0.3448992	-0.9193031	0.1895424
-0.3799792	-0.9131456	0.1475834
-0.3309425	-0.9302222	0.1586312
-0.3243316	-0.9277607	0.1845779
-0.3233906	-0.9340455	0.1515837
-0.3324785	-0.9159154	0.2248487
-0.3561043	-0.9147968	0.1906213
-0.3264166	-0.9234695	0.2016339
-0.3654541	-0.9146858	0.1726066
-0.3076616	-0.9343392	0.1798744
-0.3364046	-0.9237394	0.1831324
-0.335345	-0.9212888	0.1969027
-0.3416755	-0.9235498	0.1741083
-0.3610221	-0.9120303	0.1945861
-0.3692762	-0.9162021	0.1555917
-0.3559693	-0.9189034	0.1700074
-0.3348581	-0.9280156	0.1632699
-0.3669865	-0.9165658	0.1588332
-0.3474053	-0.9169261	0.196357
-0.343828	-0.9192562	0.1917043
-0.3578576	-0.9168934	0.1767612
-0.345449	-0.9214768	0.1776103
-0.3838328	-0.9068344	0.1741375
-0.3556368	-0.9210917	0.1584695
-0.3621716	-0.9145011	0.1803321
-0.3272919	-0.9258676	0.1888103
-0.3422409	-0.9256417	0.1614264
-0.3259864	-0.9232981	0.2031095
-0.3566185	-0.9145162	0.1910064
-0.3502133	-0.921322	0.168868
-0.3328528	-0.9258389	0.1789727
-0.3247885	-0.9205975	0.216824
-0.3280995	-0.9256003	0.1887187
-0.3581561	-0.9243911	0.1312444
-0.3781896	-0.9070935	0.1848083
-0.3475806	-0.9233977	0.162863
-0.3432344	-0.9254405	0.1604678
-0.361093	-0.9087502	0.2092484
-0.3676667	-0.9141142	0.1709282
-0.3421088	-0.9235536	0.1732354
-0.3518337	-0.9143173	0.2005915
-0.3351897	-0.9279427	0.1630041
-0.3738045	-0.9136662	0.1596379
-0.3641223	-0.9125976	0.1859586
-0.3651968	-0.9184429	0.1519671
-0.3053609	-0.9385941	0.1606108
-0.3496984	-0.9189623	0.1822616
-0.3399529	-0.9275074	0.1554412
-0.3539614	-0.9249044	0.1387915
-0.3450713	-0.9212971	0.1792693
-0.3491039	-0.9190232	0.1830922
-0.3492492	-0.90847	0.2295803
-0.3551723	-0.9262466	0.1261735
-0.3326454	-0.9154571	0.2264622
-0.3446678	-0.9186861	0.1929251
-0.3197188	-0.9366633	0.1429741
-0.3337354	-0.9254636	0.1792699
-0.3645281	-0.9092966	0.2007465
-0.3351111	-0.9276869	0.1646135
-0.3421182	-0.9233	0.1745632
-0.333742	-0.9256271	0.1784115
-0.390853	-0.9057393	0.1639208
-0.3700176	-0.9134544	0.1693758
-0.3752487	-0.9154416	0.145448
-0.3271844	-0.9150898	0.2357136
-0.331864	-0.9233218	0.1932435
-0.3033989	-0.9264078	0.2229748
-0.3191529	-0.9274074	0.1950813
-0.3294746	-0.9278694	0.1746565
-0.3220443	-0.9318483	0.1671716
-0.3799859	-0.9051521	0.1905527
-0.3463149	-0.9139927	0.2113843
-0.3344315	-0.9276035	0.1664551
-0.3007839	-0.9378901	0.1728912
-0.3721568	-0.9195292	0.1263543
-0.3380958	-0.9256912	0.1696672
-0.367521	-0.9141721	0.1709324
-0.3684296	-0.9069988	0.2039921
-0.3576563	-0.9142067	0.1905464
-0.339923	-0.9277168	0.1542525
-0.3707524	-0.9117904	0.1765814
-0.3779095	-0.9110151	0.1650328
-0.3413743	-0.929469	0.139825
-0.3517941	-0.9141746	0.2013099
-0.337147	-0.9163094	0.2161226
-0.3453019	-0.9212641	0.1789944
-0.333014	-0.925663	0.179582
-0.3536282	-0.9189723	0.1744615
-0.3351571	-0.921152	0.1978605
-0.3180871	-0.9341323	0.1619178
-0.3558557	-0.9210616	0.1581524
-0.3157728	-0.9226815	0.2212386
-0.3382388	-0.9259914	0.1677338
-0.3050033	-0.929245	0.2085109
-0.3672939	-0.9143713	0.1703538
-0.3563195	-0.9211524	0.1565719
-0.3536393	-0.9251615	0.1378961
-0.3556082	-0.9212942	0.1573527
-0.3241416	-0.9365818	0.1332168
-0.3555479	-0.9151185	0.1901155
-0.3518598	-0.9237185	0.1514559
-0.3599302	-0.921275	0.1473187
-0.3707907	-0.916207	0.1519181
-0.3897589	-0.9066061	0.1617192
-0.3817502	-0.9050831	0.1873274
-0.3618502	-0.917198	0.1667703
-0.3009009	-0.9317153	0.2033848
-0.3311242	-0.9323403	0.1452521
-0.3545186	-0.9215	0.1586008
-0.3135883	-0.9276977	0.2025813
-0.375491	-0.9120156	0.1650276
-0.342535	-0.9168496	0.2050773
-0.3154413	-0.9228389	0.2210549
-0.3376633	-0.9259737	0.1689862
-0.3450736	-0.9216011	0.1776955
-0.3490556	-0.9193485	0.1815446
-0.3464044	-0.9237117	0.1635866
-0.3290713	-0.9284183	0.1724861
-0.3109436	-0.9325482	0.1834878
-0.349835	-0.919254	0.1805202
-0.3460327	-0.9144831	0.2097189
-0.3353957	-0.9213516	0.1965222
-0.349533	-0.9254999	0.1458646
-0.3585615	-0.9246323	0.1284085
-0.3796299	-0.9094791	0.1694966
-0.3244633	-0.9361551	0.1354149
-0.3502487	-0.9149422	0.2005159
-0.3670182	-0.9166256	0.1584146
-0.3173135	-0.9253492	0.2074635
-0.3088228	-0.9366692	0.1651642
-0.3434004	-0.9192933	0.1922914
-0.3188987	-0.9278809	0.1932366
-0.2970576	-0.9447567	0.138533
-0.3257213	-0.9302962	0.1686853
-0.3772515	-0.91366	0.1513492
-0.3439743	-0.9191468	0.1919655
-0.3447165	-0.9191899	0.1904216
-0.3594201	-0.9166629	0.174775
-0.3619903	-0.914543	0.1804829
-0.3393653	-0.9259644	0.1655932
-0.3349979	-0.9279571	0.1633158
-0.3352109	-0.9281397	0.161834
-0.3484609	-0.9253563	0.1493013
-0.3442203	-0.9191568	0.1914764
-0.3831834	-0.9148203	0.1275707
-0.3532191	-0.9096149	0.2187166
-0.3248969	-0.9205939	0.2166769
-0.3766307	-0.9048527	0.198471
-0.3444833	-0.9189989	0.1917613
-0.345031	-0.9114649	0.224021
-0.356235	-0.9146743	0.1909649
-0.3219487	-0.9322907	0.1648728
-0.3035285	-0.9365711	0.1752284
-0.3474336	-0.9170026	0.1959495
-0.3765739	-0.91901	0.1166736
-0.3429678	-0.9258171	0.1588582
-0.3598664	-0.9189034	0.1615942
-0.359104	-0.9190628	0.1623822
-0.3623308	-0.9144889	0.1800736
-0.3579456	-0.914379	0.1891717
-0.3768876	-0.9137739	0.1515681
-0.3841489	-0.9067055	0.1741116
-0.346345	-0.9214003	0.1762571
-0.336078	-0.9300568	0.1484793
-0.3866628	-0.8986604	0.2071271
-0.3296227	-0.9280416	0.173458
-0.3653453	-0.9161345	0.1649858
-0.3619801	-0.914203	0.1822177
-0.3294399	-0.927609	0.176099
-0.3440366	-0.918909	0.1929896
-0.3218748	-0.9319009	0.1672049
-0.3156352	-0.9223418	0.2228453
-0.3433679	-0.9254059	0.1603824
-0.3226028	-0.9251104	0.2002453
-0.3592404	-0.9121706	0.1972085
-0.3778977	-0.9110647	0.1647854
-0.3540493	-0.9164509	0.1864585
-0.345588	-0.9289314	0.1328738
-0.3378122	-0.9256433	0.1704913
-0.3726267	-0.9041417	0.2089905
-0.362889	-0.91399	0.181477
-0.331169	-0.9301015	0.1588657
-0.3502177	-0.9188278	0.1819424
-0.3660099	-0.9117736	0.1862939
-0.3651225	-0.9182953	0.1530341
-0.3419744	-0.9234981	0.1737954
-0.3691315	-0.9096363	0.1905354
-0.340776	-0.9138851	0.2206486
-0.3669142	-0.9141753	0.1722137
-0.3067373	-0.9315904	0.1950681
-0.3191652	-0.9276079	0.1941058
-0.3557962	-0.9210607	0.1582918
-0.3419123	-0.923622	0.1732585
-0.355819	-0.9188614	0.1705475
-0.3781599	-0.9071837	0.1844258
-0.3682656	-0.9070995	0.2038401
-0.3583066	-0.9167489	0.1766002
-0.3365301	-0.9237611	0.1827915
-0.3451606	-0.9215512	0.1777849
-0.3282344	-0.9345579	0.1373452
-0.2993278	-0.938881	0.1700157
-0.3496583	-0.9271336	0.1347681
-0.3323156	-0.9322587	0.1430383
-0.3990818	-0.8995134	0.1777905
-0.3025184	-0.9425423	0.1417632
-0.3322078	-0.925862	0.180049
-0.34888	-0.9194289	0.1814747
-0.3306758	-0.930482	0.1576602
-0.3259429	-0.923606	0.2017751
-0.3348634	-0.9215506	0.1964967
-0.3319163	-0.9322289	0.1441559
-0.3417664	-0.9238789	0.1721729
-0.3207446	-0.9234065	0.2108159
-0.3462914	-0.9237562	0.1635751
-0.3392838	-0.9280971	0.1533696
-0.359365	-0.9247531	0.1252545
-0.3584644	-0.9247782	0.1276264
-0.3330238	-0.9261953	0.1767976
-0.3696739	-0.9125046	0.1751475
-0.3720225	-0.9143332	0.1599815
-0.360317	-0.921068	0.1476674
-0.3481546	-0.9255692	0.1486947
-0.3684135	-0.9184421	0.1439983
-0.3503228	-0.9192201	0.1797451
-0.3383817	-0.9192946	0.2009861
-0.3259304	-0.9235586	0.2020122
-0.321333	-0.9325262	0.164742
-0.3171163	-0.9254976	0.2071025
-0.3456363	-0.9216023	0.176592
-0.3826719	-0.9110427	0.1535032
-0.3589071	-0.9126596	0.1955459
-0.3377553	-0.9258508	0.1694745
-0.3436824	-0.9257631	0.1576239
-0.3641156	-0.9164522	0.1659373
-0.3669432	-0.9181407	0.1495672
-0.3543027	-0.9122412	0.2056347
-0.3517947	-0.923146	0.1550546
-0.3155091	-0.9295341	0.1908415
-0.3553761	-0.9264128	0.1243667
-0.3259131	-0.9302044	0.1688208
-0.3330821	-0.9254446	0.1805783
-0.3531413	-0.9228374	0.1538255
-0.3364257	-0.9295528	0.1508289
-0.3564428	-0.9207268	0.1587784
-0.3423005	-0.9294575	0.1376194
-0.3428287	-0.9230697	0.1743876
-0.3518388	-0.9207055	0.1688519
-0.3601287	-0.9183303	0.1642465
-0.3473867	-0.9207825	0.1774316
-0.35319	-0.9136392	0.2012965
-0.3095269	-0.9363377	0.1657249
-0.35069	-0.9185	0.1826862
-0.3564421	-0.9262059	0.1228482
-0.3300937	-0.9279093	0.1732696
-0.3644685	-0.9182085	0.1550999
-0.3728838	-0.9070131	0.1956654
-0.3176773	-0.9249541	0.2086653
-0.3452557	-0.9211412	0.1797144
-0.3490243	-0.9190066	0.1833269
-0.3485374	-0.9252831	0.1495763
-0.3740914	-0.9156607	0.147041
-0.3365799	-0.9300258	0.1475332
-0.3485109	-0.9252115	0.1500801
-0.3356137	-0.921054	0.1975423
-0.3532179	-0.9231173	0.1519587
-0.3593212	-0.9164546	0.1760658
-0.3530033	-0.9232026	0.151939
-0.3357764	-0.9298803	0.1502559
-0.3534626	-0.9166716	0.1864872
-0.3657112	-0.9183529	0.1512724
-0.3586331	-0.9244648	0.1294107
-0.3531753	-0.9168109	0.1863464
-0.372265	-0.9194987	0.1262569
-0.3511479	-0.9212236	0.1674582
-0.360083	-0.9188218	0.1615761
-0.3116918	-0.9319952	0.1850221
-0.3666339	-0.9143263	0.1720092
-0.3221803	-0.9321762	0.1650681
-0.3257303	-0.9302284	0.1690412
-0.3345068	-0.934224	0.1238177
-0.3593256	-0.9164504	0.1760789
-0.3535989	-0.9165495	0.1868285
-0.3382025	-0.9255243	0.1703638
-0.3585049	-0.9165562	0.1771973
-0.3644095	-0.9094662	0.2001925
-0.3484641	-0.9232029	0.1620782
-0.335775	-0.9209542	0.1977337
-0.3671578	-0.9140713	0.1722467
-0.3419492	-0.9293119	0.1394642
-0.3762547	-0.9113854	0.1667603
-0.3791694	-0.9150842	0.137301
-0.313554	-0.9341024	0.170695
-0.3705248	-0.9177769	0.1428172
-0.3436779	-0.9252933	0.1603676
-0.36493	-0.9161096	0.1660405
-0.3420374	-0.9233142	0.1746465
-0.364491	-0.9094439	0.2001455
-0.3455418	-0.914372	0.211009
-0.3247574	-0.9206166	0.2167895
-0.3509816	-0.9212065	0.1679004
-0.3408124	-0.9212745	0.1873501
-0.324768	-0.9206615	0.2165828
-0.341504	-0.9295278	0.1391159
-0.3350025	-0.9279287	0.1634673
-0.3126221	-0.9346347	0.1694858
-0.3433029	-0.9257503	0.1585235
-0.3683723	-0.9071229	0.2035436
-0.3517033	-0.9212165	0.1663278
-0.3328295	-0.9258595	0.1789097
-0.3695106	-0.9180823	0.1434809
-0.326929	-0.9320091	0.1564497
-0.3489572	-0.9253114	0.148417
-0.3593745	-0.9186675	0.1640127
-0.3625093	-0.9069212	0.2146649
-0.3453457	-0.9336712	0.09483932
-0.3354879	-0.9209995	0.1980096
-0.3467633	-0.9138582	0.2112308
-0.3247062	-0.9204844	0.2174265
-0.3648851	-0.9182856	0.1536571
-0.3399954	-0.9211699	0.1893391
-0.3712696	-0.9210725	0.1174061
-0.3440298	-0.9189293	0.1929053
-0.2952245	-0.9408398	0.166322
-0.3476317	-0.9165237	0.1978296
-0.385972	-0.9170992	0.09977324
-0.3386402	-0.9187657	0.2029595
-0.3202471	-0.9300644	0.180061
-0.3698948	-0.9093001	0.1906597
-0.3411556	-0.9235222	0.1752699
-0.341418	-0.9236242	0.1742185
-0.3437482	-0.925879	0.1567963
-0.3471669	-0.9168862	0.1969641
-0.3442775	-0.9191231	0.1915355
-0.3331453	-0.9261301	0.1769107
-0.3094495	-0.9297406	0.1995578
-0.32513	-0.930549	0.1684316
-0.3870159	-0.910681	0.1444955
-0.3195379	-0.9305139	0.178996
-0.3534143	-0.9193878	0.1726976
-0.364858	-0.912467	0.1851553
-0.3465837	-0.9237785	0.1628279
-0.3665596	-0.9204187	0.1358801
-0.3623163	-0.916979	0.1669622
-0.3178566	-0.927976	0.1944935
-0.4041609	-0.9037208	0.1412188
-0.3181306	-0.937038	0.1440579
-0.3281593	-0.9284738	0.1739195
-0.32295	-0.9285103	0.1832263
-0.3740632	-0.9161114	0.1442794
-0.3681652	-0.916723	0.1551563
-0.3643002	-0.9168121	0.1635264
-0.3028165	-0.9369999	0.1741645
-0.3519137	-0.9174909	0.1853837
-0.312481	-0.9282805	0.2016207
-0.3699644	-0.9184294	0.1400491
-0.3818089	-0.9050344	0.1874432
-0.359445	-0.9169445	0.1732402
-0.363511	-0.9170042	0.164205
-0.3882682	-0.9070001	0.1630906
-0.3171414	-0.9354703	0.1559378
-0.3323912	-0.9262699	0.1775956
-0.3559065	-0.9214767	0.1555998
-0.3450961	-0.9219681	0.1757369
-0.3353474	-0.9305214	0.1472147
-0.3564313	-0.9215426	0.1540003
-0.3178774	-0.9286913	0.1910143
-0.3493124	-0.9277211	0.1315838
-0.3342576	-0.921928	0.1957567
-0.330727	-0.924141	0.1912669
-0.3274832	-0.9346915	0.1382258
-0.3705981	-0.9124804	0.1733106
-0.3664721	-0.9149277	0.169132
-0.3398474	-0.9221145	0.1849554
-0.3349426	-0.9305375	0.1480317
-0.3866755	-0.9076353	0.163341
-0.3721488	-0.91222	0.1713471
-0.3451023	-0.9221393	0.1748244
-0.3250196	-0.9384922	0.1165959
-0.3584281	-0.9173506	0.1731971
-0.3382431	-0.919811	0.1988449
-0.3196522	-0.9309313	0.1766052
-0.3201082	-0.9237412	0.2103164
-0.3194905	-0.930985	0.1766151
-0.3372019	-0.9264122	0.167497
