-0.2201172  9.900488   -1.478613
-0.1722656  9.79043   -1.37334
-0.2679687  9.79043   -1.435547
-0.2344727  9.862207   -1.440332
-0.2201172  9.886133   -1.502539
-0.2344727  9.766504   -1.440332
-0.244043  9.81914   -1.416406
-0.215332  9.823926   -1.397266
-0.2105469  9.862207   -1.378125
-0.2105469  9.776074   -1.320703
-0.2392578  9.823926   -1.311133
-0.1961914  9.833496   -1.39248
-0.2775391  9.828711   -1.335059
-0.215332  9.823926   -1.421191
-0.1866211  9.857422   -1.435547
-0.2249023  9.795215   -1.335059
-0.215332  9.852636   -1.397266
-0.2823242  9.8   -1.39248
-0.2392578  9.80957   -1.402051
-0.1866211  9.886133   -1.402051
-0.2057617  9.862207   -1.555176
-0.2249023  9.761719   -1.483398
-0.2009766  9.890918   -1.38291
-0.1914063  9.838282   -1.36377
-0.2392578  9.776074   -1.378125
-0.1435547  9.843066   -1.454687
-0.1818359  9.857422   -1.368555
-0.1914063  9.866992   -1.430762
-0.2249023  9.828711   -1.406836
-0.2344727  9.79043   -1.339844
-0.2583984  9.833496   -1.301563
-0.244043  9.814356   -1.344629
-0.215332  9.852636   -1.406836
-0.1722656  9.866992   -1.335059
-0.2105469  9.81914   -1.469043
-0.2727539  9.862207   -1.512109
-0.1674805  9.833496   -1.368555
-0.215332  9.795215   -1.387695
-0.2057617  9.871778   -1.272852
-0.2583984  9.814356   -1.402051
-0.2057617  9.814356   -1.320703
-0.2201172  9.833496   -1.325488
-0.215332  9.866992   -1.402051
-0.1483398  9.823926   -1.268066
-0.2057617  9.785645   -1.406836
-0.2009766  9.81914   -1.38291
-0.244043  9.81914   -1.39248
-0.1961914  9.890918   -1.320703
-0.2009766  9.833496   -1.301563
-0.2105469  9.780859   -1.37334
-0.2392578  9.847852   -1.435547
-0.215332  9.876562   -1.296777
-0.2057617  9.876562   -1.354199
-0.1770508  9.833496   -1.435547
-0.1722656  9.804785   -1.344629
-0.1148437  9.804785   -1.311133
-0.2344727  9.804785   -1.421191
-0.2249023  9.761719   -1.36377
-0.1914063  9.862207   -1.387695
-0.215332  9.847852   -1.378125
-0.2296875  9.81914   -1.39248
-0.244043  9.847852   -1.39248
-0.2057617  9.79043   -1.38291
-0.1866211  9.876562   -1.387695
-0.1339844  9.828711   -1.402051
-0.1674805  9.80957   -1.411621
-0.2105469  9.828711   -1.282422
-0.2392578  9.871778   -1.411621
-0.1914063  9.900488   -1.378125
-0.1914063  9.804785   -1.387695
-0.2057617  9.876562   -1.368555
-0.215332  9.833496   -1.311133
-0.1483398  9.890918   -1.39248
-0.2201172  9.862207   -1.358984
-0.1770508  9.866992   -1.425977
-0.2344727  9.81914   -1.349414
-0.2583984  9.886133   -1.411621
-0.2344727  9.795215   -1.325488
-0.2296875  9.823926   -1.454687
-0.244043  9.81914   -1.325488
-0.2105469  9.828711   -1.416406
-0.2057617  9.833496   -1.344629
-0.2392578  9.871778   -1.306348
-0.215332  9.828711   -1.421191
-0.2296875  9.838282   -1.335059
-0.1674805  9.852636   -1.344629
-0.2679687  9.785645   -1.425977
-0.1579102  9.8   -1.469043
-0.2249023  9.828711   -1.425977
-0.2631836  9.776074   -1.301563
-0.1914063  9.833496   -1.301563
-0.1579102  9.823926   -1.368555
-0.244043  9.847852   -1.330273
-0.1818359  9.776074   -1.430762
-0.2201172  9.8   -1.397266
-0.2201172  9.828711   -1.36377
-0.2296875  9.852636   -1.335059
-0.2009766  9.905273   -1.449902
-0.1339844  9.814356   -1.378125
-0.2009766  9.771289   -1.368555
-0.1770508  9.900488   -1.335059
-0.2727539  9.828711   -1.153223
-0.2105469  9.828711   -1.344629
-0.2296875  9.823926   -1.37334
-0.2344727  9.847852   -1.416406
-0.2009766  9.81914   -1.411621
-0.1914063  9.823926   -1.354199
-0.2488281  9.838282   -1.339844
-0.2105469  9.905273   -1.349414
-0.1818359  9.80957   -1.315918
-0.2009766  9.761719   -1.354199
-0.1866211  9.761719   -1.349414
-0.2727539  9.847852   -1.291992
-0.1961914  9.866992   -1.416406
-0.2009766  9.785645   -1.358984
-0.1770508  9.823926   -1.38291
-0.1914063  9.857422   -1.39248
-0.1818359  9.823926   -1.291992
-0.2057617  9.785645   -1.330273
-0.2201172  9.847852   -1.291992
-0.3206055  9.843066   -1.354199
-0.1722656  9.828711   -1.435547
-0.2823242  9.804785   -1.335059
-0.2057617  9.828711   -1.387695
-0.2392578  9.833496   -1.335059
-0.2296875  9.80957   -1.454687
-0.1722656  9.81914   -1.435547
-0.244043  9.843066   -1.306348
-0.1961914  9.838282   -1.354199
-0.1866211  9.766504   -1.320703
-0.1722656  9.833496   -1.425977
-0.2201172  9.838282   -1.339844
-0.2009766  9.828711   -1.39248
-0.2631836  9.823926   -1.358984
-0.2105469  9.866992   -1.339844
-0.2392578  9.843066   -1.397266
-0.2009766  9.795215   -1.349414
-0.1196289  9.843066   -1.37334
-0.2057617  9.756933   -1.421191
-0.1818359  9.833496   -1.387695
-0.2105469  9.823926   -1.36377
-0.2057617  9.852636   -1.402051
-0.1961914  9.814356   -1.36377
-0.1387695  9.847852   -1.38291
-0.2057617  9.847852   -1.440332
-0.1818359  9.862207   -1.402051
-0.2105469  9.80957   -1.39248
-0.2392578  9.79043   -1.411621
-0.2105469  9.833496   -1.416406
-0.1722656  9.804785   -1.296777
-0.1770508  9.804785   -1.268066
-0.2105469  9.838282   -1.344629
-0.2201172  9.785645   -1.339844
-0.2249023  9.828711   -1.37334
-0.2201172  9.814356   -1.349414
-0.2727539  9.828711   -1.36377
-0.1770508  9.876562   -1.36377
-0.2105469  9.843066   -1.39248
-0.2201172  9.852636   -1.354199
-0.2249023  9.785645   -1.315918
-0.2105469  9.80957   -1.36377
-0.244043  9.8   -1.406836
-0.2057617  9.833496   -1.36377
-0.244043  9.828711   -1.37334
-0.1674805  9.823926   -1.473828
-0.2009766  9.852636   -1.272852
-0.2057617  9.795215   -1.277637
-0.1818359  9.814356   -1.320703
-0.2296875  9.838282   -1.225
-0.1961914  9.833496   -1.387695
-0.2249023  9.828711   -1.330273
-0.1722656  9.79043   -1.378125
-0.2249023  9.876562   -1.306348
-0.2583984  9.814356   -1.459473
-0.2105469  9.80957   -1.378125
-0.1961914  9.795215   -1.397266
-0.2536133  9.814356   -1.430762
-0.2057617  9.881348   -1.339844
-0.2201172  9.857422   -1.39248
-0.1866211  9.814356   -1.445117
-0.2344727  9.857422   -1.315918
-0.1626953  9.780859   -1.335059
-0.2392578  9.823926   -1.368555
-0.2009766  9.847852   -1.344629
-0.215332  9.847852   -1.339844
-0.2296875  9.862207   -1.344629
-0.2392578  9.8   -1.516895
-0.2105469  9.785645   -1.335059
-0.2057617  9.823926   -1.306348
-0.1961914  9.752149   -1.440332
-0.2201172  9.890918   -1.37334
-0.1914063  9.804785   -1.291992
-0.2392578  9.828711   -1.344629
-0.2105469  9.785645   -1.440332
-0.2679687  9.756933   -1.387695
-0.1961914  9.843066   -1.36377
-0.2296875  9.876562   -1.325488
-0.2249023  9.823926   -1.296777
-0.2296875  9.833496   -1.416406
-0.2631836  9.838282   -1.315918
-0.2105469  9.862207   -1.311133
-0.2488281  9.81914   -1.38291
-0.2679687  9.828711   -1.320703
-0.1722656  9.833496   -1.330273
-0.2009766  9.857422   -1.425977
-0.1818359  9.866992   -1.397266
-0.2631836  9.862207   -1.344629
-0.2057617  9.847852   -1.38291
-0.1818359  9.81914   -1.39248
-0.2296875  9.833496   -1.311133
-0.2296875  9.852636   -1.38291
-0.1914063  9.780859   -1.296777
-0.2727539  9.780859   -1.277637
-0.244043  9.886133   -1.320703
-0.1866211  9.828711   -1.358984
-0.1770508  9.804785   -1.358984
-0.2392578  9.910059   -1.320703
-0.1579102  9.871778   -1.258496
-0.2392578  9.80957   -1.416406
-0.2344727  9.804785   -1.378125
-0.1866211  9.862207   -1.354199
-0.2057617  9.876562   -1.378125
-0.2823242  9.81914   -1.37334
-0.1626953  9.742579   -1.330273
-0.1626953  9.828711   -1.378125
-0.2057617  9.890918   -1.354199
-0.1914063  9.814356   -1.435547
-0.1914063  9.847852   -1.38291
-0.2344727  9.866992   -1.229785
-0.2249023  9.843066   -1.344629
-0.2631836  9.814356   -1.37334
-0.215332  9.79043   -1.36377
-0.1914063  9.871778   -1.311133
-0.2105469  9.857422   -1.368555
-0.2631836  9.795215   -1.330273
-0.1770508  9.914844   -1.320703
-0.1626953  9.886133   -1.263281
-0.2296875  9.862207   -1.306348
-0.2871094  9.828711   -1.291992
-0.2009766  9.843066   -1.306348
-0.2009766  9.852636   -1.344629
-0.2201172  9.833496   -1.277637
-0.2057617  9.838282   -1.36377
-0.1866211  9.828711   -1.421191
-0.2057617  9.795215   -1.37334
-0.2392578  9.857422   -1.315918
-0.2057617  9.804785   -1.378125
-0.2296875  9.8   -1.268066
-0.2105469  9.828711   -1.296777
-0.1674805  9.852636   -1.344629
-0.2009766  9.823926   -1.301563
-0.2392578  9.780859   -1.430762
-0.2631836  9.847852   -1.344629
-0.2536133  9.814356   -1.344629
-0.2679687  9.785645   -1.39248
-0.244043  9.8   -1.421191
-0.2201172  9.79043   -1.330273
-0.2201172  9.862207   -1.397266
-0.2392578  9.8   -1.349414
-0.1961914  9.776074   -1.339844
-0.1722656  9.785645   -1.320703
-0.2201172  9.81914   -1.36377
-0.2105469  9.752149   -1.368555
-0.2296875  9.81914   -1.38291
-0.1961914  9.823926   -1.36377
-0.1961914  9.847852   -1.349414
-0.2009766  9.871778   -1.37334
-0.1579102  9.833496   -1.39248
-0.215332  9.843066   -1.387695
-0.2009766  9.804785   -1.435547
-0.2344727  9.866992   -1.263281
-0.1818359  9.80957   -1.358984
-0.2392578  9.857422   -1.277637
-0.1770508  9.876562   -1.301563
-0.2009766  9.871778   -1.38291
-0.2583984  9.828711   -1.311133
-0.1914063  9.776074   -1.344629
-0.1674805  9.852636   -1.36377
-0.215332  9.852636   -1.335059
-0.2392578  9.804785   -1.378125
-0.2249023  9.886133   -1.320703
-0.1626953  9.862207   -1.349414
-0.215332  9.823926   -1.330273
-0.2344727  9.814356   -1.287207
-0.1818359  9.857422   -1.330273
-0.2057617  9.838282   -1.358984
-0.2966797  9.862207   -1.253711
-0.1961914  9.838282   -1.301563
-0.2057617  9.823926   -1.37334
-0.1579102  9.795215   -1.296777
-0.2488281  9.795215   -1.397266
-0.2296875  9.833496   -1.320703
-0.1914063  9.890918   -1.291992
-0.1579102  9.866992   -1.268066
-0.1961914  9.80957   -1.402051
-0.2249023  9.857422   -1.268066
-0.1961914  9.886133   -1.306348
-0.244043  9.886133   -1.339844
-0.2105469  9.823926   -1.39248
-0.1770508  9.862207   -1.387695
-0.2296875  9.776074   -1.306348
-0.2249023  9.833496   -1.425977
-0.2201172  9.785645   -1.387695
-0.244043  9.886133   -1.358984
-0.2249023  9.81914   -1.315918
-0.1818359  9.857422   -1.311133
-0.1770508  9.866992   -1.397266
-0.2105469  9.766504   -1.402051
-0.1914063  9.795215   -1.287207
-0.1961914  9.876562   -1.344629
-0.2344727  9.814356   -1.258496
-0.1866211  9.776074   -1.306348
-0.1866211  9.838282   -1.397266
-0.2392578  9.81914   -1.344629
-0.2488281  9.866992   -1.397266
-0.2009766  9.81914   -1.349414
-0.2631836  9.828711   -1.411621
-0.2201172  9.804785   -1.311133
-0.2488281  9.80957   -1.320703
-0.1722656  9.838282   -1.272852
-0.1961914  9.80957   -1.349414
-0.1770508  9.871778   -1.368555
-0.2583984  9.79043   -1.282422
-0.2009766  9.866992   -1.335059
-0.2296875  9.866992   -1.39248
-0.1579102  9.852636   -1.311133
-0.2105469  9.833496   -1.344629
-0.2009766  9.895703   -1.368555
-0.2344727  9.895703   -1.320703
-0.2583984  9.823926   -1.354199
-0.215332  9.828711   -1.349414
-0.2105469  9.843066   -1.38291
-0.2296875  9.852636   -1.39248
-0.1914063  9.900488   -1.315918
-0.1866211  9.847852   -1.306348
-0.2488281  9.8   -1.36377
-0.2009766  9.80957   -1.37334
-0.2009766  9.862207   -1.344629
-0.2823242  9.895703   -1.358984
-0.2249023  9.814356   -1.37334
-0.1961914  9.814356   -1.306348
-0.2201172  9.795215   -1.277637
-0.2679687  9.814356   -1.320703
-0.2201172  9.843066   -1.358984
-0.244043  9.804785   -1.268066
-0.2105469  9.80957   -1.315918
-0.2105469  9.862207   -1.311133
-0.1483398  9.814356   -1.306348
-0.2201172  9.823926   -1.469043
-0.2009766  9.80957   -1.339844
-0.2392578  9.780859   -1.339844
-0.2201172  9.828711   -1.268066
-0.2057617  9.814356   -1.248926
-0.2488281  9.852636   -1.339844
-0.2488281  9.886133   -1.397266
-0.2296875  9.814356   -1.36377
-0.2583984  9.862207   -1.315918
-0.2057617  9.838282   -1.397266
-0.2488281  9.843066   -1.296777
-0.2631836  9.838282   -1.421191
-0.1770508  9.814356   -1.330273
-0.2344727  9.876562   -1.335059
-0.2583984  9.833496   -1.282422
-0.2488281  9.79043   -1.354199
-0.2105469  9.852636   -1.430762
-0.2583984  9.838282   -1.39248
-0.2009766  9.895703   -1.354199
-0.2296875  9.780859   -1.320703
-0.2105469  9.814356   -1.335059
-0.2344727  9.866992   -1.416406
-0.2583984  9.81914   -1.229785
-0.1626953  9.823926   -1.378125
-0.2009766  9.814356   -1.344629
-0.2823242  9.8   -1.38291
-0.1866211  9.79043   -1.225
-0.2392578  9.780859   -1.349414
-0.2296875  9.828711   -1.387695
-0.1770508  9.823926   -1.387695
-0.2631836  9.843066   -1.282422
-0.1914063  9.771289   -1.387695
-0.1914063  9.804785   -1.258496
-0.1914063  9.862207   -1.349414
-0.2296875  9.828711   -1.311133
-0.2583984  9.823926   -1.387695
-0.2009766  9.871778   -1.454687
-0.2105469  9.766504   -1.272852
-0.2105469  9.857422   -1.349414
-0.2296875  9.814356   -1.402051
-0.2536133  9.823926   -1.325488
-0.2296875  9.876562   -1.335059
-0.2105469  9.847852   -1.358984
-0.2296875  9.828711   -1.244141
-0.2344727  9.852636   -1.282422
-0.2105469  9.828711   -1.311133
-0.2392578  9.814356   -1.39248
-0.1722656  9.80957   -1.287207
-0.2583984  9.833496   -1.268066
-0.2105469  9.833496   -1.38291
-0.2536133  9.776074   -1.354199
-0.2249023  9.823926   -1.311133
-0.1961914  9.81914   -1.287207
-0.2009766  9.81914   -1.421191
-0.2105469  9.905273   -1.421191
-0.2249023  9.828711   -1.402051
-0.2249023  9.79043   -1.325488
-0.2392578  9.766504   -1.258496
-0.244043  9.862207   -1.291992
-0.2105469  9.862207   -1.311133
-0.2105469  9.838282   -1.440332
-0.2201172  9.833496   -1.335059
-0.2344727  9.833496   -1.330273
-0.2201172  9.847852   -1.39248
-0.2392578  9.847852   -1.301563
-0.1914063  9.828711   -1.301563
-0.3110352  9.852636   -1.315918
-0.1722656  9.828711   -1.248926
-0.1579102  9.881348   -1.406836
-0.1866211  9.79043   -1.335059
-0.2536133  9.862207   -1.349414
-0.2631836  9.838282   -1.349414
-0.1914063  9.847852   -1.306348
-0.2392578  9.780859   -1.296777
-0.2488281  9.843066   -1.244141
-0.2392578  9.857422   -1.296777
-0.1961914  9.80957   -1.277637
-0.1722656  9.771289   -1.325488
-0.2057617  9.814356   -1.287207
-0.2057617  9.862207   -1.354199
-0.215332  9.771289   -1.36377
-0.2344727  9.814356   -1.358984
-0.2488281  9.780859   -1.349414
-0.2296875  9.838282   -1.277637
-0.2201172  9.80957   -1.368555
-0.1914063  9.780859   -1.339844
-0.215332  9.852636   -1.277637
-0.1914063  9.833496   -1.36377
-0.244043  9.828711   -1.335059
-0.2296875  9.862207   -1.287207
-0.1818359  9.881348   -1.402051
-0.2344727  9.876562   -1.430762
-0.2201172  9.823926   -1.315918
-0.1914063  9.804785   -1.344629
-0.2344727  9.881348   -1.411621
-0.2583984  9.857422   -1.315918
-0.1866211  9.866992   -1.311133
-0.2105469  9.795215   -1.349414
-0.2249023  9.881348   -1.378125
-0.1914063  9.852636   -1.258496
-0.1914063  9.838282   -1.344629
-0.2296875  9.857422   -1.358984
-0.2392578  9.804785   -1.253711
-0.2201172  9.795215   -1.421191
-0.2344727  9.852636   -1.406836
-0.2536133  9.814356   -1.263281
-0.2249023  9.80957   -1.397266
-0.2201172  9.814356   -1.349414
-0.2249023  9.804785   -1.402051
-0.2249023  9.804785   -1.339844
-0.2201172  9.838282   -1.454687
-0.1722656  9.838282   -1.344629
-0.1961914  9.81914   -1.282422
-0.2009766  9.823926   -1.454687
-0.2775391  9.852636   -1.301563
-0.2249023  9.886133   -1.36377
-0.2105469  9.761719   -1.344629
-0.2201172  9.833496   -1.38291
-0.215332  9.847852   -1.320703
-0.2344727  9.886133   -1.36377
-0.2296875  9.838282   -1.344629
-0.1818359  9.785645   -1.349414
-0.1387695  9.776074   -1.358984
-0.2631836  9.828711   -1.248926
-0.2057617  9.852636   -1.440332
-0.2871094  9.852636   -1.311133
-0.2201172  9.80957   -1.39248
-0.1866211  9.866992   -1.306348
-0.1914063  9.866992   -1.339844
-0.1961914  9.838282   -1.282422
-0.2344727  9.871778   -1.335059
-0.2296875  9.823926   -1.344629
-0.215332  9.843066   -1.335059
-0.2583984  9.804785   -1.425977
-0.1818359  9.776074   -1.306348
-0.2392578  9.852636   -1.406836
-0.2057617  9.866992   -1.335059
-0.1961914  9.814356   -1.416406
-0.2296875  9.761719   -1.335059
-0.2249023  9.900488   -1.296777
-0.2344727  9.852636   -1.330273
-0.1866211  9.838282   -1.335059
-0.1579102  9.776074   -1.277637
-0.2392578  9.847852   -1.349414
-0.2966797  9.833496   -1.315918
-0.2727539  9.843066   -1.397266
-0.2296875  9.852636   -1.358984
-0.1674805  9.828711   -1.306348
-0.1866211  9.838282   -1.406836
-0.2105469  9.833496   -1.263281
-0.2009766  9.843066   -1.344629
-0.2296875  9.814356   -1.301563
-0.2392578  9.871778   -1.344629
-0.2679687  9.804785   -1.339844
-0.2488281  9.843066   -1.296777
-0.2344727  9.81914   -1.368555
-0.1961914  9.780859   -1.306348
-0.215332  9.828711   -1.349414
-0.2057617  9.80957   -1.315918
-0.2201172  9.862207   -1.325488
-0.2583984  9.8   -1.339844
-0.2105469  9.852636   -1.397266
-0.2249023  9.838282   -1.306348
-0.2105469  9.857422   -1.287207
-0.2488281  9.795215   -1.282422
-0.215332  9.81914   -1.368555
-0.2296875  9.866992   -1.315918
-0.2679687  9.847852   -1.36377
-0.2296875  9.833496   -1.37334
-0.2344727  9.80957   -1.397266
-0.2296875  9.761719   -1.38291
-0.2296875  9.80957   -1.344629
-0.215332  9.847852   -1.330273
-0.2201172  9.833496   -1.239355
-0.1818359  9.833496   -1.425977
-0.2249023  9.795215   -1.339844
-0.1866211  9.776074   -1.315918
-0.2249023  9.866992   -1.37334
-0.1961914  9.80957   -1.311133
-0.244043  9.876562   -1.354199
-0.1674805  9.733007   -1.354199
-0.1674805  9.823926   -1.368555
-0.2201172  9.81914   -1.358984
-0.2536133  9.866992   -1.320703
-0.2009766  9.876562   -1.315918
-0.1866211  9.804785   -1.37334
-0.2488281  9.79043   -1.335059
-0.1914063  9.862207   -1.397266
-0.2392578  9.80957   -1.402051
-0.1770508  9.838282   -1.291992
-0.1626953  9.761719   -1.344629
-0.1961914  9.866992   -1.368555
-0.1866211  9.828711   -1.349414
-0.1674805  9.833496   -1.325488
-0.1818359  9.871778   -1.36377
-0.2009766  9.924414   -1.263281
-0.2296875  9.833496   -1.277637
-0.2057617  9.81914   -1.282422
-0.244043  9.81914   -1.378125
-0.2201172  9.852636   -1.387695
-0.2344727  9.852636   -1.320703
-0.1818359  9.857422   -1.325488
-0.2392578  9.814356   -1.272852
-0.244043  9.795215   -1.354199
-0.2392578  9.857422   -1.39248
-0.244043  9.843066   -1.378125
-0.2057617  9.833496   -1.354199
-0.1770508  9.852636   -1.272852
-0.2536133  9.843066   -1.38291
-0.2344727  9.81914   -1.277637
-0.2105469  9.900488   -1.354199
-0.2201172  9.838282   -1.248926
-0.1626953  9.847852   -1.478613
-0.1961914  9.804785   -1.311133
-0.2536133  9.80957   -1.258496
-0.2488281  9.833496   -1.378125
-0.2536133  9.80957   -1.272852
-0.1770508  9.933985   -1.402051
-0.2057617  9.847852   -1.378125
-0.2009766  9.823926   -1.354199
-0.1914063  9.857422   -1.368555
-0.215332  9.838282   -1.291992
-0.2009766  9.785645   -1.291992
-0.2679687  9.838282   -1.306348
-0.2105469  9.871778   -1.335059
-0.2966797  9.776074   -1.354199
-0.244043  9.776074   -1.272852
-0.1914063  9.795215   -1.311133
-0.2201172  9.847852   -1.335059
-0.2392578  9.795215   -1.36377
-0.3014649  9.814356   -1.37334
-0.1387695  9.81914   -1.344629
-0.2009766  9.890918   -1.402051
-0.2201172  9.804785   -1.349414
-0.1818359  9.81914   -1.263281
-0.2392578  9.814356   -1.344629
-0.2727539  9.881348   -1.291992
-0.2201172  9.804785   -1.387695
-0.2249023  9.857422   -1.37334
-0.1961914  9.838282   -1.430762
-0.1818359  9.766504   -1.368555
-0.1866211  9.823926   -1.358984
-0.2105469  9.828711   -1.358984
-0.244043  9.80957   -1.445117
-0.215332  9.804785   -1.38291
-0.2631836  9.847852   -1.277637
-0.2392578  9.8   -1.311133
-0.1483398  9.823926   -1.36377
-0.2009766  9.833496   -1.339844
-0.1866211  9.857422   -1.315918
-0.2201172  9.833496   -1.387695
-0.1626953  9.756933   -1.301563
-0.1914063  9.823926   -1.277637
-0.2057617  9.838282   -1.239355
-0.1770508  9.895703   -1.354199
-0.2631836  9.862207   -1.330273
-0.2057617  9.833496   -1.358984
-0.2201172  9.780859   -1.239355
-0.1626953  9.833496   -1.263281
-0.2344727  9.862207   -1.387695
-0.1818359  9.857422   -1.411621
-0.2344727  9.876562   -1.23457
-0.2009766  9.847852   -1.368555
-0.1818359  9.785645   -1.354199
-0.2392578  9.847852   -1.258496
-0.2249023  9.81914   -1.368555
-0.2201172  9.80957   -1.397266
-0.2105469  9.785645   -1.435547
-0.244043  9.785645   -1.339844
-0.1818359  9.847852   -1.268066
-0.2392578  9.823926   -1.411621
-0.2296875  9.785645   -1.320703
-0.2201172  9.866992   -1.39248
-0.2631836  9.838282   -1.306348
-0.1722656  9.80957   -1.368555
-0.2344727  9.843066   -1.320703
-0.1961914  9.828711   -1.268066
-0.1579102  9.785645   -1.421191
-0.1961914  9.862207   -1.301563
-0.153125  9.785645   -1.23457
-0.2057617  9.852636   -1.320703
-0.2679687  9.929199   -1.368555
-0.215332  9.814356   -1.39248
-0.215332  9.795215   -1.301563
-0.2009766  9.804785   -1.349414
-0.244043  9.852636   -1.354199
-0.2249023  9.804785   -1.387695
-0.1626953  9.857422   -1.406836
-0.1626953  9.843066   -1.330273
-0.2344727  9.8   -1.354199
-0.2392578  9.833496   -1.36377
-0.1722656  9.843066   -1.406836
-0.215332  9.857422   -1.296777
-0.1866211  9.795215   -1.402051
-0.2392578  9.80957   -1.325488
-0.215332  9.81914   -1.258496
-0.215332  9.843066   -1.36377
-0.2344727  9.823926   -1.306348
-0.2009766  9.81914   -1.406836
-0.1961914  9.814356   -1.39248
-0.2823242  9.843066   -1.311133
-0.2296875  9.795215   -1.411621
-0.2392578  9.814356   -1.239355
-0.2057617  9.862207   -1.320703
-0.2918945  9.804785   -1.277637
-0.2296875  9.857422   -1.406836
-0.2583984  9.823926   -1.315918
-0.2201172  9.823926   -1.268066
-0.244043  9.900488   -1.296777
-0.2201172  9.780859   -1.37334
-0.215332  9.756933   -1.402051
-0.2057617  9.8   -1.36377
-0.2201172  9.80957   -1.311133
-0.1818359  9.814356   -1.315918
-0.2536133  9.948339   -1.244141
-0.1961914  9.886133   -1.368555
-0.2009766  9.833496   -1.239355
-0.2201172  9.900488   -1.335059
-0.2296875  9.766504   -1.344629
-0.2344727  9.866992   -1.38291
-0.1579102  9.838282   -1.454687
-0.2105469  9.852636   -1.397266
-0.2057617  9.795215   -1.282422
-0.2392578  9.833496   -1.378125
-0.2105469  9.823926   -1.311133
-0.2296875  9.833496   -1.339844
-0.2201172  9.823926   -1.36377
-0.2392578  9.862207   -1.306348
-0.2344727  9.785645   -1.349414
-0.2296875  9.804785   -1.354199
-0.1961914  9.871778   -1.330273
-0.2344727  9.838282   -1.315918
-0.2201172  9.838282   -1.36377
-0.2392578  9.838282   -1.425977
-0.2249023  9.847852   -1.258496
-0.2583984  9.866992   -1.344629
-0.2679687  9.780859   -1.330273
-0.2392578  9.814356   -1.406836
-0.215332  9.862207   -1.335059
-0.2105469  9.881348   -1.296777
-0.1961914  9.843066   -1.37334
-0.1914063  9.843066   -1.248926
-0.2249023  9.843066   -1.406836
-0.2536133  9.847852   -1.311133
-0.1770508  9.852636   -1.325488
-0.1770508  9.866992   -1.248926
-0.215332  9.771289   -1.36377
-0.1818359  9.80957   -1.296777
-0.2057617  9.795215   -1.330273
-0.2679687  9.81914   -1.23457
-0.2536133  9.876562   -1.335059
-0.2679687  9.857422   -1.349414
-0.1579102  9.81914   -1.291992
-0.1483398  9.81914   -1.397266
-0.2727539  9.862207   -1.402051
-0.30625  9.857422   -1.301563
-0.2583984  9.828711   -1.296777
-0.1483398  9.814356   -1.287207
-0.2583984  9.838282   -1.406836
-0.244043  9.862207   -1.268066
-0.215332  9.833496   -1.325488
-0.2105469  9.828711   -1.440332
-0.1866211  9.866992   -1.387695
-0.2201172  9.814356   -1.411621
-0.2488281  9.838282   -1.282422
-0.2249023  9.852636   -1.335059
-0.2392578  9.838282   -1.37334
-0.1722656  9.838282   -1.320703
-0.1722656  9.79043   -1.291992
-0.2249023  9.857422   -1.358984
-0.2536133  9.852636   -1.339844
-0.2249023  9.828711   -1.287207
-0.1818359  9.828711   -1.191504
-0.2249023  9.852636   -1.248926
-0.2392578  9.823926   -1.301563
-0.2583984  9.814356   -1.406836
-0.2344727  9.857422   -1.368555
-0.2296875  9.80957   -1.416406
-0.2105469  9.823926   -1.368555
-0.1914063  9.843066   -1.330273
-0.244043  9.895703   -1.306348
-0.1674805  9.785645   -1.263281
-0.2201172  9.766504   -1.368555
-0.2344727  9.833496   -1.387695
-0.2344727  9.910059   -1.244141
-0.1818359  9.895703   -1.330273
-0.2679687  9.8   -1.349414
-0.1914063  9.866992   -1.344629
-0.1818359  9.823926   -1.421191
-0.2249023  9.871778   -1.387695
-0.2392578  9.766504   -1.349414
-0.2201172  9.852636   -1.425977
-0.244043  9.833496   -1.330273
-0.2344727  9.828711   -1.258496
-0.2296875  9.771289   -1.263281
-0.215332  9.838282   -1.301563
-0.1674805  9.838282   -1.425977
-0.2201172  9.862207   -1.36377
-0.2392578  9.828711   -1.335059
-0.2392578  9.838282   -1.339844
-0.2009766  9.823926   -1.36377
-0.2344727  9.843066   -1.387695
-0.2536133  9.785645   -1.387695
-0.2201172  9.814356   -1.368555
-0.2296875  9.900488   -1.37334
-0.2823242  9.852636   -1.291992
-0.2344727  9.895703   -1.282422
-0.2009766  9.847852   -1.378125
-0.1674805  9.81914   -1.397266
-0.2249023  9.776074   -1.282422
-0.1914063  9.79043   -1.354199
-0.2296875  9.843066   -1.36377
-0.2057617  9.833496   -1.406836
-0.2296875  9.852636   -1.37334
-0.2105469  9.804785   -1.411621
-0.244043  9.828711   -1.37334
-0.1866211  9.876562   -1.306348
-0.2488281  9.804785   -1.368555
-0.215332  9.852636   -1.335059
-0.215332  9.823926   -1.263281
-0.2679687  9.81914   -1.38291
-0.2105469  9.866992   -1.38291
-0.2249023  9.81914   -1.349414
-0.2296875  9.833496   -1.39248
-0.2105469  9.847852   -1.287207
-0.2105469  9.890918   -1.349414
-0.1914063  9.747363   -1.335059
-0.1961914  9.79043   -1.291992
-0.2631836  9.881348   -1.36377
-0.1626953  9.780859   -1.354199
-0.2583984  9.847852   -1.440332
-0.1626953  9.823926   -1.344629
-0.1770508  9.8   -1.263281
-0.2105469  9.79043   -1.354199
-0.2488281  9.886133   -1.330273
-0.2249023  9.828711   -1.339844
-0.2009766  9.862207   -1.311133
-0.1674805  9.833496   -1.320703
-0.1722656  9.795215   -1.368555
-0.2392578  9.756933   -1.339844
-0.1770508  9.804785   -1.354199
-0.2296875  9.881348   -1.421191
-0.215332  9.828711   -1.306348
-0.1770508  9.80957   -1.368555
-0.1818359  9.814356   -1.330273
-0.244043  9.876562   -1.378125
-0.1818359  9.847852   -1.421191
-0.2009766  9.838282   -1.282422
-0.2679687  9.886133   -1.258496
-0.2344727  9.905273   -1.406836
-0.2344727  9.80957   -1.268066
-0.2201172  9.862207   -1.368555
-0.2296875  9.852636   -1.23457
-0.2057617  9.886133   -1.268066
-0.2105469  9.862207   -1.335059
-0.1579102  9.847852   -1.258496
-0.2583984  9.823926   -1.435547
-0.2536133  9.838282   -1.354199
-0.215332  9.852636   -1.330273
-0.1818359  9.795215   -1.36377
-0.153125  9.852636   -1.354199
-0.215332  9.871778   -1.349414
-0.2583984  9.838282   -1.306348
-0.2536133  9.795215   -1.344629
-0.2775391  9.795215   -1.248926
-0.2775391  9.843066   -1.268066
-0.2201172  9.866992   -1.311133
-0.1961914  9.785645   -1.344629
-0.1770508  9.80957   -1.358984
-0.244043  9.866992   -1.335059
-0.2727539  9.852636   -1.339844
-0.153125  9.833496   -1.358984
-0.1914063  9.795215   -1.378125
-0.1914063  9.866992   -1.37334
-0.1483398  9.780859   -1.39248
-0.2488281  9.80957   -1.411621
-0.2966797  9.81914   -1.330273
-0.2583984  9.862207   -1.291992
-0.1866211  9.847852   -1.330273
-0.1818359  9.776074   -1.315918
-0.244043  9.814356   -1.311133
-0.244043  9.847852   -1.301563
-0.215332  9.804785   -1.344629
-0.2201172  9.804785   -1.258496
-0.1914063  9.81914   -1.36377
-0.2296875  9.881348   -1.378125
-0.244043  9.866992   -1.311133
-0.1579102  9.847852   -1.248926
-0.2583984  9.8   -1.354199
-0.2727539  9.919629   -1.315918
-0.2631836  9.871778   -1.225
-0.2009766  9.81914   -1.330273
-0.2296875  9.838282   -1.378125
-0.1961914  9.823926   -1.311133
-0.2966797  9.876562   -1.358984
-0.2105469  9.780859   -1.277637
-0.2201172  9.81914   -1.330273
-0.1961914  9.852636   -1.354199
-0.2201172  9.871778   -1.301563
-0.2344727  9.823926   -1.277637
-0.2392578  9.756933   -1.335059
-0.3253906  9.771289   -1.39248
-0.2249023  9.8   -1.368555
-0.1866211  9.833496   -1.36377
-0.1770508  9.8   -1.378125
-0.2296875  9.756933   -1.339844
-0.1770508  9.814356   -1.320703
-0.2344727  9.8   -1.268066
-0.2679687  9.843066   -1.272852
-0.2536133  9.881348   -1.330273
-0.2201172  9.80957   -1.36377
-0.1818359  9.766504   -1.416406
-0.2057617  9.79043   -1.406836
-0.2105469  9.847852   -1.335059
-0.2009766  9.866992   -1.330273
-0.2249023  9.852636   -1.315918
-0.1818359  9.857422   -1.330273
-0.1770508  9.8   -1.344629
-0.1579102  9.804785   -1.291992
-0.2201172  9.8   -1.311133
-0.2392578  9.852636   -1.263281
-0.2201172  9.852636   -1.425977
-0.2057617  9.833496   -1.311133
-0.1722656  9.81914   -1.36377
-0.244043  9.81914   -1.36377
-0.2344727  9.843066   -1.38291
-0.2871094  9.857422   -1.354199
-0.2296875  9.828711   -1.315918
-0.1196289  9.747363   -1.315918
-0.1626953  9.823926   -1.38291
-0.2105469  9.81914   -1.344629
-0.2009766  9.828711   -1.258496
-0.2296875  9.871778   -1.296777
-0.244043  9.828711   -1.339844
-0.2583984  9.814356   -1.320703
-0.2105469  9.823926   -1.311133
-0.2249023  9.8   -1.325488
-0.2536133  9.876562   -1.287207
-0.2536133  9.823926   -1.272852
-0.2583984  9.857422   -1.358984
-0.2392578  9.79043   -1.320703
-0.1961914  9.852636   -1.248926
-0.2201172  9.847852   -1.248926
-0.2488281  9.833496   -1.301563
-0.2392578  9.871778   -1.368555
-0.2727539  9.80957   -1.306348
-0.2344727  9.876562   -1.358984
-0.1914063  9.852636   -1.277637
-0.1674805  9.814356   -1.311133
-0.2631836  9.857422   -1.287207
-0.2057617  9.847852   -1.315918
-0.2631836  9.79043   -1.296777
-0.2201172  9.852636   -1.311133
-0.1914063  9.838282   -1.36377
-0.1961914  9.900488   -1.378125
-0.2249023  9.847852   -1.282422
-0.1866211  9.8   -1.425977
-0.2201172  9.828711   -1.296777
-0.2536133  9.795215   -1.406836
-0.2201172  9.81914   -1.38291
-0.2583984  9.828711   -1.354199
-0.2009766  9.833496   -1.344629
-0.1435547  9.871778   -1.378125
-0.215332  9.823926   -1.311133
-0.2009766  9.81914   -1.354199
-0.2105469  9.843066   -1.36377
-0.2201172  9.847852   -1.387695
-0.2201172  9.852636   -1.311133
-0.1961914  9.838282   -1.263281
-0.2249023  9.838282   -1.354199
-0.2057617  9.862207   -1.344629
-0.2296875  9.80957   -1.464258
-0.2823242  9.81914   -1.36377
-0.1914063  9.79043   -1.354199
-0.1914063  9.823926   -1.421191
-0.244043  9.847852   -1.277637
-0.2631836  9.857422   -1.311133
-0.2296875  9.833496   -1.296777
-0.2344727  9.828711   -1.320703
-0.244043  9.80957   -1.325488
-0.2201172  9.785645   -1.335059
-0.1961914  9.8   -1.344629
-0.2105469  9.871778   -1.320703
-0.1387695  9.862207   -1.38291
-0.215332  9.843066   -1.311133
-0.2583984  9.895703   -1.406836
-0.2631836  9.81914   -1.378125
-0.1914063  9.833496   -1.39248
-0.1722656  9.814356   -1.397266
-0.2009766  9.80957   -1.330273
-0.2105469  9.81914   -1.330273
-0.2536133  9.771289   -1.277637
-0.2344727  9.814356   -1.282422
-0.2009766  9.828711   -1.291992
-0.30625  9.852636   -1.335059
-0.2296875  9.871778   -1.358984
-0.2201172  9.890918   -1.320703
-0.215332  9.833496   -1.244141
-0.2105469  9.876562   -1.320703
-0.2201172  9.823926   -1.349414
-0.2009766  9.804785   -1.378125
-0.2344727  9.866992   -1.277637
-0.2009766  9.881348   -1.358984
-0.2009766  9.857422   -1.449902
-0.2296875  9.862207   -1.296777
-0.2057617  9.852636   -1.368555
-0.215332  9.838282   -1.37334
-0.2631836  9.890918   -1.37334
-0.2296875  9.833496   -1.344629
-0.2249023  9.814356   -1.421191
-0.2392578  9.866992   -1.306348
-0.2344727  9.843066   -1.349414
-0.2536133  9.80957   -1.37334
-0.2105469  9.843066   -1.325488
-0.2296875  9.895703   -1.402051
-0.1914063  9.838282   -1.402051
-0.1866211  9.833496   -1.37334
-0.2057617  9.866992   -1.37334
-0.2631836  9.862207   -1.354199
-0.244043  9.828711   -1.36377
-0.2057617  9.862207   -1.320703
-0.1579102  9.843066   -1.325488
-0.1914063  9.804785   -1.344629
-0.2201172  9.8   -1.349414
-0.2631836  9.776074   -1.349414
-0.2631836  9.847852   -1.287207
-0.2488281  9.833496   -1.339844
-0.1866211  9.81914   -1.315918
-0.1866211  9.766504   -1.335059
-0.2201172  9.814356   -1.349414
-0.2105469  9.804785   -1.406836
-0.2296875  9.823926   -1.402051
-0.2057617  9.79043   -1.282422
-0.2296875  9.795215   -1.368555
-0.2583984  9.795215   -1.296777
-0.2249023  9.890918   -1.291992
-0.2344727  9.833496   -1.315918
-0.1818359  9.871778   -1.335059
-0.2201172  9.814356   -1.37334
-0.2679687  9.8   -1.291992
-0.2775391  9.828711   -1.335059
-0.1674805  9.804785   -1.311133
-0.2009766  9.876562   -1.330273
-0.1579102  9.81914   -1.358984
-0.2201172  9.828711   -1.301563
-0.2344727  9.80957   -1.330273
-0.2727539  9.81914   -1.325488
-0.1914063  9.857422   -1.358984
-0.1961914  9.843066   -1.320703
-0.2583984  9.838282   -1.272852
-0.244043  9.838282   -1.358984
-0.2536133  9.79043   -1.306348
-0.2631836  9.871778   -1.330273
-0.1866211  9.866992   -1.263281
-0.2296875  9.866992   -1.339844
-0.2057617  9.871778   -1.272852
-0.2201172  9.80957   -1.258496
-0.2009766  9.838282   -1.325488
-0.244043  9.862207   -1.258496
-0.2057617  9.804785   -1.311133
-0.244043  9.866992   -1.368555
-0.1818359  9.838282   -1.38291
-0.2105469  9.871778   -1.402051
-0.2296875  9.814356   -1.325488
-0.2201172  9.823926   -1.277637
-0.1914063  9.780859   -1.320703
-0.1914063  9.81914   -1.37334
-0.153125  9.857422   -1.311133
-0.2488281  9.866992   -1.296777
-0.2201172  9.862207   -1.397266
-0.2009766  9.847852   -1.268066
-0.2249023  9.80957   -1.311133
-0.2679687  9.780859   -1.315918
-0.2344727  9.795215   -1.36377
-0.2249023  9.833496   -1.258496
-0.2057617  9.80957   -1.416406
-0.1914063  9.838282   -1.301563
-0.2249023  9.833496   -1.421191
-0.1626953  9.847852   -1.325488
-0.2105469  9.804785   -1.277637
-0.2536133  9.857422   -1.358984
-0.1914063  9.852636   -1.263281
-0.2775391  9.838282   -1.354199
-0.1914063  9.857422   -1.368555
-0.244043  9.804785   -1.440332
-0.2583984  9.905273   -1.291992
-0.2727539  9.814356   -1.301563
-0.1961914  9.79043   -1.306348
-0.1866211  9.838282   -1.277637
-0.2057617  9.795215   -1.344629
-0.2296875  9.81914   -1.335059
-0.2488281  9.823926   -1.344629
-0.2249023  9.81914   -1.325488
-0.2105469  9.80957   -1.296777
-0.1866211  9.80957   -1.277637
-0.2392578  9.838282   -1.320703
-0.2679687  9.79043   -1.387695
-0.2057617  9.780859   -1.311133
-0.2392578  9.919629   -1.301563
-0.2009766  9.838282   -1.349414
-0.2392578  9.852636   -1.335059
-0.2009766  9.79043   -1.464258
-0.2296875  9.886133   -1.330273
-0.1483398  9.823926   -1.311133
-0.2009766  9.843066   -1.38291
-0.2536133  9.838282   -1.339844
-0.215332  9.838282   -1.411621
-0.2105469  9.833496   -1.320703
-0.2631836  9.833496   -1.406836
-0.2344727  9.795215   -1.378125
-0.2631836  9.862207   -1.325488
-0.2201172  9.80957   -1.454687
-0.1866211  9.833496   -1.263281
-0.1818359  9.857422   -1.36377
-0.1866211  9.823926   -1.306348
-0.2488281  9.910059   -1.344629
-0.1626953  9.8   -1.39248
-0.2392578  9.857422   -1.38291
-0.2679687  9.895703   -1.311133
-0.2249023  9.857422   -1.325488
-0.2344727  9.876562   -1.263281
-0.2249023  9.81914   -1.330273
-0.1626953  9.761719   -1.325488
-0.2249023  9.776074   -1.311133
-0.2105469  9.747363   -1.344629
-0.2488281  9.780859   -1.277637
-0.2488281  9.876562   -1.387695
-0.2057617  9.914844   -1.311133
-0.2201172  9.814356   -1.320703
-0.3014649  9.828711   -1.38291
-0.2296875  9.843066   -1.339844
-0.2105469  9.804785   -1.358984
-0.1818359  9.756933   -1.387695
-0.1866211  9.847852   -1.272852
-0.2823242  9.866992   -1.330273
-0.1818359  9.80957   -1.339844
-0.2488281  9.838282   -1.21543
-0.1722656  9.80957   -1.378125
-0.2057617  9.857422   -1.406836
-0.2249023  9.862207   -1.301563
-0.2679687  9.814356   -1.354199
-0.2009766  9.79043   -1.248926
-0.2009766  9.752149   -1.335059
-0.1770508  9.8   -1.387695
-0.2344727  9.8   -1.378125
-0.2871094  9.847852   -1.368555
-0.2009766  9.890918   -1.325488
-0.2249023  9.847852   -1.358984
-0.1626953  9.8   -1.411621
-0.1722656  9.814356   -1.272852
-0.2631836  9.823926   -1.349414
-0.2201172  9.914844   -1.387695
-0.1914063  9.771289   -1.406836
-0.2057617  9.823926   -1.387695
-0.1914063  9.833496   -1.478613
-0.30625  9.8   -1.330273
-0.1435547  9.876562   -1.330273
-0.2296875  9.828711   -1.387695
-0.1961914  9.843066   -1.411621
-0.2105469  9.79043   -1.402051
-0.2344727  9.857422   -1.320703
-0.2871094  9.833496   -1.325488
-0.215332  9.766504   -1.330273
-0.2105469  9.895703   -1.296777
-0.2392578  9.795215   -1.301563
-0.2296875  9.871778   -1.306348
-0.2344727  9.843066   -1.306348
-0.2009766  9.804785   -1.358984
-0.2201172  9.852636   -1.268066
-0.2823242  9.785645   -1.378125
-0.2488281  9.833496   -1.258496
-0.1914063  9.847852   -1.258496
-0.2201172  9.79043   -1.368555
-0.1770508  9.833496   -1.330273
-0.215332  9.780859   -1.38291
-0.2201172  9.852636   -1.277637
-0.2009766  9.828711   -1.335059
-0.2249023  9.771289   -1.344629
-0.1866211  9.910059   -1.36377
-0.2201172  9.828711   -1.425977
-0.2823242  9.8   -1.368555
-0.215332  9.823926   -1.38291
-0.2296875  9.857422   -1.416406
-0.2344727  9.847852   -1.39248
-0.2057617  9.890918   -1.277637
-0.215332  9.814356   -1.311133
-0.1722656  9.785645   -1.349414
-0.2344727  9.80957   -1.368555
-0.2583984  9.814356   -1.296777
-0.2201172  9.857422   -1.287207
-0.2009766  9.847852   -1.358984
-0.1770508  9.914844   -1.315918
-0.2775391  9.843066   -1.320703
-0.2201172  9.79043   -1.258496
-0.2344727  9.80957   -1.36377
-0.244043  9.890918   -1.378125
-0.2488281  9.886133   -1.301563
-0.2392578  9.828711   -1.325488
-0.2057617  9.828711   -1.368555
-0.215332  9.847852   -1.320703
-0.1866211  9.862207   -1.330273
-0.2727539  9.823926   -1.339844
-0.1483398  9.823926   -1.339844
-0.2296875  9.871778   -1.301563
-0.1961914  9.833496   -1.239355
-0.2727539  9.871778   -1.349414
-0.2392578  9.823926   -1.38291
-0.2057617  9.876562   -1.253711
-0.2057617  9.852636   -1.39248
-0.2057617  9.8   -1.248926
-0.2344727  9.828711   -1.330273
-0.2296875  9.838282   -1.358984
-0.2249023  9.852636   -1.387695
-0.2201172  9.80957   -1.37334
-0.2057617  9.785645   -1.339844
-0.2105469  9.785645   -1.387695
-0.2057617  9.857422   -1.301563
-0.2201172  9.814356   -1.325488
-0.2344727  9.79043   -1.263281
-0.2679687  9.776074   -1.258496
-0.2201172  9.847852   -1.320703
-0.2201172  9.79043   -1.358984
-0.1914063  9.766504   -1.296777
-0.1866211  9.914844   -1.349414
-0.244043  9.843066   -1.411621
-0.2392578  9.79043   -1.306348
-0.2249023  9.876562   -1.378125
-0.2249023  9.79043   -1.335059
-0.215332  9.866992   -1.440332
-0.2536133  9.81914   -1.36377
-0.2009766  9.828711   -1.320703
-0.2057617  9.828711   -1.39248
-0.244043  9.900488   -1.296777
-0.2009766  9.857422   -1.37334
-0.1770508  9.81914   -1.397266
-0.2249023  9.756933   -1.296777
-0.2488281  9.766504   -1.287207
-0.1961914  9.886133   -1.315918
-0.1770508  9.919629   -1.296777
-0.1579102  9.910059   -1.248926
-0.2105469  9.852636   -1.258496
-0.2583984  9.804785   -1.368555
-0.244043  9.766504   -1.344629
-0.2201172  9.785645   -1.416406
-0.2296875  9.881348   -1.378125
-0.215332  9.862207   -1.402051
-0.1914063  9.776074   -1.196289
-0.1722656  9.814356   -1.315918
-0.2727539  9.852636   -1.354199
-0.1961914  9.890918   -1.339844
-0.1961914  9.866992   -1.330273
-0.2249023  9.81914   -1.311133
-0.2296875  9.8   -1.440332
-0.2392578  9.847852   -1.387695
-0.215332  9.838282   -1.430762
-0.2631836  9.814356   -1.325488
-0.2201172  9.857422   -1.344629
-0.1866211  9.838282   -1.38291
-0.2201172  9.823926   -1.263281
-0.2201172  9.895703   -1.296777
-0.2296875  9.900488   -1.37334
-0.2775391  9.871778   -1.306348
-0.2201172  9.785645   -1.425977
-0.2105469  9.81914   -1.291992
-0.1961914  9.847852   -1.244141
-0.2344727  9.866992   -1.354199
-0.2249023  9.843066   -1.325488
-0.2009766  9.79043   -1.38291
-0.2679687  9.857422   -1.368555
-0.2344727  9.914844   -1.282422
-0.1626953  9.828711   -1.368555
-0.2536133  9.766504   -1.335059
-0.2009766  9.766504   -1.36377
-0.3206055  9.828711   -1.358984
-0.2105469  9.857422   -1.37334
-0.215332  9.79043   -1.36377
-0.2201172  9.847852   -1.339844
-0.2296875  9.857422   -1.253711
-0.1866211  9.80957   -1.402051
-0.1818359  9.776074   -1.282422
-0.1914063  9.833496   -1.339844
-0.1722656  9.8   -1.406836
-0.2296875  9.771289   -1.301563
-0.1914063  9.814356   -1.349414
-0.2392578  9.81914   -1.306348
-0.1722656  9.847852   -1.263281
-0.3014649  9.823926   -1.277637
-0.2679687  9.8   -1.315918
-0.2488281  9.828711   -1.36377
-0.2488281  9.828711   -1.296777
-0.2392578  9.795215   -1.220215
-0.2775391  9.814356   -1.368555
-0.2105469  9.833496   -1.36377
-0.1914063  9.847852   -1.387695
-0.215332  9.8   -1.349414
-0.2392578  9.780859   -1.349414
-0.2249023  9.81914   -1.335059
-0.1722656  9.828711   -1.291992
-0.2009766  9.80957   -1.253711
-0.215332  9.79043   -1.282422
-0.2583984  9.795215   -1.349414
-0.2009766  9.838282   -1.358984
-0.153125  9.814356   -1.311133
-0.1674805  9.8   -1.320703
-0.215332  9.823926   -1.272852
-0.2488281  9.857422   -1.344629
-0.2249023  9.838282   -1.339844
-0.1626953  9.79043   -1.301563
-0.2583984  9.838282   -1.402051
-0.2249023  9.847852   -1.291992
-0.2009766  9.828711   -1.378125
-0.244043  9.79043   -1.277637
-0.2727539  9.780859   -1.339844
-0.2296875  9.833496   -1.349414
-0.2296875  9.79043   -1.349414
-0.2201172  9.828711   -1.406836
-0.2249023  9.862207   -1.263281
-0.2105469  9.866992   -1.387695
-0.1866211  9.795215   -1.315918
-0.2105469  9.852636   -1.272852
-0.1626953  9.823926   -1.387695
-0.1914063  9.852636   -1.311133
-0.2631836  9.79043   -1.311133
-0.2344727  9.823926   -1.311133
-0.215332  9.833496   -1.349414
-0.1818359  9.847852   -1.330273
-0.2201172  9.80957   -1.301563
-0.2536133  9.81914   -1.38291
-0.2249023  9.776074   -1.464258
-0.1818359  9.895703   -1.306348
-0.2583984  9.862207   -1.325488
-0.1626953  9.857422   -1.258496
-0.2057617  9.823926   -1.272852
-0.2344727  9.862207   -1.358984
-0.1914063  9.80957   -1.272852
-0.2249023  9.838282   -1.315918
-0.2392578  9.823926   -1.378125
-0.1961914  9.8   -1.339844
-0.1483398  9.785645   -1.368555
-0.2631836  9.866992   -1.378125
-0.2679687  9.862207   -1.335059
-0.2392578  9.900488   -1.296777
-0.2105469  9.804785   -1.344629
-0.244043  9.785645   -1.38291
-0.2296875  9.881348   -1.449902
-0.2105469  9.771289   -1.368555
-0.1914063  9.833496   -1.368555
-0.1483398  9.79043   -1.306348
-0.2249023  9.838282   -1.354199
-0.1866211  9.866992   -1.320703
-0.2392578  9.814356   -1.354199
-0.1866211  9.795215   -1.512109
-0.1961914  9.780859   -1.416406
-0.2201172  9.866992   -1.354199
-0.2823242  9.900488   -1.37334
-0.2775391  9.900488   -1.349414
-0.2296875  9.857422   -1.311133
-0.1961914  9.900488   -1.253711
-0.2249023  9.905273   -1.339844
-0.2296875  9.80957   -1.445117
-0.215332  9.780859   -1.344629
-0.2201172  9.828711   -1.301563
-0.3014649  9.823926   -1.37334
-0.2201172  9.823926   -1.268066
-0.1961914  9.838282   -1.368555
-0.2296875  9.81914   -1.258496
-0.2536133  9.862207   -1.36377
-0.2583984  9.814356   -1.358984
-0.2249023  9.8   -1.37334
-0.2249023  9.80957   -1.258496
-0.1674805  9.866992   -1.311133
-0.2009766  9.871778   -1.23457
-0.2009766  9.823926   -1.397266
-0.2201172  9.80957   -1.38291
-0.2392578  9.833496   -1.358984
-0.2344727  9.79043   -1.358984
-0.2249023  9.804785   -1.402051
-0.2823242  9.900488   -1.435547
-0.1818359  9.823926   -1.411621
-0.2583984  9.80957   -1.416406
-0.2296875  9.833496   -1.349414
-0.2296875  9.857422   -1.306348
-0.2201172  9.876562   -1.349414
-0.2009766  9.804785   -1.296777
-0.2009766  9.79043   -1.325488
-0.215332  9.866992   -1.411621
-0.2583984  9.900488   -1.358984
-0.2009766  9.895703   -1.325488
-0.2344727  9.776074   -1.282422
-0.244043  9.766504   -1.220215
-0.244043  9.828711   -1.320703
-0.2344727  9.871778   -1.320703
-0.215332  9.81914   -1.416406
-0.215332  9.866992   -1.425977
-0.215332  9.780859   -1.368555
-0.2009766  9.833496   -1.402051
-0.2105469  9.81914   -1.291992
-0.2296875  9.871778   -1.358984
-0.2057617  9.79043   -1.263281
-0.1961914  9.795215   -1.315918
-0.2057617  9.780859   -1.335059
-0.2105469  9.823926   -1.268066
-0.2679687  9.919629   -1.296777
-0.2344727  9.852636   -1.282422
-0.2296875  9.876562   -1.378125
-0.1866211  9.929199   -1.358984
-0.1914063  9.871778   -1.368555
-0.2009766  9.852636   -1.354199
-0.2201172  9.780859   -1.339844
-0.244043  9.843066   -1.368555
-0.2488281  9.890918   -1.277637
-0.2105469  9.828711   -1.368555
-0.1674805  9.814356   -1.339844
-0.2583984  9.843066   -1.358984
-0.2536133  9.866992   -1.311133
-0.1961914  9.866992   -1.291992
-0.2392578  9.852636   -1.23457
-0.1914063  9.852636   -1.402051
-0.2631836  9.866992   -1.344629
-0.2201172  9.838282   -1.301563
-0.2057617  9.828711   -1.368555
-0.2488281  9.828711   -1.358984
-0.2392578  9.862207   -1.344629
-0.2727539  9.780859   -1.296777
-0.2201172  9.847852   -1.296777
-0.2583984  9.776074   -1.335059
-0.153125  9.8   -1.306348
-0.2009766  9.843066   -1.291992
-0.2823242  9.833496   -1.349414
-0.2201172  9.79043   -1.248926
-0.215332  9.761719   -1.37334
-0.2775391  9.780859   -1.325488
-0.2392578  9.795215   -1.311133
-0.2392578  9.752149   -1.315918
-0.1961914  9.823926   -1.378125
-0.2009766  9.823926   -1.358984
-0.1866211  9.852636   -1.301563
-0.1818359  9.847852   -1.311133
-0.2057617  9.852636   -1.315918
-0.215332  9.833496   -1.330273
-0.244043  9.804785   -1.320703
-0.1674805  9.828711   -1.253711
-0.2009766  9.80957   -1.335059
-0.2344727  9.866992   -1.368555
-0.2344727  9.876562   -1.282422
-0.2057617  9.843066   -1.37334
-0.2296875  9.823926   -1.37334
-0.1818359  9.8   -1.358984
-0.2296875  9.847852   -1.349414
-0.2296875  9.910059   -1.387695
-0.2344727  9.910059   -1.325488
-0.1770508  9.804785   -1.301563
-0.1626953  9.823926   -1.306348
-0.2727539  9.780859   -1.349414
-0.1961914  9.81914   -1.402051
-0.2057617  9.847852   -1.291992
-0.2488281  9.852636   -1.36377
-0.2009766  9.871778   -1.358984
-0.2583984  9.814356   -1.36377
-0.2105469  9.814356   -1.277637
-0.2296875  9.80957   -1.320703
-0.215332  9.780859   -1.320703
