-1.158537  -0.06097561   -1.036585
-1.280488  0   -1.036585
-1.219512  -0.06097561   -0.8536586
-0.9146342  0.06097561   -0.9756098
-0.9146342  -0.1219512   -1.097561
-0.9146342  0.1219512   -1.036585
-0.9756098  0   -1.097561
-0.9146342  0.06097561   -0.9756098
-1.036585  0.06097561   -1.097561
-1.097561  0   -0.9756098
-0.9756098  0.06097561   -0.9146342
-0.7926829  0.1829268   -0.9756098
-0.8536586  -0.2439024   -1.097561
-1.036585  0.06097561   -0.9756098
-1.036585  0.06097561   -0.9146342
-0.9146342  -0.06097561   -1.280488
-0.9146342  0.06097561   -0.8536586
-1.219512  0.06097561   -1.036585
-1.219512  0.1219512   -0.9146342
-0.9756098  0   -0.9756098
-1.097561  0   -1.158537
-1.097561  -0.06097561   -0.9756098
-0.9756098  0.06097561   -1.036585
-0.8536586  0.06097561   -0.9756098
-0.9756098  0.06097561   -0.9756098
-1.280488  -0.06097561   -1.036585
-1.036585  0.1829268   -1.036585
-0.9756098  0   -1.097561
-1.097561  0.06097561   -0.9756098
-0.9756098  0   -1.036585
-1.097561  0   -1.097561
-1.158537  -0.06097561   -1.036585
-0.9146342  0.1829268   -0.9756098
-0.7926829  -0.06097561   -0.9146342
-1.341463  0.06097561   -1.097561
-0.7926829  0.06097561   -1.097561
-0.7926829  -0.06097561   -1.097561
-1.219512  0   -1.036585
-0.8536586  -0.1219512   -1.158537
-0.7317073  0.1219512   -0.9756098
-1.097561  -0.06097561   -1.280488
-1.036585  0   -1.097561
-1.158537  0.06097561   -0.9756098
-0.9146342  0.1829268   -1.158537
-1.036585  0   -0.9756098
-0.9146342  0.1219512   -1.036585
-0.9146342  0.1829268   -0.7926829
-0.8536586  0   -1.097561
-0.7317073  0.06097561   -1.158537
-0.9756098  0.1829268   -1.036585
-1.219512  0.1829268   -0.9146342
-1.036585  0   -1.036585
-0.8536586  0   -0.7926829
-0.9146342  0.2439024   -1.097561
-0.9756098  0   -1.036585
-1.036585  0.1219512   -0.9146342
-1.036585  0.06097561   -0.9146342
-1.158537  0.1219512   -0.9756098
-1.036585  0   -0.8536586
-1.036585  0.1219512   -1.036585
-0.7926829  -0.06097561   -1.219512
-0.9146342  -0.06097561   -1.036585
-1.036585  0.06097561   -1.158537
-0.9756098  -0.06097561   -1.036585
-1.097561  0.06097561   -1.036585
-1.036585  0.1219512   -1.097561
-1.097561  0   -0.9756098
-1.036585  0   -0.9756098
-0.6707317  0.06097561   -1.036585
-1.036585  0   -0.9146342
-0.9756098  0.06097561   -0.9756098
-1.158537  -0.06097561   -1.036585
-0.9756098  0.1829268   -0.8536586
-0.9146342  -0.1219512   -1.036585
-1.097561  0   -1.097561
-1.036585  0.1219512   -1.036585
-0.8536586  0.1829268   -1.036585
-0.8536586  -0.06097561   -1.036585
-1.036585  0.1829268   -0.9756098
-1.280488  0.1829268   -0.8536586
-1.097561  0.2439024   -1.036585
-0.9146342  -0.06097561   -1.036585
-0.9146342  0.1829268   -0.9146342
-0.9146342  0.1219512   -0.9756098
-0.8536586  0.1219512   -0.8536586
-0.9756098  0.2439024   -1.158537
-1.036585  0   -0.8536586
-1.341463  0   -0.9756098
-1.036585  0   -1.158537
-1.036585  0.2439024   -1.036585
-1.280488  -0.1219512   -1.097561
-0.9756098  0.2439024   -0.9146342
-0.7926829  0   -1.036585
-0.8536586  -0.06097561   -1.097561
-0.9756098  0   -1.036585
-1.036585  0   -0.9756098
-0.9756098  -0.06097561   -1.097561
-0.9756098  0.1219512   -0.9146342
-0.8536586  0.1219512   -1.036585
-0.9756098  0.1219512   -0.9146342
-1.036585  -0.06097561   -1.036585
-0.9756098  -0.1219512   -1.036585
-1.036585  0.1829268   -1.097561
-1.158537  0   -0.7926829
-1.097561  0.1219512   -1.036585
-0.7926829  0.06097561   -1.036585
-0.7926829  0   -1.097561
-0.9146342  0.2439024   -1.097561
-0.8536586  0.06097561   -1.158537
-1.097561  -0.06097561   -0.9756098
-1.158537  0.1829268   -1.097561
-1.158537  0   -1.097561
-0.8536586  0.1219512   -0.9756098
-0.9756098  0   -1.219512
-0.9756098  0   -1.219512
-1.219512  0.06097561   -0.9756098
-0.9756098  0.1829268   -0.8536586
-1.097561  0   -1.158537
-1.036585  -0.1219512   -0.9756098
-1.036585  0.1219512   -0.9146342
-1.036585  0.1219512   -1.097561
-0.9146342  0.3658537   -1.097561
-1.036585  0.1829268   -1.219512
-1.280488  0.06097561   -1.036585
-1.036585  0.1219512   -0.9146342
-0.8536586  0.06097561   -1.036585
-0.9146342  -0.06097561   -0.9146342
-0.9146342  -0.06097561   -1.036585
-0.7926829  0.1219512   -1.036585
-1.219512  0   -0.9146342
-1.219512  0   -0.9146342
-1.097561  0.3048781   -1.036585
-1.219512  0   -0.9146342
-0.9756098  0.1829268   -1.158537
-1.036585  0.1829268   -1.036585
-1.158537  0.06097561   -0.9756098
-1.036585  0.06097561   -1.097561
-0.9146342  0.1219512   -1.097561
-0.9756098  0   -0.9146342
-1.036585  0.1219512   -1.036585
-1.036585  0.1219512   -0.9146342
-1.036585  0.1219512   -0.8536586
-0.8536586  0   -1.036585
-0.9756098  0.06097561   -1.097561
-1.036585  -0.06097561   -0.9146342
-0.8536586  0.3048781   -0.8536586
-1.097561  0   -1.036585
-1.158537  0.06097561   -0.9146342
-1.036585  0   -1.158537
-0.7926829  0.2439024   -1.036585
-0.9756098  -0.06097561   -1.036585
-0.9146342  0.06097561   -1.097561
-0.9756098  0.1219512   -0.9756098
-1.036585  0.06097561   -1.036585
-0.8536586  0.1829268   -0.9756098
-1.097561  0.06097561   -0.9756098
-1.219512  0   -1.097561
-0.7926829  0.1829268   -0.9146342
-0.9756098  0.06097561   -1.158537
-0.9756098  0.1219512   -1.097561
-0.9146342  0.06097561   -1.158537
-1.097561  0.06097561   -1.036585
-1.158537  0.06097561   -1.036585
-1.097561  0.1829268   -0.9146342
-1.036585  -0.06097561   -1.158537
-0.9146342  -0.06097561   -1.097561
-0.9756098  0.06097561   -0.9756098
-0.6707317  0   -1.097561
-0.7926829  0   -1.158537
-1.036585  0.1829268   -0.9756098
-1.280488  -0.06097561   -1.158537
-1.036585  0.1219512   -0.9756098
-0.9756098  -0.1219512   -0.9756098
-1.036585  0   -1.158537
-0.9756098  0.1219512   -1.097561
-1.036585  0   -1.097561
-0.8536586  -0.06097561   -0.8536586
-1.341463  0.06097561   -1.158537
-0.8536586  0.1219512   -0.8536586
-0.9756098  0.1219512   -1.097561
-0.9146342  0.2439024   -1.097561
-0.9146342  -0.1219512   -1.280488
-0.8536586  0.3048781   -1.097561
-1.036585  0.1219512   -0.9756098
-1.158537  0.1219512   -0.7926829
-1.280488  0.06097561   -1.036585
-1.097561  -0.1219512   -1.158537
-0.9756098  0.06097561   -1.036585
-0.9146342  0.06097561   -1.036585
-0.7317073  0   -1.158537
-1.036585  0   -1.036585
-1.219512  0.06097561   -0.9756098
-1.158537  0.06097561   -0.9756098
-0.9146342  0.1219512   -1.097561
-1.036585  0   -0.7926829
-1.158537  0.1219512   -0.9756098
-1.219512  0   -1.036585
-0.9146342  0.3048781   -0.9756098
-0.9146342  -0.1829268   -1.036585
-1.158537  0   -1.036585
-1.097561  0   -0.9756098
0.09756142  0.1268293   -0.00762105
-0.02438974  0.00487804   0.0533545
0.2195126  -0.05609757   0.1143301
-0.02438974  0.1268293   -0.06859672
0.09756142  -0.05609757   -0.1295723
-0.08536541  -0.1780488   -0.00762105
-0.3292679  -0.1170732   -0.1905479
-0.08536541  -0.1780488   -0.06859672
0.2195126  -0.1780488   -0.2515235
0.3414639  0.1268293   -0.06859672
0.09756142  -0.05609757   0.1753057
0.03658581  -0.1170732   -0.00762105
-0.146341  0.00487804   -0.00762105
-0.02438974  0.00487804   -0.06859672
-0.2073166  0.06585366   -0.00762105
-0.08536541  -0.05609757   0.2362813
0.09756142  -0.1170732   -0.06859672
0.09756142  -0.1170732   0.0533545
-0.2073166  0.1878049   0.1143301
-0.2073166  -0.1780488   -0.00762105
0.03658581  0.00487804   0.1143301
-0.08536541  -0.1170732   -0.06859672
0.03658581  0.06585366   -0.06859672
-0.2073166  -0.05609757   -0.06859672
0.158537  -0.1780488   -0.1905479
0.2195126  0.00487804   -0.00762105
-0.146341  -0.05609757   0.1143301
0.03658581  0.00487804   -0.06859672
-0.02438974  -0.05609757   0.0533545
0.09756142  -0.05609757   -0.1295723
0.09756142  -0.05609757   -0.06859672
-0.146341  -0.1170732   0.1753057
0.09756142  0.06585366   0.1753057
-0.146341  0.06585366   -0.1295723
-0.3292679  0.06585366   -0.1295723
-0.08536541  -0.1780488   -0.00762105
-0.02438974  -0.2390244   0.1143301
0.2195126  -0.1170732   -0.1295723
0.03658581  0.06585366   0.0533545
-0.146341  0.00487804   -0.00762105
0.03658581  0.06585366   -0.2515235
0.03658581  -0.05609757   0.1143301
0.09756142  0.00487804   0.1143301
0.03658581  -0.1170732   -0.06859672
-0.02438974  -0.1780488   -0.00762105
-0.08536541  0.00487804   0.0533545
-0.02438974  -0.05609757   0.0533545
0.09756142  0.1878049   0.0533545
-0.146341  -0.2390244   -0.00762105
-0.146341  -0.1780488   -0.1295723
0.03658581  -0.1170732   0.2972569
-0.08536541  -0.05609757   -0.00762105
0.2195126  0.1268293   0.0533545
-0.02438974  0.06585366   0.1753057
-0.146341  -0.05609757   -0.06859672
-0.02438974  0.00487804   -0.00762105
-0.02438974  -0.1170732   -0.06859672
0.09756142  0.1878049   -0.06859672
-0.02438974  0.00487804   -0.06859672
-0.02438974  0.06585366   -0.00762105
0.03658581  0.06585366   -0.1295723
-0.08536541  -0.05609757   0.0533545
-0.2073166  0.00487804   -0.00762105
-0.146341  0.06585366   0.0533545
-0.02438974  0.06585366   -0.00762105
-0.02438974  0.06585366   0.0533545
-0.02438974  0.00487804   -0.06859672
0.03658581  -0.05609757   0.1143301
-0.146341  -0.05609757   -0.06859672
-0.2073166  -0.1170732   -0.1295723
0.03658581  -0.05609757   -0.00762105
-0.02438974  0.06585366   -0.1905479
0.03658581  0.00487804   -0.06859672
-0.08536541  -0.1170732   0.0533545
-0.02438974  0.00487804   -0.00762105
-0.08536541  -0.05609757   0.1753057
0.09756142  -0.1780488   0.1143301
-0.08536541  -0.05609757   -0.00762105
0.09756142  0.06585366   0.0533545
-0.08536541  0.00487804   0.0533545
0.2195126  -0.1170732   -0.00762105
-0.146341  0.06585366   -0.06859672
0.03658581  -0.2390244   0.0533545
-0.146341  0.00487804   -0.06859672
-0.02438974  0.00487804   0.1143301
-0.02438974  0.00487804   0.0533545
-0.02438974  0.00487804   0.1143301
-0.146341  0.00487804   -0.1295723
0.2195126  0.06585366   0.0533545
0.158537  -0.05609757   -0.00762105
-0.146341  -0.05609757   -0.06859672
0.03658581  -0.1780488   0.1143301
-0.146341  -0.05609757   -0.06859672
-0.02438974  0.00487804   0.0533545
-0.02438974  0.1268293   0.0533545
-0.08536541  0.06585366   -0.1295723
-0.2682922  0.00487804   -0.00762105
0.09756142  0.00487804   -0.00762105
-0.02438974  -0.1780488   -0.00762105
-0.146341  0.1268293   0.1143301
0.03658581  -0.05609757   0.1143301
0.09756142  -0.1170732   -0.1905479
-0.02438974  0.1268293   -0.1295723
-0.08536541  0.06585366   0.0533545
0.158537  0.00487804   0.1753057
0.09756142  -0.1170732   -0.00762105
0.03658581  0.06585366   -0.2515235
-0.08536541  -0.1780488   -0.1905479
-0.2682922  -0.05609757   0.1753057
-0.08536541  0.00487804   -0.00762105
-0.08536541  0.1268293   0.1143301
0.158537  -0.1170732   -0.06859672
0.2195126  -0.05609757   -0.00762105
0.03658581  0.1268293   -0.1905479
-0.02438974  0.1878049   0.0533545
-0.2073166  0.00487804   0.2362813
-0.08536541  0.06585366   0.1143301
0.158537  -0.05609757   0.1143301
-0.02438974  -0.05609757   0.1143301
-0.08536541  -0.1170732   -0.06859672
0.09756142  -0.1170732   -0.00762105
0.158537  0.1268293   -0.1295723
-0.08536541  0.06585366   0.1143301
-0.146341  0.2487805   0.0533545
0.03658581  0.00487804   -0.00762105
-0.02438974  0.00487804   0.0533545
-0.02438974  0.2487805   -0.06859672
-0.08536541  0.06585366   0.1143301
0.03658581  -0.1170732   0.0533545
-0.08536541  -0.1170732   -0.1295723
-0.08536541  -0.05609757   -0.1295723
-0.02438974  -0.05609757   -0.00762105
0.09756142  0.00487804   -0.00762105
-0.02438974  0.00487804   -0.1295723
-0.146341  0.1878049   -0.06859672
0.03658581  0.06585366   -0.06859672
0.03658581  0.00487804   0.1143301
0.09756142  0.06585366   0.0533545
-0.02438974  0.00487804   0.0533545
-0.2682922  0.1268293   0.0533545
-0.146341  -0.1170732   -0.06859672
0.09756142  -0.05609757   -0.06859672
0.09756142  0.06585366   -0.00762105
-0.02438974  -0.05609757   0.0533545
0.2804883  0.00487804   -0.00762105
0.03658581  -0.05609757   0.0533545
-0.08536541  0.00487804   0.0533545
-0.146341  0.00487804   -0.06859672
-0.08536541  -0.05609757   -0.00762105
0.158537  -0.05609757   0.0533545
-0.146341  -0.05609757   0.0533545
-0.08536541  0.06585366   -0.00762105
-0.02438974  0.1268293   0.0533545
0.2195126  0.06585366   -0.00762105
-0.08536541  0.06585366   0.0533545
-0.02438974  0.00487804   -0.1295723
0.09756142  -0.1170732   -0.00762105
0.03658581  -0.05609757   0.0533545
-0.2073166  -0.2390244   -0.06859672
-0.3292679  -0.1170732   0.1143301
0.09756142  -0.3   0.1143301
0.2195126  0.1268293   -0.1295723
0.03658581  -0.05609757   -0.06859672
-0.08536541  -0.1170732   0.0533545
-0.146341  -0.1170732   0.0533545
0.03658581  0.06585366   0.0533545
0.158537  0.00487804   -0.1295723
0.03658581  0.1268293   0.0533545
-0.02438974  0.06585366   -0.2515235
-0.146341  -0.1170732   -0.1295723
-0.146341  0.1268293   0.2972569
-0.146341  -0.1170732   0.1143301
0.158537  -0.1170732   -0.1905479
0.03658581  0.1268293   -0.1905479
0.158537  0.06585366   -0.00762105
-0.08536541  -0.05609757   0.0533545
-0.08536541  0.00487804   0.0533545
0.09756142  -0.1170732   -0.1295723
-0.146341  0.1268293   -0.06859672
-0.4512191  0.00487804   -0.00762105
-0.146341  -0.05609757   0.0533545
0.09756142  -0.1170732   0.0533545
0.3414639  -0.05609757   -0.06859672
0.158537  0.00487804   0.0533545
0.158537  -0.1170732   0.0533545
0.09756142  0.06585366   0.0533545
0.09756142  0.06585366   -0.00762105
-0.2073166  0.06585366   0.1143301
-0.3902434  0.00487804   -0.00762105
-0.02438974  -0.1780488   0.1143301
0.158537  -0.05609757   -0.00762105
0.2804883  0.1878049   0.1143301
0.158537  0.00487804   -0.1295723
0.09756142  -0.05609757   -0.06859672
-0.02438974  0.00487804   0.1753057
-0.2073166  0.06585366   -0.00762105
-0.02438974  -0.1170732   -0.06859672
0.158537  0.2487805   0.0533545
0.158537  -0.1780488   -0.06859672
-0.146341  0.06585366   0.1753057
-0.2682922  -0.05609757   -0.06859672
0.09756142  0.00487804   -0.06859672
-0.08536541  -0.05609757   -0.00762105
-0.08536541  0.06585366   0.1143301
-0.146341  -0.1170732   0.1753057
0.158537  0.00487804   -0.00762105
0.158537  0.06585366   -0.1295723
-0.02438974  0.00487804   -0.06859672
-0.146341  -0.1170732   0.0533545
-0.08536541  -0.1170732   0.0533545
-0.02438974  0.1268293   0.0533545
-0.08536541  0.00487804   -0.00762105
0.09756142  -0.05609757   0.0533545
-0.08536541  0.00487804   -0.00762105
0.03658581  -0.1170732   -0.00762105
0.03658581  0.00487804   0.0533545
-0.2073166  0.06585366   0.0533545
-0.08536541  0.1268293   0.1143301
-0.02438974  0.00487804   -0.00762105
-0.08536541  -0.05609757   -0.06859672
-0.08536541  -0.1170732   0.1143301
0.2195126  0.00487804   0.1143301
0.158537  0.00487804   -0.1295723
-0.02438974  -0.05609757   -0.1295723
-0.146341  0.00487804   0.1143301
-0.2073166  0.00487804   -0.1295723
-0.08536541  0.00487804   -0.06859672
0.09756142  -0.1780488   -0.00762105
0.03658581  -0.05609757   -0.00762105
0.03658581  0.06585366   0.0533545
0.158537  0.06585366   -0.00762105
0.2195126  -0.1780488   -0.00762105
-0.146341  0.1878049   -0.00762105
0.2195126  -0.05609757   -0.1905479
0.03658581  0.1268293   -0.00762105
0.03658581  0.06585366   -0.1905479
-0.02438974  -0.05609757   0.0533545
-0.02438974  0.06585366   -0.2515235
0.2195126  0.1878049   -0.1905479
-0.08536541  0.00487804   0.1143301
-0.2073166  0.00487804   0.0533545
0.03658581  -0.1170732   -0.1295723
0.09756142  -0.1780488   -0.06859672
0.03658581  -0.1170732   -0.00762105
0.09756142  0.2487805   0.0533545
-0.146341  0.06585366   0.1143301
0.2195126  0.1878049   -0.06859672
0.03658581  0.06585366   -0.06859672
-0.08536541  -0.1780488   -0.00762105
-0.146341  0.1878049   0.0533545
-0.08536541  -0.1170732   -0.00762105
0.03658581  -0.05609757   0.1143301
-0.2073166  -0.1780488   -0.1295723
0.2195126  -0.1170732   0.0533545
0.03658581  -0.1170732   0.1143301
-0.02438974  -0.1170732   -0.06859672
0.03658581  -0.05609757   0.1143301
-0.2073166  0.1268293   0.0533545
-0.08536541  -0.1170732   -0.00762105
-0.08536541  0.00487804   -0.1295723
-0.08536541  -0.1170732   0.2362813
0.03658581  0.06585366   0.1143301
0.3414639  -0.05609757   -0.06859672
0.03658581  0.1268293   -0.1295723
0.09756142  0.1878049   0.1143301
-0.08536541  0.1268293   0.1143301
-0.2073166  0.06585366   -0.1295723
0.09756142  0.06585366   0.0533545
-0.02438974  -0.1170732   0.0533545
-0.02438974  -0.1170732   0.1143301
-0.02438974  -0.1170732   0.2972569
0.158537  0.00487804   0.0533545
-0.2682922  0.1268293   -0.1905479
-0.08536541  0.2487805   -0.00762105
-0.146341  0.06585366   -0.00762105
0.158537  0.1268293   -0.00762105
-0.2073166  0.00487804   -0.00762105
0.09756142  -0.1780488   -0.06859672
0.09756142  0.00487804   -0.00762105
-0.02438974  0.00487804   0.1143301
0.03658581  -0.1170732   -0.1905479
0.03658581  -0.05609757   -0.06859672
0.2195126  0.1268293   0.1143301
-0.08536541  0.00487804   0.1143301
-0.146341  -0.1780488   -0.1905479
0.03658581  -0.05609757   -0.00762105
-0.2073166  0.00487804   -0.06859672
0.03658581  0.06585366   0.1753057
-0.02438974  0.00487804   0.1143301
-0.2073166  0.1268293   0.0533545
0.2804883  0.00487804   -0.1905479
0.03658581  -0.1170732   -0.1295723
-0.2682922  0.00487804   0.0533545
-0.02438974  0.1878049   -0.00762105
-0.08536541  0.00487804   0.1143301
-0.08536541  0.06585366   0.0533545
0.158537  0.06585366   -0.1295723
-0.02438974  0.1268293   -0.06859672
0.09756142  0.06585366   -0.00762105
0.158537  -0.1170732   0.2362813
0.09756142  0.00487804   0.1143301
-0.02438974  0.00487804   -0.1295723
-0.08536541  -0.1780488   -0.1295723
-0.08536541  -0.3   -0.00762105
-0.3292679  0.00487804   0.2362813
-0.146341  0.00487804   -0.00762105
0.158537  0.06585366   0.0533545
-0.02438974  0.00487804   0.0533545
-0.2073166  0.00487804   0.0533545
-0.146341  -0.1170732   -0.1295723
-0.2682922  -0.1780488   0.1753057
0.09756142  -0.2390244   -0.1295723
0.03658581  0.06585366   -0.06859672
0.158537  -0.2390244   -0.00762105
0.2804883  0.00487804   -0.00762105
0.158537  0.00487804   -0.00762105
-0.146341  0.00487804   -0.1295723
-0.3902434  -0.1170732   -0.1295723
-0.146341  -0.05609757   0.0533545
-0.146341  0.06585366   0.1143301
0.158537  -0.05609757   0.0533545
0.158537  -0.05609757   -0.00762105
0.03658581  0.1878049   -0.1905479
0.3414639  -0.05609757   -0.1905479
-0.2682922  0.1268293   0.0533545
-0.3292679  -0.05609757   -0.00762105
-0.2073166  -0.1170732   -0.06859672
0.09756142  0.1268293   -0.00762105
0.158537  -0.1170732   -0.06859672
-0.08536541  0.06585366   0.2362813
-0.02438974  0.00487804   0.0533545
-0.08536541  -0.1780488   -0.1295723
-0.2682922  0.06585366   -0.06859672
-0.08536541  -0.05609757   -0.06859672
-0.02438974  0.06585366   0.1143301
0.03658581  0.00487804   0.0533545
0.2195126  -0.1170732   0.1143301
-0.2073166  0.1268293   -0.1295723
0.09756142  0.06585366   0.0533545
-0.08536541  -0.1170732   0.0533545
0.2195126  -0.1170732   -0.00762105
-0.08536541  0.00487804   -0.00762105
0.09756142  0.1878049   -0.00762105
-0.2073166  0.06585366   -0.2515235
0.158537  -0.1170732   -0.00762105
-0.02438974  0.1268293   0.1143301
-0.02438974  -0.1780488   0.0533545
-0.08536541  -0.05609757   -0.1295723
-0.2073166  0.06585366   -0.00762105
-0.08536541  0.00487804   0.1143301
0.09756142  -0.1170732   0.0533545
0.03658581  0.1878049   -0.06859672
0.03658581  0.00487804   -0.1295723
-0.146341  0.06585366   -0.06859672
-0.146341  0.1268293   -0.06859672
0.03658581  -0.05609757   0.0533545
-0.146341  0.1878049   -0.00762105
0.158537  -0.05609757   -0.00762105
0.03658581  0.06585366   0.0533545
-0.2682922  0.1268293   0.1143301
-0.2682922  -0.1780488   0.1143301
0.03658581  0.00487804   -0.06859672
0.09756142  -0.05609757   -0.00762105
0.158537  -0.1170732   -0.06859672
0.09756142  0.06585366   -0.00762105
0.03658581  -0.1170732   -0.1295723
-0.02438974  0.06585366   -0.1295723
-0.02438974  -0.05609757   -0.1295723
-0.146341  0.1268293   0.0533545
0.09756142  0.06585366   0.0533545
0.158537  0.06585366   0.0533545
0.09756142  -0.1170732   -0.00762105
-0.146341  0.00487804   -0.06859672
-0.146341  0.06585366   -0.1905479
0.03658581  0.00487804   0.0533545
0.158537  0.00487804   -0.00762105
0.2195126  0.2487805   -0.06859672
-0.146341  -0.1780488   -0.06859672
-0.08536541  0.2487805   0.0533545
-0.146341  0.1878049   0.1143301
-0.146341  0.00487804   -0.00762105
-0.02438974  0.00487804   -0.1905479
-0.08536541  -0.05609757   0.1143301
0.03658581  0.1878049   -0.1905479
-0.02438974  0.00487804   0.0533545
0.03658581  0.00487804   0.1143301
-0.2073166  0.1878049   -0.1905479
0.2195126  0.00487804   0.1143301
-0.08536541  -0.1780488   -0.00762105
-0.2682922  0.00487804   0.1753057
-0.08536541  0.1878049   -0.1295723
0.03658581  0.06585366   -0.00762105
0.158537  -0.05609757   -0.1905479
-0.08536541  0.00487804   0.0533545
0.09756142  0.00487804   0.1143301
-0.02438974  0.1878049   0.0533545
-0.2073166  0.06585366   -0.1295723
-0.146341  -0.05609757   0.2362813
-0.08536541  0.00487804   0.1143301
0.2804883  -0.1170732   -0.1905479
0.4024395  -0.1170732   0.0533545
-0.02438974  0.00487804   -0.1905479
-0.3292679  0.06585366   0.1753057
-0.3902434  -0.1780488   -0.00762105
-0.2073166  -0.05609757   -0.1295723
-0.146341  -0.1170732   0.0533545
0.158537  -0.05609757   0.0533545
0.09756142  0.1268293   0.1143301
0.09756142  0.1268293   0.0533545
-0.2682922  0.00487804   -0.00762105
-0.02438974  -0.3   0.1143301
-0.08536541  -0.1170732   -0.1295723
0.09756142  0.06585366   -0.00762105
-0.146341  0.00487804   0.0533545
0.03658581  -0.1780488   0.0533545
0.2195126  0.06585366   0.0533545
-0.08536541  0.00487804   0.1143301
-0.02438974  0.06585366   0.1753057
-0.146341  -0.05609757   -0.1295723
-0.08536541  0.00487804   0.0533545
-0.02438974  -0.1170732   0.0533545
-0.02438974  -0.1170732   -0.00762105
-0.02438974  0.2487805   0.1753057
0.03658581  -0.1780488   0.0533545
0.03658581  0.1268293   -0.06859672
0.03658581  0.06585366   0.0533545
-0.08536541  0.00487804   0.0533545
0.03658581  0.06585366   0.1143301
-0.08536541  -0.1170732   -0.00762105
-0.2682922  -0.05609757   -0.00762105
0.2804883  0.06585366   -0.1295723
0.2195126  -0.1170732   -0.1295723
0.09756142  -0.1170732   -0.00762105
0.09756142  -0.05609757   0.2362813
-0.3902434  -0.05609757   -0.00762105
-0.146341  0.00487804   0.1143301
-0.08536541  0.06585366   0.1143301
-0.08536541  0.00487804   -0.00762105
0.158537  -0.1170732   -0.06859672
0.03658581  -0.05609757   0.1753057
0.158537  0.00487804   -0.06859672
-0.146341  -0.05609757   -0.1905479
-0.146341  -0.1170732   -0.06859672
0.03658581  0.00487804   0.1143301
0.158537  0.06585366   -0.06859672
0.03658581  0.06585366   0.1753057
-0.02438974  0.2487805   -0.06859672
-0.08536541  -0.1170732   -0.00762105
-0.2073166  0.06585366   -0.1295723
0.158537  0.06585366   -0.1295723
-0.02438974  -0.05609757   -0.06859672
-0.08536541  0.1878049   0.1753057
-0.02438974  0.00487804   -0.06859672
-0.08536541  0.1268293   -0.00762105
0.03658581  0.2487805   0.0533545
-0.02438974  -0.05609757   0.0533545
0.03658581  0.06585366   -0.1905479
-0.146341  -0.05609757   -0.00762105
-0.2682922  0.06585366   0.1143301
-0.2073166  -0.1170732   0.0533545
0.09756142  -0.1170732   0.0533545
0.3414639  0.00487804   -0.06859672
0.2804883  0.06585366   -0.00762105
0.03658581  0.00487804   0.1143301
-0.02438974  0.1268293   -0.1295723
-0.2073166  0.1268293   -0.00762105
-0.2073166  -0.05609757   -0.1295723
0.09756142  0.06585366   0.0533545
0.09756142  0.06585366   -0.00762105
-0.02438974  -0.05609757   -0.1295723
-0.146341  -0.1170732   0.1753057
0.03658581  -0.1170732   -0.00762105
-0.2073166  0.06585366   -0.1295723
-0.2073166  0.1878049   -0.06859672
-0.08536541  -0.05609757   -0.1295723
-0.02438974  0.06585366   -0.06859672
0.2195126  0.00487804   -0.1905479
0.09756142  -0.2390244   0.0533545
-0.02438974  0.00487804   0.0533545
-0.146341  -0.05609757   -0.00762105
-0.2682922  0.00487804   0.1753057
0.03658581  -0.05609757   0.1143301
-0.02438974  -0.1170732   -0.1295723
0.09756142  0.06585366   -0.00762105
0.2804883  0.00487804   -0.00762105
-0.3292679  -0.05609757   0.2362813
-0.2073166  0.1878049   -0.1295723
-0.08536541  0.00487804   -0.06859672
-0.02438974  -0.05609757   0.0533545
-0.146341  -0.1170732   -0.00762105
-0.02438974  0.00487804   -0.1295723
0.2195126  0.00487804   -0.06859672
-0.02438974  0.1268293   -0.1905479
-0.08536541  -0.05609757   -0.1905479
-0.08536541  -0.2390244   0.0533545
0.03658581  0.06585366   0.0533545
0.2195126  -0.1780488   -0.1905479
0.03658581  0.00487804   -0.00762105
-0.146341  -0.1170732   -0.06859672
-0.3292679  0.1268293   0.0533545
-0.08536541  0.00487804   -0.1295723
-0.02438974  0.00487804   0.0533545
0.158537  -0.1170732   0.1143301
0.09756142  0.00487804   -0.1295723
0.03658581  -0.05609757   0.1143301
-0.08536541  0.00487804   0.1143301
-0.2073166  0.1268293   -0.06859672
0.2195126  0.06585366   -0.1295723
0.158537  0.06585366   -0.00762105
-0.02438974  0.06585366   0.1143301
-0.146341  0.00487804   0.0533545
-0.146341  -0.1170732   -0.00762105
0.3414639  -0.1170732   -0.1295723
-0.08536541  -0.1170732   0.1143301
-0.2073166  0.1268293   -0.06859672
0.09756142  -0.1780488   -0.06859672
-0.02438974  0.00487804   -0.06859672
-0.146341  -0.05609757   -0.1295723
-0.3292679  0.00487804   -0.06859672
-0.08536541  -0.1780488   -0.06859672
0.09756142  -0.05609757   -0.06859672
-0.02438974  0.1878049   -0.00762105
0.2195126  0.00487804   -0.1295723
0.2804883  0.00487804   -0.1295723
-0.08536541  0.06585366   -0.00762105
-0.3292679  -0.1170732   -0.00762105
-0.3292679  0.00487804   0.1143301
0.2804883  -0.05609757   -0.00762105
0.03658581  0.06585366   -0.06859672
0.09756142  0.1268293   -0.1295723
-0.3292679  -0.05609757   0.0533545
-0.08536541  0.00487804   -0.06859672
-0.08536541  -0.05609757   -0.1295723
-0.02438974  0.1268293   -0.1295723
-0.08536541  0.1268293   0.0533545
0.03658581  -0.1170732   -0.00762105
0.2804883  0.06585366   0.0533545
0.09756142  0.1268293   -0.06859672
-0.3292679  0.3097561   -0.00762105
-0.2073166  0.00487804   0.0533545
0.09756142  0.06585366   -0.06859672
0.03658581  0.1878049   -0.06859672
-0.2073166  0.1878049   -0.00762105
-0.08536541  0.00487804   -0.06859672
0.3414639  -0.05609757   -0.3124992
0.158537  -0.05609757   -0.00762105
-0.08536541  0.3097561   -0.00762105
-0.146341  0.00487804   -0.00762105
0.09756142  -0.1170732   -0.00762105
-0.08536541  -0.05609757   0.0533545
-0.3292679  0.06585366   0.1143301
0.158537  -0.05609757   -0.06859672
0.3414639  -0.1170732   -0.1295723
0.03658581  0.1268293   0.1753057
-0.4512191  0.00487804   -0.06859672
-0.08536541  0.1878049   -0.00762105
-0.02438974  -0.1170732   -0.1905479
-0.02438974  0.06585366   -0.06859672
-0.08536541  0.06585366   0.1143301
0.03658581  0.00487804   -0.06859672
0.2195126  -0.05609757   -0.06859672
0.2195126  -0.1170732   -0.06859672
-0.2682922  0.06585366   -0.00762105
-0.2073166  -0.05609757   -0.06859672
-0.08536541  -0.1170732   -0.1905479
0.2195126  -0.05609757   -0.1905479
-0.146341  -0.1170732   -0.00762105
0.03658581  0.00487804   -0.00762105
0.2195126  -0.05609757   -0.2515235
-0.146341  -0.05609757   0.2362813
-0.3902434  0.1268293   0.0533545
-0.08536541  0.00487804   0.0533545
0.03658581  -0.3   -0.1905479
0.09756142  -0.05609757   -0.00762105
-0.02438974  -0.05609757   -0.00762105
-0.146341  0.06585366   0.1143301
-0.08536541  0.00487804   0.1753057
0.03658581  0.00487804   -0.1295723
-0.3292679  0.1878049   0.1143301
-0.3902434  0.1268293   0.0533545
0.09756142  0.06585366   0.1143301
0.03658581  -0.05609757   -0.06859672
-0.08536541  0.1268293   0.0533545
-0.146341  0.1268293   -0.00762105
0.09756142  0.06585366   -0.06859672
-0.02438974  -0.05609757   0.0533545
-0.2682922  -0.1170732   0.0533545
-0.08536541  0.00487804   -0.06859672
0.09756142  -0.05609757   -0.06859672
-0.02438974  0.1878049   0.0533545
0.03658581  0.1268293   0.1753057
-0.2073166  -0.05609757   0.0533545
0.03658581  0.3097561   -0.1905479
0.03658581  -0.3609756   -0.1295723
-0.2682922  -0.05609757   -0.1905479
-0.08536541  -0.05609757   0.1143301
0.03658581  -0.1780488   -0.06859672
-0.08536541  0.00487804   -0.1295723
-0.08536541  0.1268293   -0.06859672
-0.2073166  -0.1170732   0.1143301
-0.08536541  0.00487804   -0.00762105
0.158537  -0.05609757   0.0533545
-0.02438974  0.00487804   -0.00762105
-0.146341  0.00487804   -0.00762105
-0.2682922  0.00487804   -0.06859672
-0.02438974  -0.1170732   0.0533545
0.03658581  0.06585366   -0.00762105
0.03658581  0.06585366   -0.00762105
-0.2073166  -0.1170732   -0.1295723
0.09756142  0.06585366   -0.1905479
-0.2073166  -0.05609757   0.0533545
-0.146341  -0.05609757   0.1753057
-0.08536541  0.00487804   -0.06859672
0.09756142  0.00487804   0.0533545
0.2195126  -0.1170732   -0.1295723
-0.146341  -0.1780488   0.2362813
-0.2073166  0.00487804   0.1143301
0.03658581  0.1268293   -0.1905479
-0.08536541  -0.1170732   -0.06859672
-0.2073166  -0.1780488   0.0533545
0.09756142  -0.1170732   -0.06859672
0.158537  0.06585366   -0.00762105
0.2804883  0.00487804   -0.00762105
-0.2682922  -0.05609757   -0.00762105
-0.08536541  0.00487804   0.0533545
-0.02438974  0.00487804   -0.1295723
0.158537  0.1268293   -0.00762105
-0.08536541  0.1268293   0.1753057
0.03658581  -0.05609757   -0.06859672
0.09756142  0.06585366   0.1143301
0.158537  0.06585366   -0.1905479
-0.2682922  -0.1170732   -0.00762105
-0.2073166  0.00487804   0.0533545
-0.08536541  0.1268293   0.1753057
-0.146341  -0.1780488   0.0533545
-0.2682922  -0.1170732   0.1143301
0.03658581  0.00487804   0.1753057
0.2804883  0.00487804   -0.06859672
0.09756142  -0.05609757   0.0533545
-0.2073166  -0.05609757   0.0533545
-0.02438974  0.2487805   0.0533545
0.09756142  0.00487804   -0.1295723
0.2195126  -0.1780488   0.0533545
0.03658581  -0.1170732   -0.06859672
-0.146341  0.1268293   -0.06859672
-0.146341  0.06585366   0.0533545
-0.08536541  0.06585366   0.0533545
-0.2073166  0.06585366   -0.06859672
-0.08536541  0.06585366   -0.00762105
-0.02438974  0.06585366   0.1753057
0.158537  -0.05609757   -0.00762105
-0.2682922  0.06585366   0.0533545
-0.2682922  -0.05609757   -0.2515235
0.03658581  -0.1170732   -0.06859672
0.2804883  -0.05609757   0.1753057
-0.02438974  0.00487804   -0.00762105
-0.146341  0.1268293   -0.00762105
-0.02438974  -0.1170732   -0.06859672
-0.02438974  -0.05609757   -0.06859672
-0.2073166  0.1268293   0.1143301
-0.146341  0.06585366   -0.00762105
0.2195126  -0.05609757   -0.00762105
0.09756142  -0.05609757   -0.1905479
-0.3292679  0.06585366   0.0533545
-0.02438974  0.06585366   0.0533545
0.09756142  -0.05609757   -0.2515235
0.09756142  0.00487804   0.1143301
0.03658581  0.06585366   0.1143301
-0.02438974  0.06585366   0.1753057
-0.3292679  -0.1170732   0.0533545
-0.02438974  -0.1170732   -0.00762105
0.03658581  -0.1170732   -0.00762105
-0.08536541  -0.05609757   0.1143301
0.09756142  0.1268293   -0.1905479
-0.02438974  0.1268293   -0.00762105
-0.2073166  -0.05609757   -0.1905479
-0.146341  -0.05609757   0.2362813
-0.02438974  0.06585366   -0.00762105
-0.08536541  0.06585366   0.0533545
-0.02438974  -0.1170732   0.0533545
-0.2073166  -0.05609757   -0.06859672
0.03658581  -0.1780488   0.0533545
-0.08536541  0.06585366   -0.1905479
-0.146341  -0.1170732   -0.00762105
-0.2073166  0.06585366   -0.00762105
-0.08536541  0.1268293   0.2362813
0.09756142  -0.1780488   -0.1905479
-0.02438974  -0.1780488   -0.06859672
0.03658581  -0.1170732   0.0533545
-0.08536541  0.00487804   -0.00762105
0.09756142  -0.05609757   0.0533545
-0.146341  0.06585366   0.0533545
0.09756142  0.00487804   -0.00762105
-0.08536541  0.00487804   -0.1295723
-0.146341  -0.05609757   -0.00762105
-0.08536541  -0.1170732   0.0533545
0.03658581  -0.05609757   -0.06859672
-0.02438974  0.06585366   0.1143301
-0.08536541  0.00487804   -0.1295723
-0.08536541  0.00487804   0.1143301
-0.2682922  0.1268293   0.1753057
0.158537  0.00487804   -0.06859672
0.03658581  -0.1170732   -0.00762105
0.09756142  -0.05609757   -0.1295723
0.09756142  -0.1780488   0.0533545
-0.02438974  -0.2390244   -0.06859672
-0.08536541  0.06585366   -0.00762105
-0.146341  -0.05609757   -0.06859672
-0.02438974  -0.05609757   0.1143301
-0.08536541  -0.05609757   -0.1295723
-0.08536541  0.00487804   -0.2515235
-0.08536541  0.06585366   -0.1295723
0.158537  -0.1170732   -0.06859672
0.03658581  -0.1170732   0.1143301
-0.08536541  0.06585366   -0.06859672
0.09756142  -0.05609757   0.1143301
-0.02438974  0.06585366   -0.06859672
0.158537  0.06585366   -0.00762105
0.09756142  0.00487804   -0.1295723
-0.08536541  0.00487804   0.0533545
-0.08536541  -0.1170732   -0.00762105
0.03658581  0.00487804   -0.06859672
-0.146341  -0.1170732   -0.06859672
0.09756142  0.06585366   0.0533545
-0.08536541  0.1268293   0.2362813
-0.02438974  0.00487804   0.1143301
-0.02438974  -0.05609757   -0.2515235
-0.08536541  0.00487804   -0.06859672
-0.4512191  0.00487804   -0.00762105
0.158537  0.06585366   0.1143301
-0.02438974  0.06585366   -0.00762105
0.158537  -0.05609757   0.0533545
0.03658581  -0.05609757   -0.1905479
-0.2073166  0.00487804   -0.06859672
-0.02438974  0.06585366   -0.1295723
0.03658581  0.1268293   0.0533545
-0.146341  -0.05609757   -0.06859672
-0.08536541  -0.05609757   0.0533545
0.03658581  0.00487804   -0.00762105
-0.08536541  0.2487805   0.0533545
-0.2073166  0.1268293   -0.1905479
-0.02438974  0.1268293   -0.06859672
-0.2682922  0.1878049   -0.1295723
-0.146341  0.00487804   -0.1295723
0.09756142  0.3097561   0.0533545
-0.02438974  -0.1170732   0.0533545
-0.08536541  0.06585366   -0.3124992
0.03658581  0.06585366   0.1143301
0.09756142  -0.05609757   -0.1295723
0.09756142  -0.05609757   -0.00762105
-0.146341  0.06585366   -0.00762105
-0.146341  -0.1170732   0.0533545
-0.2682922  0.06585366   -0.1905479
0.03658581  -0.05609757   -0.1295723
0.09756142  0.06585366   0.1143301
-0.2073166  0.00487804   0.2972569
-0.08536541  0.1268293   -0.06859672
0.03658581  -0.1780488   -0.06859672
-0.02438974  -0.1780488   -0.2515235
-0.3292679  -0.1780488   -0.06859672
-0.146341  0.2487805   -0.06859672
0.158537  0.1878049   -0.00762105
0.09756142  0.1268293   -0.00762105
0.03658581  0.06585366   0.1143301
-0.02438974  0.1878049   -0.1295723
-0.146341  0.06585366   -0.06859672
-0.2073166  0.06585366   -0.1295723
-0.02438974  0.2487805   0.0533545
-0.08536541  -0.05609757   0.1143301
-0.08536541  -0.05609757   -0.1295723
-0.02438974  0.00487804   -0.06859672
-0.08536541  0.1268293   0.1143301
-0.02438974  0.06585366   0.0533545
-0.3292679  -0.05609757   -0.06859672
-0.08536541  -0.05609757   0.1143301
-0.08536541  0.00487804   0.0533545
-0.08536541  0.00487804   -0.00762105
0.03658581  0.00487804   -0.06859672
0.158537  -0.05609757   -0.1905479
-0.146341  0.00487804   -0.00762105
-0.2073166  -0.1170732   0.1143301
0.03658581  0.06585366   -0.00762105
0.03658581  -0.1780488   -0.1295723
-0.2682922  0.00487804   -0.06859672
-0.08536541  0.1878049   0.0533545
-0.2073166  0.00487804   -0.06859672
0.158537  -0.1170732   0.1143301
0.09756142  0.00487804   -0.06859672
-0.02438974  0.00487804   -0.00762105
-0.146341  -0.2390244   -0.00762105
-0.08536541  -0.05609757   -0.06859672
-0.08536541  -0.05609757   -0.00762105
0.03658581  -0.05609757   -0.06859672
0.2804883  -0.05609757   -0.06859672
0.03658581  0.00487804   -0.1295723
0.158537  0.00487804   -0.1295723
-0.2073166  0.00487804   -0.06859672
0.03658581  0.1268293   0.0533545
0.03658581  0.00487804   0.0533545
0.2195126  -0.05609757   -0.00762105
-0.08536541  -0.05609757   0.1143301
0.2804883  -0.05609757   -0.2515235
0.158537  -0.1170732   -0.1905479
-0.146341  0.00487804   0.1753057
-0.146341  -0.05609757   -0.06859672
-0.146341  0.00487804   0.1753057
0.09756142  0.00487804   0.0533545
-0.02438974  0.00487804   0.0533545
-0.08536541  0.00487804   0.0533545
-0.08536541  -0.05609757   -0.00762105
-0.08536541  0.06585366   -0.06859672
-0.146341  -0.05609757   0.0533545
-0.2073166  0.00487804   -0.06859672
0.03658581  0.1878049   0.1143301
-0.146341  -0.05609757   -0.1295723
-0.2682922  0.06585366   0.0533545
-0.08536541  -0.1780488   0.0533545
-0.02438974  0.1268293   -0.1905479
0.09756142  -0.1170732   -0.2515235
-0.08536541  -0.1170732   -0.06859672
-0.2682922  0.1878049   0.1753057
-0.2073166  0.1878049   -0.06859672
0.2195126  0.1268293   -0.06859672
-0.146341  0.06585366   0.2972569
-0.08536541  0.1268293   0.0533545
-0.146341  0.00487804   -0.06859672
0.09756142  0.06585366   0.1143301
0.09756142  0.1268293   -0.2515235
-0.2073166  0.1878049   0.0533545
-0.02438974  0.1878049   -0.1905479
-0.02438974  0.00487804   0.0533545
-0.08536541  0.00487804   0.0533545
0.03658581  0.1268293   0.1143301
-0.146341  -0.1780488   -0.1295723
-0.08536541  -0.05609757   -0.1295723
0.03658581  0.00487804   -0.00762105
0.03658581  0.00487804   -0.06859672
0.03658581  -0.05609757   0.1753057
-0.2073166  -0.05609757   -0.06859672
-0.146341  -0.1780488   0.1143301
-0.2682922  -0.05609757   -0.06859672
-0.02438974  -0.1780488   0.1143301
0.03658581  -0.1170732   -0.06859672
-0.02438974  0.1878049   -0.1905479
-0.2073166  0.06585366   0.0533545
-0.3292679  0.00487804   -0.00762105
-0.08536541  0.00487804   -0.00762105
0.2195126  0.00487804   -0.06859672
0.03658581  0.00487804   0.0533545
0.03658581  0.06585366   -0.00762105
0.09756142  0.2487805   0.0533545
-0.08536541  -0.05609757   0.1143301
-0.3902434  0.3097561   -0.2515235
-0.2073166  0.1268293   -0.00762105
0.158537  0.1268293   -0.2515235
0.158537  0.1878049   0.0533545
-0.146341  0.00487804   -0.00762105
-0.08536541  -0.05609757   -0.06859672
-0.146341  -0.1170732   -0.00762105
-0.08536541  -0.05609757   -0.06859672
-0.2073166  0.00487804   -0.00762105
-0.08536541  0.06585366   0.0533545
-0.02438974  0.00487804   -0.1905479
-0.02438974  0.1268293   -0.1905479
-0.2682922  -0.05609757   -0.06859672
-0.08536541  0.06585366   0.2362813
-0.02438974  -0.1170732   0.0533545
0.09756142  0.06585366   -0.06859672
-0.08536541  0.00487804   -0.1295723
-0.146341  0.00487804   -0.00762105
0.2195126  0.1878049   0.1143301
0.158537  0.00487804   -0.00762105
-0.08536541  0.00487804   0.0533545
0.03658581  0.00487804   0.0533545
0.03658581  -0.2390244   -0.1905479
0.03658581  0.06585366   0.1753057
-0.2682922  0.1268293   -0.06859672
-0.146341  -0.05609757   -0.06859672
-0.02438974  0.1878049   -0.06859672
0.2195126  0.06585366   0.1753057
0.09756142  0.1268293   0.0533545
0.03658581  0.1268293   -0.1295723
-0.146341  0.00487804   0.1753057
-0.2682922  0.06585366   -0.00762105
-0.2073166  -0.1170732   0.1753057
-0.2073166  0.1268293   0.1143301
0.158537  -0.1170732   -0.00762105
0.158537  0.1878049   -0.00762105
0.03658581  0.00487804   -0.00762105
-0.146341  0.00487804   -0.06859672
-0.08536541  -0.1170732   -0.00762105
-0.08536541  -0.1780488   0.2362813
-0.146341  0.1268293   0.1143301
-0.3292679  0.1878049   -0.00762105
0.09756142  0.00487804   -0.2515235
0.03658581  -0.1170732   -0.1295723
0.2195126  0.00487804   -0.06859672
0.09756142  -0.05609757   0.1143301
0.03658581  -0.2390244   -0.00762105
-0.2073166  0.00487804   -0.2515235
-0.2073166  0.1878049   0.0533545
-0.3902434  -0.1170732   0.0533545
0.09756142  0.06585366   0.1753057
0.03658581  -0.05609757   -0.00762105
-0.02438974  -0.05609757   0.0533545
-0.146341  0.00487804   0.0533545
0.03658581  0.06585366   -0.06859672
-0.2073166  0.1268293   -0.1905479
-0.08536541  0.1268293   0.0533545
-0.146341  0.06585366   0.0533545
0.2195126  0.06585366   -0.00762105
0.158537  0.00487804   -0.00762105
-0.146341  -0.1170732   0.2362813
-0.3292679  0.00487804   -0.00762105
0.03658581  0.00487804   0.0533545
0.158537  0.06585366   -0.00762105
0.03658581  -0.05609757   -0.00762105
-0.08536541  0.1878049   -0.00762105
-0.146341  0.00487804   0.0533545
-0.08536541  0.00487804   0.1143301
-0.2682922  0.00487804   -0.00762105
-0.146341  0.1878049   -0.00762105
0.03658581  0.00487804   -0.00762105
0.2804883  -0.1780488   -0.00762105
0.03658581  0.00487804   0.0533545
-0.2682922  0.06585366   -0.00762105
-0.08536541  0.00487804   -0.1295723
0.2195126  -0.2390244   -0.1295723
0.03658581  0.00487804   -0.1295723
-0.2073166  0.00487804   0.1143301
-0.2073166  -0.1170732   -0.00762105
0.2195126  -0.05609757   -0.00762105
0.158537  -0.05609757   -0.06859672
-0.2073166  0.00487804   -0.1905479
-0.08536541  0.1878049   -0.00762105
0.2804883  0.00487804   -0.1295723
0.09756142  0.00487804   0.0533545
-0.146341  0.1268293   0.0533545
-0.2073166  0.06585366   0.1143301
-0.02438974  0.1878049   -0.00762105
-0.02438974  0.00487804   -0.06859672
-0.02438974  0.3097561   -0.06859672
-0.02438974  0.06585366   -0.00762105
0.158537  -0.1780488   -0.1905479
-0.2073166  -0.05609757   0.0533545
-0.2682922  0.06585366   0.1143301
0.03658581  0.00487804   0.1143301
0.4634151  -0.05609757   -0.1905479
0.158537  -0.05609757   -0.1295723
-0.2073166  0.1268293   0.0533545
-0.2073166  0.2487805   0.0533545
0.2195126  -0.1170732   -0.00762105
0.03658581  0.06585366   -0.1295723
0.09756142  -0.1170732   -0.06859672
-0.146341  -0.1170732   -0.06859672
-0.02438974  -0.05609757   -0.1295723
0.03658581  0.00487804   0.0533545
-0.146341  0.06585366   -0.06859672
-0.146341  0.1878049   0.1143301
0.158537  -0.05609757   -0.06859672
0.4634151  -0.05609757   -0.06859672
-0.08536541  0.06585366   0.0533545
-0.2682922  0.00487804   0.0533545
-0.2073166  0.06585366   0.0533545
-0.146341  -0.05609757   -0.06859672
-0.146341  -0.1780488   -0.06859672
-0.146341  0.1878049   -0.00762105
0.03658581  0.00487804   -0.06859672
0.3414639  0.06585366   -0.00762105
-0.02438974  -0.1780488   -0.06859672
0.03658581  0.06585366   -0.06859672
0.03658581  0.00487804   0.1143301
0.2804883  0.06585366   0.1753057
-0.02438974  0.00487804   -0.00762105
-0.02438974  -0.05609757   0.1143301
0.03658581  -0.05609757   -0.06859672
-0.02438974  0.06585366   0.0533545
-0.146341  0.00487804   -0.1295723
-0.3292679  0.1878049   0.1143301
0.09756142  0.06585366   0.1753057
0.2195126  -0.1780488   0.1143301
-0.08536541  0.1878049   -0.00762105
-0.146341  -0.05609757   0.1143301
0.158537  0.00487804   -0.2515235
-0.08536541  0.06585366   -0.06859672
-0.2682922  0.06585366   -0.06859672
-0.4512191  0.1268293   -0.1295723
0.03658581  -0.05609757   -0.00762105
0.2195126  0.1268293   -0.06859672
0.4024395  -0.05609757   0.1143301
0.03658581  0.00487804   -0.00762105
0.03658581  0.00487804   0.0533545
-0.3292679  0.06585366   -0.2515235
-0.2073166  0.1268293   -0.00762105
-0.4512191  0.00487804   0.0533545
0.158537  0.06585366   0.1143301
0.2195126  -0.1170732   -0.1295723
-0.08536541  0.06585366   0.2362813
-0.02438974  -0.1170732   -0.00762105
-0.08536541  0.06585366   0.1143301
0.03658581  0.06585366   -0.00762105
-0.146341  0.1268293   -0.00762105
-0.146341  0.1268293   -0.00762105
-0.02438974  0.1878049   0.0533545
0.2195126  -0.05609757   -0.1295723
-0.08536541  0.00487804   0.1143301
0.09756142  -0.05609757   -0.00762105
0.03658581  -0.2390244   -0.1295723
-0.146341  0.06585366   -0.06859672
-0.2073166  -0.05609757   -0.00762105
-0.2073166  -0.1170732   0.1143301
0.158537  0.00487804   -0.1905479
0.2195126  0.00487804   -0.1905479
0.03658581  0.00487804   -0.00762105
-0.3292679  0.00487804   0.1143301
-0.146341  -0.05609757   0.1753057
-0.146341  0.00487804   0.1753057
-0.08536541  0.1878049   -0.00762105
-0.146341  0.1268293   -0.00762105
-0.02438974  0.00487804   0.0533545
0.09756142  0.1268293   -0.00762105
0.03658581  0.00487804   0.0533545
0.03658581  0.06585366   -0.00762105
-0.3902434  -0.05609757   -0.06859672
-0.02438974  0.1878049   -0.00762105
0.09756142  0.00487804   -0.1905479
-0.146341  0.06585366   0.0533545
0.03658581  0.06585366   -0.1295723
0.09756142  0.06585366   -0.1295723
0.09756142  0.00487804   -0.1295723
-0.2682922  -0.1780488   0.2362813
-0.146341  -0.05609757   -0.2515235
0.158537  0.06585366   -0.1905479
-0.02438974  -0.05609757   0.0533545
-0.02438974  0.1878049   -0.00762105
-0.08536541  0.00487804   -0.2515235
0.09756142  -0.1780488   -0.00762105
-0.08536541  0.06585366   -0.06859672
-0.02438974  0.00487804   -0.00762105
-0.146341  -0.1170732   -0.1905479
-0.08536541  -0.05609757   -0.06859672
-0.2073166  -0.05609757   -0.00762105
-0.146341  0.00487804   0.0533545
-0.146341  0.00487804   -0.00762105
0.2195126  0.2487805   -0.1295723
0.2195126  0.06585366   -0.1295723
-0.146341  -0.1170732   0.0533545
-0.2073166  -0.05609757   0.0533545
-0.4512191  0.06585366   -0.06859672
-0.2682922  -0.1170732   -0.1905479
-0.2073166  -0.05609757   0.1143301
0.03658581  0.06585366   -0.1905479
0.09756142  0.1268293   0.0533545
0.03658581  0.06585366   -0.06859672
-0.3292679  0.00487804   0.1753057
-0.2682922  0.00487804   0.1143301
-0.02438974  -0.1170732   -0.00762105
-0.02438974  0.06585366   -0.1295723
0.09756142  0.00487804   -0.1295723
0.158537  0.06585366   0.1753057
-0.02438974  0.00487804   -0.06859672
-0.3292679  0.1268293   0.1143301
-0.2682922  0.00487804   -0.06859672
-0.3902434  -0.1170732   -0.1295723
0.03658581  0.00487804   -0.06859672
0.09756142  0.1268293   -0.00762105
0.09756142  0.1878049   -0.1295723
0.2804883  0.06585366   -0.1295723
-0.08536541  -0.05609757   -0.2515235
-0.2073166  0.06585366   0.0533545
-0.4512191  0.00487804   0.1143301
-0.146341  0.06585366   -0.1905479
0.03658581  -0.1170732   -0.06859672
0.2195126  -0.1170732   0.0533545
0.03658581  0.06585366   -0.1295723
0.03658581  0.06585366   0.0533545
-0.08536541  -0.05609757   0.0533545
-0.3292679  0.1878049   0.1143301
-0.3902434  -0.1780488   -0.06859672
-0.08536541  0.1878049   -0.1295723
0.158537  -0.1170732   -0.1905479
0.4024395  0.3097561   0.1143301
0.03658581  0.06585366   0.0533545
-0.146341  0.1878049   -0.1905479
-0.3292679  -0.1170732   -0.00762105
-0.3902434  -0.05609757   -0.06859672
-0.2682922  -0.1170732   -0.1295723
-0.02438974  -0.1780488   -0.00762105
0.3414639  -0.1170732   -0.00762105
0.158537  -0.05609757   -0.06859672
0.2195126  0.06585366   -0.06859672
-0.02438974  -0.1170732   -0.06859672
-0.146341  -0.05609757   -0.1295723
-0.08536541  0.1878049   -0.00762105
-0.2073166  0.00487804   -0.00762105
-0.2073166  0.00487804   0.1753057
0.03658581  0.1268293   -0.1295723
0.158537  0.00487804   -0.06859672
0.09756142  0.1268293   -0.00762105
-0.08536541  0.1878049   -0.06859672
0.03658581  -0.05609757   -0.06859672
-0.2073166  0.00487804   0.1143301
-0.2073166  0.06585366   -0.00762105
-0.146341  0.00487804   -0.06859672
0.158537  0.2487805   0.0533545
0.09756142  -0.2390244   0.0533545
-0.08536541  0.06585366   0.1143301
0.158537  0.00487804   -0.06859672
-0.146341  -0.05609757   0.1143301
-0.3292679  0.00487804   -0.06859672
-0.02438974  0.06585366   0.1753057
-0.08536541  -0.05609757   0.1143301
0.158537  0.06585366   -0.1905479
0.158537  0.00487804   -0.1905479
0.03658581  0.06585366   0.2362813
-0.02438974  -0.05609757   -0.06859672
0.03658581  0.1268293   -0.00762105
-0.02438974  -0.05609757   -0.06859672
-0.2073166  0.06585366   -0.06859672
-0.02438974  0.1268293   -0.00762105
0.158537  -0.1780488   -0.00762105
0.158537  0.00487804   0.0533545
-0.02438974  0.2487805   -0.1295723
-0.08536541  0.00487804   -0.1295723
-0.02438974  0.06585366   0.1753057
-0.3292679  0.06585366   0.0533545
-0.02438974  0.1268293   -0.00762105
0.2195126  0.1268293   -0.1295723
0.158537  0.1268293   0.0533545
-0.02438974  0.06585366   -0.06859672
-0.2073166  -0.05609757   -0.1905479
-0.2073166  -0.1170732   0.0533545
-0.08536541  0.06585366   0.1753057
-0.3292679  0.06585366   -0.00762105
-0.3292679  0.00487804   -0.06859672
-0.08536541  -0.2390244   0.0533545
0.3414639  -0.05609757   -0.1905479
0.2804883  0.1268293   -0.06859672
0.09756142  -0.05609757   0.0533545
-0.3902434  0.00487804   0.0533545
-0.4512191  -0.1170732   0.1143301
-0.3902434  0.06585366   -0.06859672
-0.08536541  0.00487804   -0.1295723
0.158537  0.06585366   -0.1295723
0.158537  -0.05609757   -0.06859672
0.09756142  0.06585366   -0.06859672
-0.4512191  0.06585366   0.0533545
-0.146341  -0.1780488   -0.00762105
-0.2073166  0.06585366   -0.1295723
-0.02438974  -0.05609757   0.1143301
-0.02438974  -0.1170732   0.0533545
-0.2682922  0.1268293   0.1753057
0.03658581  -0.05609757   -0.06859672
0.2804883  -0.05609757   0.0533545
0.2804883  0.00487804   -0.1295723
0.2804883  0.00487804   -0.1905479
0.03658581  0.00487804   -0.1295723
-0.2073166  0.1268293   -0.06859672
-0.4512191  -0.1170732   0.0533545
-0.3902434  -0.05609757   -0.06859672
0.2195126  0.00487804   0.0533545
0.158537  0.06585366   0.0533545
0.4024395  -0.1170732   -0.06859672
-0.02438974  0.00487804   -0.06859672
-0.02438974  0.00487804   0.1143301
-0.3292679  -0.2390244   0.1143301
-0.2073166  0.06585366   0.0533545
-0.146341  -0.05609757   -0.1905479
0.03658581  0.00487804   -0.00762105
-0.146341  0.06585366   0.0533545
0.09756142  0.00487804   0.1143301
0.09756142  -0.05609757   -0.1905479
0.4024395  -0.1170732   -0.1295723
0.09756142  -0.05609757   -0.06859672
-0.4512191  0.06585366   -0.00762105
-0.5731703  -0.05609757   0.0533545
-0.146341  -0.1170732   -0.06859672
0.158537  0.2487805   -0.1295723
0.09756142  -0.05609757   0.0533545
-0.08536541  0.06585366   -0.00762105
-0.146341  -0.05609757   0.0533545
-0.08536541  0.00487804   -0.06859672
-0.3292679  0.00487804   -0.06859672
-0.146341  -0.05609757   0.1143301
0.09756142  0.00487804   -0.00762105
0.158537  0.00487804   0.0533545
0.158537  0.06585366   -0.1295723
0.03658581  -0.1780488   -0.1295723
-0.02438974  -0.05609757   -0.1905479
-0.146341  0.06585366   -0.1295723
-0.3902434  -0.05609757   0.1143301
-0.3292679  0.06585366   -0.00762105
0.03658581  0.06585366   -0.1905479
0.2195126  0.06585366   -0.1295723
0.158537  0.00487804   -0.06859672
-0.02438974  0.06585366   0.1753057
-0.08536541  0.1878049   0.0533545
-0.3292679  0.1268293   0.1143301
-0.3902434  0.00487804   0.1143301
-0.146341  -0.1780488   0.0533545
0.09756142  0.1268293   0.0533545
0.2804883  0.06585366   -0.4344504
0.2195126  -0.1170732   -0.3734747
-0.146341  0.00487804   0.1143301
-0.3292679  0.1878049   0.1143301
-0.2073166  -0.05609757   0.1143301
-0.4512191  0.00487804   -0.00762105
0.158537  -0.05609757   0.0533545
0.2195126  -0.1170732   -0.1905479
