-15.86801  -39.73573   13.7899
-14.62205  -38.51305   13.1131
-14.93354  -39.43006   12.0979
-15.24503  -40.95841   14.4667
-15.24503  -40.34707   13.7899
-13.0646  -40.65274   13.4515
-14.62205  -38.51305   14.4667
-14.93354  -39.43006   14.8051
-15.55652  -38.81872   13.4515
-15.55652  -41.26408   13.4515
-14.31056  -38.20738   11.4211
-14.62205  -37.90171   10.4059
-13.68758  -38.20738   12.7747
-15.55652  -40.0414   12.7747
-15.55652  -38.20738   11.4211
-13.99907  -37.90171   12.4363
-14.62205  -39.12439   12.4363
-13.99907  -39.73573   13.1131
-14.31056  -40.0414   14.1283
-14.31056  -40.0414   14.1283
-14.93354  -38.81872   11.4211
-14.93354  -38.81872   11.4211
-14.62205  -37.29037   11.7595
-14.31056  -38.81872   11.4211
-14.93354  -39.43006   13.4515
-16.1795  -39.43006   11.4211
-15.86801  -38.51305   9.729102
-12.75311  -37.90171   11.7595
-14.93354  -38.81872   12.7747
-15.24503  -38.51305   12.4363
-14.62205  -38.51305   12.4363
-13.99907  -39.12439   13.1131
-13.68758  -39.43006   10.7443
-14.31056  -39.43006   12.0979
-15.55652  -38.81872   12.7747
-13.68758  -39.43006   12.7747
-15.24503  -40.34707   12.4363
-15.24503  -40.95841   11.7595
-16.49099  -38.51305   12.4363
-13.68758  -38.20738   12.7747
-14.31056  -38.81872   12.7747
-13.68758  -39.43006   12.0979
-14.62205  -38.51305   12.4363
-16.1795  -38.20738   12.0979
-14.31056  -38.81872   12.7747
-13.68758  -40.0414   11.4211
-14.93354  -38.81872   13.4515
-14.31056  -39.43006   11.4211
-13.99907  -37.90171   11.7595
-15.55652  -38.20738   10.7443
-12.13013  -39.12439   11.7595
-15.55652  -39.43006   12.7747
-14.31056  -38.20738   12.0979
-14.93354  -40.0414   11.4211
-13.37609  -38.51305   11.7595
-12.44162  -38.81872   13.4515
-14.93354  -39.43006   10.0675
-14.31056  -38.20738   11.4211
-14.31056  -37.59604   12.7747
-14.93354  -39.43006   10.7443
-13.37609  -39.12439   12.4363
-14.62205  -40.34707   15.1435
-13.68758  -40.0414   12.7747
-13.37609  -39.73573   11.7595
-14.93354  -40.65274   14.1283
-13.99907  -40.34707   13.1131
-15.86801  -37.90171   13.7899
-13.37609  -40.34707   15.1435
-14.93354  -38.81872   12.0979
-14.93354  -39.43006   13.4515
-15.86801  -38.51305   9.729102
-13.37609  -37.29037   11.0827
-14.93354  -36.9847   11.4211
-14.93354  -39.43006   12.0979
-14.93354  -40.0414   12.0979
-14.31056  -39.43006   12.7747
-14.93354  -38.20738   12.0979
-13.99907  -39.73573   12.4363
-14.93354  -39.43006   10.7443
-13.37609  -39.12439   11.0827
-15.24503  -37.90171   11.7595
-12.44162  -38.81872   11.4211
-12.44162  -40.0414   12.7747
-13.37609  -39.73573   11.0827
-14.62205  -39.73573   13.1131
-13.37609  -40.34707   11.0827
-13.99907  -40.34707   13.1131
-15.24503  -40.95841   13.1131
-13.68758  -40.0414   12.0979
-15.86801  -39.73573   11.7595
-14.93354  -39.43006   11.4211
-14.31056  -39.43006   11.4211
-13.37609  -38.51305   11.7595
-13.37609  -39.12439   11.0827
-13.68758  -39.43006   12.0979
-14.62205  -38.51305   13.1131
-13.99907  -38.51305   11.7595
-12.75311  -40.34707   11.0827
-14.62205  -39.12439   11.7595
-14.31056  -38.81872   12.0979
-13.68758  -39.43006   11.4211
-15.86801  -38.51305   13.1131
-16.49099  -37.90171   11.7595
-13.68758  -40.65274   12.0979
-13.99907  -39.73573   11.7595
-12.75311  -39.12439   11.7595
-13.37609  -38.51305   11.7595
-14.62205  -38.51305   11.0827
-13.37609  -38.51305   11.0827
-15.55652  -40.0414   12.7747
-13.68758  -38.20738   12.7747
-13.99907  -39.12439   13.1131
-16.49099  -38.51305   13.7899
-14.93354  -38.81872   12.0979
-14.31056  -38.20738   11.4211
-14.31056  -39.43006   11.4211
-14.93354  -39.43006   10.7443
-17.42546  -39.43006   12.7747
-15.55652  -38.20738   12.7747
-14.62205  -39.73573   10.4059
-13.37609  -39.12439   11.7595
-14.62205  -39.12439   11.7595
-15.24503  -40.34707   11.0827
-15.24503  -38.51305   11.0827
-13.37609  -38.51305   13.7899
-14.62205  -41.56975   11.7595
-14.93354  -37.59604   12.0979
-14.62205  -37.90171   12.4363
-14.93354  -37.59604   12.0979
-15.55652  -38.81872   12.0979
-14.93354  -38.81872   11.4211
-13.99907  -37.29037   11.7595
-14.31056  -38.20738   13.4515
-13.37609  -38.51305   11.7595
-15.24503  -38.51305   10.4059
-14.93354  -38.81872   12.0979
-14.93354  -38.20738   12.0979
-15.24503  -37.90171   13.1131
-15.55652  -40.0414   12.0979
-15.24503  -39.12439   11.7595
-13.99907  -37.90171   9.729102
-13.99907  -37.90171   10.4059
-15.24503  -39.73573   12.4363
-15.55652  -39.43006   11.4211
-15.55652  -36.9847   11.4211
-14.31056  -36.9847   12.7747
-16.1795  -39.43006   10.7443
-13.99907  -38.51305   11.7595
-15.55652  -38.20738   11.4211
-15.24503  -39.73573   12.4363
-13.99907  -38.51305   10.4059
-14.93354  -38.81872   13.4515
-13.37609  -38.51305   12.4363
-14.31056  -37.59604   13.4515
-13.68758  -39.43006   14.1283
-14.31056  -39.43006   13.4515
-14.62205  -37.90171   13.1131
-13.99907  -39.73573   13.1131
-13.37609  -37.90171   12.4363
-14.93354  -40.0414   12.7747
-15.55652  -40.0414   11.4211
-14.93354  -36.9847   11.4211
-14.93354  -40.0414   12.7747
-13.37609  -38.51305   12.4363
-14.62205  -37.90171   12.4363
-13.99907  -39.12439   12.4363
-14.93354  -39.43006   12.7747
-16.80248  -38.20738   12.0979
-14.31056  -40.0414   12.7747
-14.93354  -38.81872   10.7443
-12.75311  -38.51305   11.7595
-13.37609  -40.34707   11.7595
-14.62205  -40.34707   14.4667
-13.99907  -37.90171   12.4363
-15.24503  -40.34707   13.7899
-14.62205  -39.12439   14.4667
-14.62205  -39.73573   13.1131
-14.93354  -39.43006   13.4515
-13.99907  -39.12439   13.1131
-13.99907  -39.73573   12.4363
-14.62205  -38.51305   11.7595
-15.24503  -39.73573   13.1131
-14.62205  -39.73573   12.4363
-14.31056  -36.9847   11.4211
-15.55652  -38.20738   11.4211
-14.31056  -39.43006   12.0979
-13.37609  -39.73573   11.0827
-14.93354  -38.81872   11.4211
-14.62205  -39.12439   13.1131
-13.37609  -37.29037   13.1131
-14.31056  -39.43006   12.0979
-14.31056  -38.81872   10.7443
-14.31056  -39.43006   12.0979
-15.24503  -38.51305   11.7595
-16.1795  -38.20738   12.0979
-15.55652  -38.20738   12.0979
-14.62205  -38.51305   11.0827
-14.93354  -40.0414   12.0979
-13.99907  -37.90171   11.7595
-14.62205  -40.95841   11.0827
-15.55652  -40.0414   13.4515
-14.62205  -39.73573   12.4363
-13.68758  -38.81872   12.7747
-13.68758  -39.43006   12.7747
-13.68758  -38.81872   11.4211
-13.0646  -40.0414   13.4515
-13.99907  -39.12439   13.1131
-14.31056  -38.81872   12.7747
-15.55652  -38.20738   13.4515
-13.0646  -40.0414   12.7747
-14.93354  -38.81872   11.4211
-14.62205  -39.73573   12.4363
-14.31056  -39.43006   12.7747
-15.24503  -39.12439   11.0827
-13.99907  -38.51305   13.1131
-14.93354  -39.43006   10.7443
-14.62205  -37.90171   11.0827
-15.24503  -39.12439   11.0827
-15.55652  -37.59604   12.7747
-13.37609  -40.34707   11.7595
-15.24503  -37.90171   10.4059
-13.68758  -40.0414   10.7443
-14.93354  -39.43006   12.0979
-14.62205  -38.51305   12.4363
-13.37609  -39.73573   13.1131
-14.93354  -39.43006   12.0979
-13.99907  -39.12439   10.4059
-13.37609  -38.51305   12.4363
-14.31056  -40.0414   12.0979
-14.93354  -40.65274   12.7747
-14.93354  -38.20738   12.7747
-12.75311  -40.95841   14.4667
-13.99907  -39.12439   13.1131
-14.62205  -39.12439   12.4363
-13.99907  -41.56975   13.1131
-13.99907  -39.12439   10.4059
-16.1795  -39.43006   12.7747
-13.99907  -40.34707   11.0827
-15.55652  -39.43006   12.7747
-14.93354  -38.20738   12.0979
-14.93354  -39.43006   11.4211
-12.13013  -39.73573   11.7595
-15.24503  -38.51305   11.0827
-13.68758  -40.0414   12.7747
-15.24503  -36.67903   11.7595
-14.62205  -39.12439   11.7595
-14.93354  -40.0414   10.7443
-14.31056  -38.20738   10.7443
-13.99907  -39.12439   11.7595
-15.86801  -37.90171   12.4363
-13.37609  -39.12439   12.4363
-13.99907  -40.34707   14.4667
-15.55652  -38.20738   11.4211
-15.55652  -40.0414   12.0979
-14.93354  -40.0414   13.4515
-14.31056  -40.65274   12.7747
-15.24503  -38.51305   11.7595
-15.55652  -38.81872   12.0979
-11.19566  -38.20738   12.7747
-13.37609  -38.51305   11.7595
-13.99907  -39.12439   11.0827
-13.37609  -39.73573   12.4363
-15.55652  -38.81872   12.7747
-15.24503  -39.73573   11.0827
-14.62205  -40.95841   11.7595
-14.62205  -39.12439   11.0827
-16.1795  -38.81872   9.3907
-13.37609  -38.51305   11.7595
-14.62205  -38.51305   11.7595
-13.99907  -39.12439   12.4363
-14.62205  -40.34707   13.1131
-14.31056  -40.65274   13.4515
-13.37609  -38.51305   13.7899
-13.68758  -39.43006   14.1283
-14.93354  -39.43006   15.4819
-14.31056  -41.87542   13.4515
-13.68758  -38.20738   10.7443
-13.37609  -37.90171   11.7595
-15.86801  -39.12439   12.4363
-15.86801  -40.34707   11.7595
-13.68758  -39.43006   10.7443
-13.99907  -39.12439   11.7595
-13.99907  -39.73573   13.7899
-14.31056  -38.81872   11.4211
-11.81864  -38.20738   12.7747
-13.99907  -39.12439   13.1131
-14.62205  -37.90171   13.1131
-14.62205  -39.12439   11.0827
-14.93354  -40.0414   12.7747
-14.62205  -37.90171   11.7595
-13.37609  -39.12439   11.7595
-14.62205  -38.51305   12.4363
-11.81864  -40.65274   13.4515
-13.37609  -39.73573   12.4363
-15.86801  -39.73573   12.4363
-15.55652  -38.81872   12.7747
-14.62205  -39.73573   12.4363
-16.1795  -38.20738   10.7443
-14.93354  -38.20738   10.7443
-13.68758  -38.81872   12.0979
-14.93354  -39.43006   12.0979
-14.62205  -38.51305   10.4059
-13.0646  -39.43006   12.0979
-13.99907  -39.12439   11.7595
-14.31056  -37.59604   12.0979
-14.62205  -38.51305   12.4363
-15.86801  -39.12439   12.4363
-16.49099  -38.51305   10.4059
-15.55652  -38.20738   12.7747
-14.62205  -39.73573   13.7899
-14.31056  -39.43006   10.7443
-14.31056  -40.0414   11.4211
-14.93354  -40.0414   12.7747
-15.86801  -40.95841   13.1131
-13.0646  -39.43006   12.0979
-12.75311  -41.56975   12.4363
-13.99907  -39.73573   14.4667
-13.99907  -37.29037   11.0827
-15.24503  -39.12439   11.7595
-13.0646  -38.20738   10.7443
-15.24503  -38.51305   11.0827
-14.62205  -40.34707   13.1131
-15.86801  -38.51305   11.0827
-14.31056  -40.0414   12.7747
-15.24503  -39.12439   11.7595
-13.99907  -39.73573   12.4363
-16.49099  -39.12439   11.7595
-13.99907  -39.12439   13.1131
-13.99907  -39.12439   11.7595
-13.99907  -39.12439   12.4363
-14.93354  -39.43006   12.0979
-13.68758  -40.0414   11.4211
-13.99907  -39.12439   12.4363
-14.31056  -38.20738   12.7747
-13.68758  -38.20738   12.0979
-14.31056  -39.43006   11.4211
-13.99907  -39.12439   13.1131
-14.93354  -38.81872   13.4515
-13.68758  -38.81872   12.0979
-14.62205  -37.90171   9.729102
-15.24503  -39.73573   13.1131
-14.62205  -39.12439   11.0827
-13.37609  -39.12439   13.1131
-15.55652  -38.81872   12.0979
-14.31056  -40.0414   13.4515
-13.37609  -39.73573   12.4363
-16.1795  -39.43006   11.4211
-14.31056  -40.65274   12.0979
-15.86801  -38.51305   11.0827
-14.31056  -38.81872   12.7747
-14.31056  -39.43006   12.0979
-14.62205  -39.12439   12.4363
-15.24503  -40.34707   11.0827
-15.86801  -37.90171   11.7595
-15.24503  -38.51305   12.4363
-15.24503  -38.51305   11.7595
-14.62205  -39.73573   12.4363
-14.93354  -40.0414   13.4515
-14.31056  -40.0414   11.4211
-14.31056  -38.81872   11.4211
-13.68758  -39.43006   11.4211
-13.68758  -38.81872   13.4515
-13.99907  -39.73573   13.1131
-13.37609  -39.73573   13.7899
-13.99907  -40.34707   12.4363
-13.68758  -39.43006   14.1283
-13.99907  -38.51305   12.4363
-12.13013  -39.12439   13.7899
-13.68758  -38.20738   12.7747
-13.68758  -38.81872   10.7443
-14.31056  -38.81872   10.0675
-14.93354  -38.81872   10.7443
-14.62205  -38.51305   13.1131
-14.62205  -38.51305   11.7595
-14.93354  -38.81872   11.4211
-14.62205  -39.12439   11.7595
-13.99907  -39.73573   11.7595
-12.75311  -38.51305   11.7595
-14.31056  -39.43006   11.4211
-15.24503  -39.12439   11.7595
-14.62205  -38.51305   11.7595
-14.93354  -38.20738   12.0979
-14.62205  -39.12439   11.0827
-13.0646  -36.9847   11.4211
-15.86801  -40.34707   13.1131
-12.75311  -40.95841   12.4363
-14.62205  -39.73573   12.4363
-14.31056  -39.43006   10.7443
-13.68758  -38.81872   10.0675
-14.93354  -38.81872   12.0979
-15.86801  -39.12439   12.4363
-14.31056  -40.65274   14.1283
-13.0646  -41.87542   12.7747
-13.37609  -39.73573   14.4667
-13.99907  -40.95841   13.1131
-13.37609  -39.73573   12.4363
-14.31056  -40.0414   12.7747
-13.68758  -40.65274   12.0979
-13.68758  -39.43006   12.7747
-15.55652  -40.0414   10.7443
-13.0646  -39.43006   10.0675
-14.31056  -38.81872   11.4211
-13.99907  -39.12439   11.7595
-13.68758  -38.20738   12.0979
-13.68758  -38.81872   10.7443
-14.93354  -38.20738   9.3907
-15.24503  -39.73573   11.0827
-13.68758  -40.65274   11.4211
-15.86801  -38.51305   11.0827
-13.68758  -39.43006   10.7443
-15.24503  -38.51305   12.4363
-13.68758  -38.20738   11.4211
-14.31056  -38.20738   12.0979
-14.31056  -37.59604   10.7443
-13.68758  -38.81872   11.4211
-14.93354  -38.81872   11.4211
-15.55652  -37.59604   10.7443
-12.44162  -38.20738   11.4211
-14.31056  -38.81872   10.7443
-14.31056  -37.59604   12.7747
-14.31056  -40.0414   12.0979
-14.31056  -40.0414   11.4211
-15.55652  -40.0414   12.7747
-13.99907  -38.51305   10.4059
-14.31056  -41.26408   10.7443
-13.0646  -38.20738   12.7747
-15.55652  -38.20738   12.0979
-15.24503  -39.73573   13.1131
-13.68758  -38.20738   11.4211
-14.93354  -38.20738   12.7747
-14.93354  -41.26408   12.7747
-16.1795  -38.20738   10.0675
-14.62205  -37.90171   11.7595
-14.62205  -39.12439   13.7899
-15.55652  -38.20738   11.4211
-13.99907  -40.34707   13.1131
-14.62205  -39.73573   11.7595
-15.55652  -41.26408   13.4515
-13.68758  -38.20738   12.7747
-12.75311  -39.73573   11.0827
-13.0646  -37.59604   10.7443
-13.99907  -39.73573   11.7595
-13.68758  -39.43006   12.7747
-14.62205  -40.95841   13.7899
-14.31056  -41.26408   12.0979
-14.93354  -38.81872   12.0979
-13.68758  -39.43006   12.0979
-13.37609  -39.12439   12.4363
-14.31056  -40.0414   11.4211
-14.62205  -40.95841   12.4363
-15.55652  -39.43006   10.7443
-13.99907  -39.12439   11.7595
-14.62205  -39.12439   11.7595
-13.37609  -37.90171   11.7595
-14.93354  -37.59604   10.7443
-14.62205  -38.51305   12.4363
-13.37609  -37.90171   10.4059
-14.93354  -39.43006   13.4515
-15.55652  -39.43006   11.4211
-13.37609  -38.51305   11.7595
-15.55652  -38.20738   12.0979
-16.49099  -40.34707   11.0827
-13.37609  -38.51305   11.0827
-13.68758  -40.0414   11.4211
-13.99907  -39.73573   13.1131
-14.62205  -39.12439   13.7899
-13.37609  -38.51305   11.7595
-14.93354  -40.0414   12.0979
-16.1795  -36.9847   12.7747
-13.68758  -39.43006   10.0675
-14.31056  -39.43006   14.8051
-12.75311  -39.73573   11.7595
-16.1795  -38.81872   12.0979
-13.37609  -38.51305   13.1131
-14.31056  -38.81872   12.0979
-14.31056  -38.81872   11.4211
-14.93354  -39.43006   10.7443
-14.93354  -36.9847   11.4211
-15.24503  -39.73573   12.4363
-14.62205  -37.90171   11.0827
-15.86801  -37.90171   13.1131
-14.62205  -39.73573   13.7899
-13.68758  -38.81872   11.4211
-15.55652  -40.65274   11.4211
-14.31056  -38.81872   12.7747
-14.93354  -38.81872   12.7747
-12.13013  -40.34707   11.0827
-13.0646  -39.43006   12.0979
-15.24503  -39.12439   14.4667
-14.31056  -40.65274   12.0979
-15.24503  -39.12439   11.0827
-15.24503  -40.34707   11.7595
-15.24503  -39.12439   12.4363
-14.31056  -39.43006   12.7747
-14.93354  -37.59604   10.7443
-13.99907  -39.12439   13.7899
-13.68758  -38.81872   12.0979
-15.24503  -38.51305   11.7595
-12.75311  -39.12439   10.4059
-14.93354  -38.20738   12.7747
-14.93354  -38.81872   11.4211
-13.99907  -38.51305   13.1131
-13.37609  -42.18109   11.7595
-14.93354  -41.26408   14.1283
-15.24503  -41.56975   13.7899
-13.68758  -40.0414   14.1283
-14.62205  -39.12439   13.7899
-13.99907  -39.73573   14.4667
-13.68758  -41.26408   13.4515
-13.68758  -39.43006   14.1283
-14.62205  -39.73573   12.4363
-14.93354  -40.65274   11.4211
-16.49099  -39.12439   11.0827
-14.93354  -39.43006   10.7443
-17.11397  -38.51305   11.7595
-15.55652  -39.43006   13.4515
-14.62205  -38.51305   13.1131
-14.93354  -39.43006   12.0979
-13.68758  -38.81872   12.7747
-13.0646  -38.81872   11.4211
-15.24503  -39.73573   9.729102
-13.68758  -39.43006   14.1283
-13.37609  -39.12439   13.7899
-13.37609  -39.73573   13.1131
-14.93354  -40.0414   14.1283
-15.24503  -39.73573   13.1131
-13.68758  -38.81872   13.4515
-13.37609  -40.34707   13.7899
-15.86801  -39.73573   12.4363
-15.86801  -39.12439   12.4363
-13.37609  -39.73573   11.7595
-13.68758  -36.9847   10.7443
-14.31056  -38.81872   11.4211
-14.62205  -38.51305   11.0827
-13.99907  -38.51305   13.1131
-14.93354  -40.0414   12.0979
-13.99907  -38.51305   10.4059
-13.99907  -38.51305   11.7595
-14.31056  -39.43006   12.0979
-16.1795  -38.81872   12.0979
-14.93354  -40.0414   11.4211
-14.62205  -39.73573   13.1131
-12.75311  -38.51305   11.7595
-14.62205  -40.34707   14.4667
-13.99907  -39.73573   13.1131
-14.62205  -40.34707   13.1131
-14.62205  -40.34707   13.1131
-14.31056  -39.43006   14.8051
-14.62205  -39.12439   13.1131
-12.44162  -40.65274   12.7747
-14.31056  -38.20738   12.0979
-15.86801  -39.73573   11.0827
-15.55652  -38.20738   12.0979
-14.62205  -39.73573   10.4059
-14.93354  -39.43006   12.0979
-13.99907  -39.73573   9.729102
-13.99907  -38.51305   11.7595
-14.31056  -39.43006   11.4211
-15.24503  -38.51305   11.7595
-14.62205  -38.51305   11.0827
-12.75311  -37.90171   12.4363
-14.31056  -38.20738   11.4211
-14.62205  -36.67903   13.7899
-15.24503  -37.90171   10.4059
-14.31056  -38.81872   12.0979
-14.93354  -38.81872   10.0675
-14.62205  -39.12439   12.4363
-17.11397  -37.90171   10.4059
-14.31056  -36.9847   13.4515
-15.24503  -37.90171   11.0827
-15.86801  -39.73573   11.7595
-13.0646  -40.0414   13.4515
-14.31056  -40.0414   12.0979
-12.75311  -40.34707   13.7899
-13.99907  -39.12439   13.1131
-14.93354  -40.0414   14.1283
-14.31056  -40.65274   11.4211
-14.93354  -39.43006   11.4211
-15.86801  -39.12439   14.4667
-13.68758  -39.43006   11.4211
-14.31056  -38.20738   11.4211
-14.93354  -38.81872   12.0979
-14.62205  -39.12439   10.4059
-15.55652  -38.20738   11.4211
-14.31056  -38.81872   12.0979
-13.99907  -37.90171   11.0827
-15.86801  -39.12439   11.0827
-14.62205  -39.12439   11.7595
-14.31056  -39.43006   9.3907
-14.93354  -39.43006   11.4211
-15.86801  -39.12439   11.7595
-14.93354  -38.81872   10.7443
-13.99907  -39.73573   10.4059
-13.68758  -36.9847   10.0675
-13.37609  -39.12439   11.7595
-14.62205  -38.51305   12.4363
-15.55652  -40.0414   12.0979
-16.49099  -38.51305   13.1131
-13.68758  -40.0414   11.4211
-14.31056  -39.43006   11.4211
-14.93354  -38.20738   12.0979
-14.62205  -40.95841   11.0827
-13.68758  -38.81872   12.0979
-14.31056  -38.20738   12.0979
-13.0646  -39.43006   12.0979
-12.75311  -39.12439   11.7595
-14.62205  -39.12439   12.4363
-14.62205  -39.12439   13.1131
-14.62205  -39.73573   13.1131
-13.37609  -39.12439   11.0827
-13.99907  -39.12439   11.0827
-14.93354  -40.0414   12.0979
-14.62205  -39.12439   12.4363
-14.31056  -38.20738   11.4211
-13.37609  -38.51305   11.0827
-13.99907  -38.51305   12.4363
-14.62205  -37.90171   12.4363
-14.31056  -38.81872   11.4211
-14.62205  -38.51305   12.4363
-15.24503  -39.12439   13.1131
-14.31056  -38.81872   10.7443
-13.37609  -39.73573   13.1131
-14.31056  -38.81872   12.0979
-15.55652  -38.81872   12.0979
-15.24503  -38.51305   12.4363
-13.99907  -37.90171   11.0827
-14.62205  -37.90171   11.7595
-13.99907  -39.73573   13.7899
-14.93354  -40.0414   11.4211
-14.93354  -38.20738   13.4515
-13.99907  -40.34707   13.1131
-14.93354  -40.0414   12.7747
-13.99907  -37.90171   11.0827
-15.24503  -39.73573   13.1131
-15.55652  -39.43006   12.0979
-13.99907  -39.12439   12.4363
-14.31056  -39.43006   12.0979
-14.31056  -39.43006   13.4515
-14.93354  -40.0414   12.0979
-14.62205  -40.34707   12.4363
-13.0646  -39.43006   13.4515
-13.68758  -39.43006   13.4515
-15.86801  -39.73573   12.4363
-13.37609  -40.95841   15.1435
-14.62205  -39.73573   13.1131
-15.86801  -38.51305   11.7595
-14.31056  -38.20738   9.3907
-14.93354  -38.81872   11.4211
-15.86801  -38.51305   12.4363
-14.93354  -37.59604   12.0979
-14.62205  -38.51305   13.1131
-14.31056  -36.9847   10.0675
-13.99907  -37.90171   11.0827
-16.1795  -38.81872   12.0979
-15.86801  -40.34707   11.7595
-14.31056  -38.81872   12.7747
-13.0646  -37.59604   12.0979
-15.24503  -38.51305   12.4363
-14.31056  -38.20738   10.7443
-14.93354  -40.0414   12.7747
-14.93354  -39.43006   10.0675
-15.55652  -38.81872   14.8051
-13.99907  -39.73573   12.4363
-13.68758  -40.65274   12.7747
-13.68758  -40.0414   12.0979
-15.24503  -38.51305   11.7595
-14.93354  -38.20738   12.7747
-16.1795  -38.81872   12.0979
-13.68758  -38.20738   12.0979
-13.37609  -38.51305   13.1131
-14.31056  -37.59604   9.3907
-14.31056  -38.81872   12.7747
-13.99907  -38.51305   9.729102
-14.31056  -39.43006   11.4211
-13.99907  -39.73573   11.0827
-13.99907  -37.90171   11.0827
-13.99907  -39.12439   9.729102
-13.68758  -39.43006   10.7443
-15.55652  -40.0414   12.0979
-13.68758  -36.9847   12.0979
-13.37609  -39.73573   11.0827
-13.68758  -39.43006   13.4515
-14.62205  -41.56975   13.7899
-14.31056  -40.0414   14.1283
-15.86801  -40.34707   11.0827
-14.93354  -40.65274   13.4515
-13.68758  -38.81872   12.7747
-14.62205  -39.73573   11.0827
-14.93354  -38.81872   12.7747
-13.99907  -38.51305   12.4363
-14.62205  -38.51305   11.0827
-13.68758  -40.0414   12.0979
-14.31056  -39.43006   12.7747
-14.62205  -38.51305   13.7899
-13.99907  -39.73573   12.4363
-15.24503  -39.12439   11.7595
-15.24503  -39.73573   12.4363
-13.68758  -38.81872   12.0979
-13.68758  -38.20738   12.0979
-14.31056  -40.65274   10.7443
-14.62205  -37.90171   11.7595
-13.68758  -38.81872   12.0979
-14.31056  -41.26408   12.0979
-14.93354  -39.43006   14.1283
-13.68758  -40.0414   14.1283
-15.24503  -40.34707   12.4363
-14.31056  -37.59604   12.7747
-13.99907  -37.90171   13.1131
-13.68758  -38.20738   11.4211
-15.55652  -39.43006   11.4211
-15.24503  -37.90171   11.0827
-13.37609  -39.73573   11.7595
-14.31056  -39.43006   11.4211
-14.62205  -38.51305   10.4059
-12.44162  -38.81872   12.0979
-14.31056  -38.81872   12.7747
-13.68758  -37.59604   12.0979
-14.93354  -39.43006   12.7747
-14.93354  -37.59604   12.0979
-14.31056  -38.20738   12.0979
-15.55652  -40.0414   11.4211
-14.93354  -38.20738   10.0675
-14.62205  -39.73573   11.7595
-14.62205  -38.51305   10.4059
-15.55652  -37.59604   11.4211
-14.93354  -38.20738   12.0979
-15.24503  -39.12439   13.1131
-13.99907  -38.51305   13.1131
-14.31056  -39.43006   10.7443
-14.31056  -40.0414   10.7443
-13.68758  -38.81872   12.0979
-16.80248  -38.81872   12.0979
-13.0646  -38.20738   10.0675
-14.62205  -39.12439   11.7595
-14.62205  -38.51305   11.0827
-13.37609  -39.12439   13.1131
-14.62205  -39.73573   13.7899
-14.62205  -39.12439   13.1131
-15.86801  -39.12439   11.7595
-15.86801  -39.73573   12.4363
-14.62205  -39.12439   11.0827
-13.68758  -38.81872   12.0979
-13.68758  -38.81872   14.1283
-14.62205  -38.51305   11.0827
-13.68758  -39.43006   10.7443
-14.31056  -38.81872   11.4211
-14.62205  -39.12439   13.1131
-13.68758  -38.81872   13.4515
-15.24503  -38.51305   11.0827
-13.37609  -37.29037   12.4363
-14.62205  -37.90171   11.7595
-13.99907  -38.51305   11.7595
-14.31056  -40.0414   12.7747
-13.68758  -39.43006   12.7747
-14.31056  -38.81872   11.4211
-15.86801  -38.51305   11.7595
-12.13013  -39.12439   11.7595
-14.31056  -38.81872   10.7443
-14.93354  -38.20738   10.7443
-14.31056  -36.9847   10.7443
-14.93354  -40.65274   10.0675
-13.99907  -39.73573   12.4363
-14.31056  -40.0414   12.0979
-15.55652  -38.81872   14.8051
-12.44162  -38.81872   12.7747
-14.62205  -39.12439   11.7595
-13.37609  -40.34707   13.1131
-16.1795  -39.43006   12.7747
-13.37609  -39.12439   11.0827
-14.62205  -38.51305   12.4363
-15.55652  -38.81872   12.7747
-13.37609  -37.90171   12.4363
-14.93354  -37.59604   11.4211
-13.99907  -37.90171   11.0827
-15.55652  -38.81872   12.0979
-15.55652  -37.59604   10.7443
-14.31056  -40.0414   11.4211
-15.55652  -39.43006   12.0979
-14.93354  -39.43006   11.4211
-14.62205  -39.73573   12.4363
-15.55652  -38.81872   12.0979
-14.93354  -40.0414   12.7747
-14.93354  -39.43006   12.7747
-13.68758  -38.81872   13.4515
-14.31056  -40.65274   12.0979
-13.99907  -39.73573   13.7899
-14.93354  -39.43006   13.4515
-14.31056  -38.20738   13.4515
-14.93354  -37.59604   11.4211
-14.31056  -39.43006   12.7747
-15.24503  -39.73573   11.7595
-13.99907  -37.90171   11.0827
-15.24503  -38.51305   11.0827
-14.62205  -39.12439   10.4059
-14.31056  -40.0414   12.0979
-14.93354  -38.20738   11.4211
-14.93354  -39.43006   12.0979
-14.31056  -39.43006   12.7747
-14.93354  -36.9847   13.4515
-15.24503  -39.12439   10.4059
-14.62205  -38.51305   11.0827
-12.13013  -39.73573   12.4363
-13.99907  -41.56975   11.7595
-17.11397  -41.56975   11.0827
-14.62205  -40.95841   12.4363
-13.99907  -40.95841   13.7899
-14.31056  -40.65274   15.4819
-13.68758  -40.0414   11.4211
-14.93354  -39.43006   12.7747
-13.37609  -38.51305   11.0827
-13.37609  -39.73573   11.7595
-13.37609  -39.73573   11.0827
-14.62205  -39.12439   10.4059
-13.68758  -40.0414   11.4211
-15.86801  -37.90171   12.4363
-14.62205  -38.51305   10.4059
-16.80248  -37.59604   14.8051
-15.86801  -37.90171   12.4363
-15.24503  -39.12439   11.7595
-16.49099  -39.12439   12.4363
-15.55652  -37.59604   13.4515
-13.68758  -40.0414   12.0979
-16.49099  -39.73573   13.1131
-13.37609  -40.95841   13.7899
-14.93354  -40.65274   12.7747
-13.99907  -40.34707   13.7899
-13.0646  -39.43006   12.0979
-13.37609  -40.34707   11.7595
-12.44162  -38.81872   12.7747
-16.49099  -38.51305   12.4363
-14.31056  -37.59604   12.0979
-14.93354  -38.20738   9.3907
-13.68758  -40.0414   11.4211
-14.62205  -39.12439   10.4059
-13.99907  -40.34707   12.4363
-15.24503  -38.51305   11.0827
-14.31056  -40.0414   12.0979
-14.31056  -39.43006   12.0979
-13.99907  -36.67903   11.7595
-14.31056  -38.81872   12.0979
-16.49099  -38.51305   11.0827
-13.37609  -40.34707   13.7899
-16.80248  -39.43006   13.4515
-14.62205  -38.51305   12.4363
-13.68758  -40.0414   13.4515
-13.68758  -41.26408   13.4515
-13.37609  -39.73573   14.4667
-14.31056  -39.43006   13.4515
-14.31056  -38.81872   13.4515
-14.62205  -39.12439   11.7595
-15.86801  -38.51305   13.1131
-15.24503  -40.34707   11.7595
-15.55652  -37.59604   11.4211
-14.93354  -39.43006   12.0979
-14.62205  -40.34707   12.4363
-14.93354  -38.81872   12.7747
-15.86801  -38.51305   11.7595
-14.93354  -38.81872   11.4211
-13.0646  -38.81872   10.7443
-16.1795  -38.81872   12.0979
-15.24503  -36.67903   9.729102
-13.68758  -40.65274   11.4211
-13.99907  -40.95841   12.4363
-14.62205  -40.34707   13.7899
-14.31056  -39.43006   12.7747
-12.44162  -40.0414   12.7747
-13.37609  -39.12439   13.1131
-14.62205  -40.34707   12.4363
-13.99907  -40.34707   13.1131
-13.68758  -40.0414   12.7747
-13.68758  -38.81872   10.7443
-14.93354  -38.81872   12.0979
-14.93354  -39.43006   12.7747
-15.24503  -38.51305   11.7595
-13.99907  -38.51305   11.7595
-16.1795  -39.43006   12.0979
-14.62205  -38.51305   11.7595
-14.31056  -38.20738   12.7747
-14.31056  -38.20738   12.0979
-13.99907  -39.12439   10.4059
-14.62205  -38.51305   13.1131
-13.99907  -38.51305   11.0827
-15.24503  -37.90171   10.4059
-15.24503  -40.34707   13.1131
-16.1795  -39.43006   11.4211
-13.68758  -38.81872   11.4211
-13.68758  -37.59604   12.0979
-14.62205  -39.73573   11.0827
-13.99907  -39.73573   12.4363
-14.62205  -38.51305   11.7595
-13.99907  -37.29037   11.7595
-14.62205  -40.95841   13.1131
-13.99907  -40.34707   11.0827
-13.68758  -40.0414   12.7747
-13.68758  -41.26408   14.1283
-15.24503  -41.56975   11.7595
-13.0646  -41.26408   13.4515
-13.68758  -38.81872   12.7747
-16.80248  -40.65274   12.7747
-13.37609  -39.12439   13.1131
-15.24503  -38.51305   12.4363
-13.99907  -38.51305   10.4059
-13.99907  -38.51305   9.729102
-14.62205  -38.51305   12.4363
-15.24503  -38.51305   11.7595
-14.31056  -37.59604   11.4211
-14.62205  -38.51305   12.4363
-13.99907  -39.73573   10.4059
-14.93354  -38.81872   11.4211
-14.93354  -38.20738   12.0979
-15.86801  -40.95841   11.7595
-13.0646  -40.65274   14.1283
-13.99907  -40.34707   13.1131
-15.55652  -40.0414   12.0979
-14.62205  -41.56975   14.4667
-13.99907  -39.73573   13.7899
-15.55652  -38.81872   12.7747
-15.24503  -40.34707   12.4363
-12.75311  -40.95841   11.7595
-15.55652  -40.0414   12.7747
-14.62205  -38.51305   11.7595
-15.24503  -39.12439   11.7595
-13.99907  -39.12439   10.4059
-14.62205  -39.73573   12.4363
-13.68758  -39.43006   10.7443
-14.31056  -38.81872   13.4515
-12.44162  -37.59604   12.0979
-14.93354  -38.81872   12.7747
-13.99907  -40.34707   12.4363
-13.0646  -40.0414   12.7747
-14.62205  -38.51305   9.729102
-13.37609  -38.51305   12.4363
-13.68758  -40.0414   13.4515
-12.75311  -39.12439   13.7899
-12.75311  -39.12439   14.4667
-13.68758  -41.87542   12.7747
-13.99907  -39.73573   13.7899
-14.31056  -40.0414   13.4515
-13.37609  -41.56975   12.4363
-15.24503  -40.34707   13.1131
-15.55652  -36.9847   9.3907
-14.31056  -38.20738   10.7443
-15.24503  -38.51305   11.0827
-15.24503  -38.51305   11.7595
-13.99907  -39.12439   11.7595
-13.99907  -38.51305   11.0827
-14.62205  -38.51305   9.729102
-14.93354  -36.9847   12.7747
-15.55652  -36.9847   10.7443
-14.31056  -37.59604   12.7747
-15.24503  -40.34707   11.7595
-15.24503  -42.18109   13.7899
-13.0646  -38.81872   12.0979
-14.62205  -39.73573   14.4667
-13.37609  -38.51305   12.4363
-13.68758  -40.0414   14.1283
-13.68758  -41.26408   13.4515
-14.31056  -40.0414   14.1283
-14.31056  -38.81872   11.4211
-14.93354  -40.65274   12.7747
-14.93354  -39.43006   10.7443
-15.55652  -40.0414   10.0675
-15.55652  -39.43006   12.7747
-14.93354  -38.81872   11.4211
-14.62205  -37.90171   10.4059
-15.24503  -39.12439   11.0827
-13.68758  -39.43006   11.4211
-14.62205  -39.12439   10.4059
-16.1795  -38.20738   11.4211
-13.99907  -37.90171   13.1131
-14.62205  -37.90171   12.4363
-13.37609  -42.18109   13.7899
-15.24503  -38.51305   12.4363
-13.99907  -39.73573   11.7595
-14.31056  -40.0414   12.0979
-13.99907  -39.73573   13.1131
-13.0646  -38.81872   10.7443
-13.99907  -40.95841   12.4363
-13.99907  -38.51305   12.4363
-13.99907  -39.73573   13.1131
-15.24503  -39.73573   12.4363
-14.31056  -39.43006   13.4515
-15.24503  -38.51305   12.4363
-14.93354  -38.20738   11.4211
-16.80248  -38.81872   12.0979
-13.68758  -38.81872   10.7443
-15.24503  -39.12439   11.7595
-14.31056  -40.0414   12.0979
-13.99907  -38.51305   12.4363
-16.1795  -36.9847   11.4211
-14.31056  -38.81872   12.0979
-14.93354  -41.87542   12.7747
-13.68758  -39.43006   12.7747
-14.62205  -40.34707   13.1131
-14.31056  -40.65274   13.4515
-13.68758  -39.43006   13.4515
-13.37609  -39.73573   11.7595
-14.93354  -38.20738   11.4211
-14.31056  -41.87542   12.0979
-13.99907  -39.12439   13.1131
-15.24503  -39.73573   11.7595
-14.62205  -37.29037   11.0827
-15.24503  -39.12439   11.0827
-15.24503  -37.29037   9.052301
-13.37609  -37.90171   11.0827
-13.68758  -38.20738   12.7747
-13.99907  -38.51305   14.4667
-13.99907  -37.29037   13.7899
-14.62205  -39.12439   12.4363
-15.55652  -38.20738   10.7443
-13.68758  -40.0414   13.4515
-14.62205  -36.67903   12.4363
-15.55652  -38.81872   11.4211
-15.86801  -37.90171   11.7595
-13.99907  -38.51305   11.7595
-15.55652  -38.81872   12.7747
-15.55652  -38.81872   11.4211
-13.37609  -39.73573   11.0827
-14.31056  -40.0414   11.4211
-14.31056  -40.0414   12.0979
-14.93354  -37.59604   10.7443
-13.68758  -38.81872   11.4211
-13.99907  -39.73573   12.4363
-15.55652  -37.59604   10.7443
-15.24503  -38.51305   11.7595
-14.31056  -40.0414   12.0979
-16.80248  -40.0414   12.0979
-15.55652  -39.43006   13.4515
-15.24503  -39.12439   12.4363
-14.31056  -38.81872   10.7443
-14.62205  -37.90171   9.052301
-14.31056  -40.65274   10.7443
-13.68758  -38.81872   12.0979
-13.68758  -38.81872   12.0979
-15.55652  -39.43006   12.0979
-14.62205  -37.90171   10.4059
-14.62205  -38.51305   10.4059
-13.99907  -38.51305   13.1131
-13.68758  -40.0414   10.0675
-15.55652  -40.0414   11.4211
-14.93354  -38.20738   12.7747
-13.37609  -40.34707   14.4667
-14.62205  -40.95841   13.1131
-13.99907  -39.73573   12.4363
-13.99907  -39.12439   11.0827
-13.99907  -40.34707   11.7595
-15.86801  -40.95841   13.1131
-13.68758  -38.81872   14.1283
-14.31056  -40.65274   12.7747
-12.44162  -40.65274   12.0979
-16.80248  -36.9847   12.7747
-12.75311  -39.73573   13.7899
-13.68758  -39.43006   12.7747
-15.24503  -40.34707   13.1131
-15.24503  -37.90171   11.7595
-15.24503  -39.12439   11.0827
-14.62205  -37.90171   11.7595
-13.68758  -38.81872   10.7443
-13.37609  -39.12439   9.729102
-12.44162  -40.0414   11.4211
-14.62205  -39.12439   12.4363
-14.93354  -38.81872   12.0979
-13.68758  -38.20738   11.4211
-14.62205  -39.12439   11.0827
-13.68758  -38.81872   12.0979
-14.62205  -39.12439   12.4363
-15.24503  -40.34707   13.1131
-13.0646  -38.20738   12.7747
-14.62205  -39.73573   11.0827
-14.93354  -38.20738   12.7747
-14.62205  -39.73573   10.4059
-13.37609  -39.73573   13.7899
-13.68758  -40.0414   13.4515
-15.86801  -40.34707   12.4363
-14.62205  -39.73573   13.1131
-14.93354  -39.43006   10.0675
-14.93354  -37.59604   10.7443
-15.86801  -38.51305   11.7595
-15.24503  -37.90171   11.7595
-13.99907  -39.12439   11.7595
-15.86801  -39.12439   12.4363
-15.55652  -39.43006   13.4515
-15.55652  -37.59604   12.7747
-14.93354  -38.81872   10.7443
-14.31056  -37.59604   12.7747
-13.68758  -39.43006   12.0979
-14.31056  -38.20738   12.0979
-15.86801  -39.12439   11.7595
-14.93354  -38.20738   12.0979
-16.1795  -38.20738   13.4515
-14.62205  -39.73573   10.4059
-13.68758  -40.65274   12.0979
-13.68758  -40.0414   14.1283
-12.75311  -38.51305   11.7595
-13.37609  -39.73573   11.7595
-14.31056  -38.20738   12.0979
-16.49099  -38.51305   11.0827
-14.62205  -37.90171   12.4363
-14.62205  -38.51305   12.4363
-14.62205  -38.51305   13.1131
-14.31056  -38.20738   11.4211
-14.62205  -39.73573   12.4363
-14.93354  -37.59604   11.4211
-14.62205  -39.73573   11.0827
-13.68758  -38.81872   11.4211
-14.31056  -38.20738   10.7443
-15.86801  -39.73573   11.0827
-14.62205  -39.73573   11.0827
-15.24503  -39.73573   13.7899
-13.68758  -38.20738   12.0979
-14.31056  -39.43006   12.0979
-13.68758  -39.43006   13.4515
-15.55652  -40.65274   14.1283
-14.31056  -41.87542   13.4515
-15.24503  -40.34707   13.1131
-14.31056  -40.0414   12.7747
-13.37609  -39.12439   9.729102
-13.99907  -39.73573   10.4059
-14.93354  -38.81872   13.4515
-14.62205  -39.12439   11.7595
-14.93354  -37.59604   11.4211
-16.1795  -39.43006   12.7747
-15.86801  -37.90171   10.4059
-13.99907  -37.90171   11.0827
-15.55652  -38.81872   10.7443
-15.24503  -39.12439   13.1131
-12.75311  -38.51305   11.7595
-14.62205  -39.73573   11.7595
-15.24503  -38.51305   11.0827
-14.62205  -39.12439   13.1131
-14.62205  -38.51305   10.4059
-13.68758  -40.0414   12.7747
-14.93354  -38.81872   12.0979
-14.93354  -38.20738   12.0979
-14.62205  -37.29037   13.1131
-13.99907  -39.12439   11.0827
-13.99907  -39.12439   10.4059
-15.86801  -39.12439   12.4363
-15.55652  -38.20738   12.0979
-14.62205  -39.12439   11.7595
-15.24503  -39.73573   11.7595
-13.37609  -40.34707   14.4667
-14.31056  -41.26408   13.4515
-14.62205  -39.12439   11.0827
-15.24503  -40.34707   13.1131
-13.37609  -40.95841   15.1435
-15.24503  -41.56975   11.7595
-13.99907  -39.12439   10.4059
-13.37609  -39.73573   12.4363
-15.24503  -39.73573   13.7899
-14.62205  -38.51305   11.0827
-13.99907  -39.12439   13.1131
-13.68758  -37.59604   12.0979
-14.93354  -38.20738   12.0979
-14.62205  -40.34707   12.4363
-15.86801  -37.90171   11.7595
-14.31056  -38.81872   13.4515
-16.1795  -37.59604   12.7747
-15.24503  -37.90171   11.7595
-15.24503  -38.51305   12.4363
-14.62205  -39.73573   11.0827
-14.31056  -40.65274   12.0979
-14.31056  -40.0414   13.4515
-13.68758  -40.65274   12.0979
-14.62205  -40.34707   12.4363
-13.37609  -40.34707   13.7899
-13.99907  -39.73573   11.7595
-14.62205  -39.73573   10.4059
-15.55652  -38.81872   12.0979
-12.75311  -37.90171   13.1131
-14.62205  -39.73573   12.4363
-15.24503  -39.12439   11.7595
-13.68758  -40.0414   11.4211
-16.1795  -38.20738   11.4211
-14.93354  -38.81872   11.4211
-15.24503  -39.73573   13.7899
-15.86801  -39.12439   11.0827
-13.68758  -40.65274   12.0979
-14.62205  -39.12439   11.0827
-13.37609  -37.90171   11.0827
-15.86801  -39.73573   11.7595
-14.93354  -39.43006   13.4515
-14.62205  -39.12439   13.1131
-15.86801  -40.95841   12.4363
-16.1795  -41.26408   12.0979
-13.68758  -39.43006   12.7747
-13.68758  -40.0414   13.4515
-11.81864  -39.43006   12.0979
-13.68758  -36.37336   10.7443
-13.0646  -38.81872   10.7443
-15.24503  -38.51305   13.1131
-14.93354  -36.9847   12.0979
-13.99907  -38.51305   11.7595
-15.24503  -37.90171   10.4059
-14.31056  -40.0414   11.4211
-15.24503  -38.51305   13.1131
-14.31056  -40.0414   10.7443
-13.37609  -37.90171   11.0827
-14.93354  -37.59604   12.0979
-15.24503  -38.51305   11.0827
-13.68758  -38.81872   10.7443
-13.37609  -40.34707   13.7899
-14.62205  -39.12439   13.1131
-15.86801  -38.51305   14.4667
-13.99907  -40.34707   13.1131
-15.55652  -40.65274   12.7747
-13.99907  -39.12439   13.7899
-13.68758  -40.0414   13.4515
-16.1795  -40.65274   12.0979
-14.93354  -38.81872   12.0979
-15.24503  -39.12439   12.4363
-14.62205  -38.51305   12.4363
-15.55652  -40.0414   10.7443
-13.99907  -38.51305   12.4363
-14.62205  -39.12439   11.0827
-12.44162  -40.0414   11.4211
-15.55652  -39.43006   12.0979
-13.68758  -38.81872   12.0979
-14.62205  -39.12439   11.7595
-15.55652  -39.43006   12.0979
-13.37609  -40.34707   11.7595
-14.62205  -42.18109   13.7899
-13.99907  -39.12439   13.1131
-13.99907  -39.73573   13.1131
-13.68758  -40.65274   14.1283
-13.99907  -39.12439   14.4667
-14.31056  -38.81872   13.4515
-14.62205  -39.73573   12.4363
-14.93354  -38.81872   12.0979
-14.93354  -37.59604   12.7747
-13.37609  -37.90171   10.4059
-13.0646  -38.81872   12.0979
-13.37609  -39.12439   10.4059
-15.24503  -37.90171   11.7595
-13.0646  -39.43006   10.7443
-14.62205  -38.51305   10.4059
-13.68758  -38.81872   12.7747
-14.93354  -41.26408   12.0979
-12.75311  -39.12439   10.4059
-13.68758  -38.81872   10.0675
-14.93354  -39.43006   10.7443
-14.62205  -39.12439   12.4363
-15.24503  -39.73573   14.4667
-13.68758  -39.43006   12.0979
-14.31056  -39.43006   13.4515
-14.93354  -40.0414   11.4211
-15.24503  -40.95841   13.7899
-13.99907  -38.51305   13.1131
-13.37609  -39.73573   14.4667
-15.55652  -38.20738   10.7443
-14.93354  -40.0414   12.0979
-13.99907  -39.73573   10.4059
-16.49099  -40.34707   12.4363
-13.99907  -39.73573   13.1131
-15.24503  -37.90171   13.1131
-13.68758  -39.43006   12.0979
-14.31056  -40.0414   12.7747
-14.93354  -38.81872   12.0979
-13.37609  -37.90171   13.7899
-14.31056  -39.43006   12.7747
-16.1795  -38.81872   12.0979
-16.1795  -38.81872   9.3907
-14.62205  -38.51305   11.0827
-13.99907  -39.73573   10.4059
-14.62205  -37.29037   10.4059
-14.62205  -40.34707   13.1131
-14.62205  -39.73573   13.1131
-15.55652  -40.65274   12.7747
-13.0646  -39.43006   13.4515
-13.68758  -39.43006   14.1283
-13.99907  -40.34707   9.729102
-12.13013  -38.51305   12.4363
-14.31056  -38.20738   11.4211
-13.68758  -37.59604   13.4515
-13.0646  -38.81872   12.7747
-15.86801  -37.90171   12.4363
-14.62205  -37.90171   12.4363
-14.93354  -38.20738   10.7443
-14.62205  -39.12439   13.1131
-15.24503  -40.34707   11.0827
-14.31056  -39.43006   12.0979
-13.68758  -38.81872   14.8051
-13.68758  -40.65274   11.4211
-13.68758  -39.43006   13.4515
-14.31056  -38.81872   12.7747
-13.68758  -40.0414   12.7747
-13.37609  -39.73573   13.7899
-13.68758  -38.81872   14.1283
-13.37609  -40.34707   13.7899
-14.62205  -39.12439   12.4363
-14.93354  -38.81872   12.0979
-14.62205  -40.34707   11.0827
-14.93354  -38.81872   14.1283
-15.24503  -36.06769   11.7595
-13.37609  -39.12439   11.7595
-16.1795  -40.0414   10.7443
-13.68758  -38.81872   11.4211
-15.86801  -39.73573   11.7595
-14.62205  -39.73573   11.0827
-14.31056  -38.20738   12.0979
-13.99907  -39.12439   11.7595
-15.24503  -38.51305   13.1131
-14.62205  -39.12439   14.4667
-14.93354  -39.43006   13.4515
-14.93354  -40.65274   12.7747
-14.62205  -41.56975   15.1435
-14.62205  -39.73573   12.4363
-14.62205  -39.73573   13.1131
-13.99907  -40.34707   13.7899
-15.24503  -40.95841   12.4363
-15.24503  -38.51305   11.7595
-13.37609  -40.95841   11.0827
-13.99907  -37.90171   11.7595
-13.68758  -38.81872   11.4211
-14.31056  -38.20738   11.4211
-14.93354  -38.81872   11.4211
-14.31056  -38.81872   12.0979
-15.24503  -39.12439   11.0827
-14.93354  -39.43006   11.4211
-14.31056  -39.43006   11.4211
-14.31056  -36.9847   10.7443
-15.24503  -39.12439   13.7899
-13.37609  -39.12439   11.0827
-15.86801  -39.12439   10.4059
-13.99907  -38.51305   11.0827
-14.31056  -38.81872   10.7443
-15.86801  -40.34707   11.7595
-14.31056  -40.65274   12.0979
-14.62205  -39.12439   12.4363
-14.62205  -39.73573   12.4363
-15.24503  -39.12439   13.1131
-14.31056  -37.59604   11.4211
-14.31056  -39.43006   13.4515
-14.62205  -38.51305   12.4363
-15.24503  -40.34707   11.0827
-14.62205  -39.73573   11.0827
-14.93354  -38.20738   12.0979
-14.31056  -38.20738   12.0979
-15.24503  -38.51305   11.7595
-14.62205  -37.90171   11.0827
-14.31056  -39.43006   11.4211
-13.68758  -40.0414   11.4211
-14.93354  -40.0414   13.4515
-14.62205  -40.34707   13.1131
-13.99907  -39.73573   12.4363
-13.37609  -40.34707   11.0827
-13.99907  -39.73573   12.4363
-12.75311  -40.34707   13.7899
-15.24503  -39.12439   13.1131
-13.68758  -39.43006   12.0979
-15.24503  -38.51305   11.0827
-14.62205  -40.34707   11.7595
-15.55652  -39.43006   11.4211
-15.24503  -37.90171   12.4363
-14.93354  -38.81872   12.0979
-13.99907  -39.12439   11.7595
-14.31056  -38.81872   11.4211
-14.31056  -41.26408   12.7747
-14.93354  -38.81872   12.7747
-14.31056  -39.43006   12.0979
-14.93354  -40.0414   12.0979
-14.31056  -39.43006   12.0979
-15.55652  -40.65274   14.1283
-12.13013  -40.34707   11.0827
-12.44162  -40.0414   12.0979
-14.93354  -39.43006   11.4211
-14.93354  -40.65274   13.4515
-13.99907  -39.73573   12.4363
-12.75311  -40.95841   13.7899
-14.31056  -38.81872   12.7747
-15.86801  -39.73573   11.7595
-13.99907  -41.56975   13.1131
-14.31056  -40.0414   12.0979
-14.93354  -38.20738   12.0979
-13.0646  -40.0414   13.4515
-15.24503  -38.51305   11.0827
-15.24503  -38.51305   12.4363
-13.99907  -39.12439   12.4363
-15.55652  -38.81872   12.0979
-14.62205  -39.12439   11.7595
-13.99907  -39.12439   11.7595
-14.93354  -40.0414   12.0979
-15.24503  -40.34707   12.4363
-14.31056  -40.0414   13.4515
-14.31056  -41.87542   12.0979
-13.68758  -40.0414   12.7747
-13.68758  -40.0414   12.0979
-13.99907  -40.34707   13.1131
-12.75311  -40.95841   13.1131
-14.93354  -39.43006   12.7747
-15.24503  -37.90171   10.4059
-16.1795  -39.43006   14.1283
-14.93354  -38.20738   12.7747
-15.55652  -40.0414   13.4515
-13.37609  -39.12439   13.1131
-13.99907  -38.51305   13.1131
-16.49099  -39.12439   11.0827
-14.93354  -38.81872   9.3907
-14.31056  -40.0414   12.0979
-14.62205  -37.90171   11.0827
-13.37609  -38.51305   11.7595
-14.31056  -38.81872   13.4515
-15.55652  -38.81872   13.4515
-13.0646  -40.0414   14.1283
-14.31056  -40.65274   12.0979
-14.62205  -40.34707   12.4363
-13.99907  -39.73573   12.4363
-14.31056  -39.43006   13.4515
-12.44162  -40.65274   12.0979
-13.0646  -38.81872   12.7747
