0.9999937  0.003493941   1.106787E-05 -0.0006278008
0.9999771  0.006646717   1.120835E-05 -0.001267327
0.9999518  0.009687064   7.58446E-06 -0.001628493
0.9999162  0.01278323   1.96542E-05 -0.00205803
0.9998744  0.01566215   1.626703E-05 -0.002423457
0.999829  0.018253   -1.408731E-06 -0.002964855
0.9997782  0.02079364   -1.036872E-05 -0.003351604
0.9997227  0.02326293   -2.351844E-05 -0.003649729
0.9996684  0.02542849   -4.001262E-05 -0.004069115
0.9996073  0.02766846   -2.944799E-05 -0.004449417
0.9995512  0.02958549   -3.359735E-05 -0.004697698
0.999495  0.03135317   -4.903659E-05 -0.0051557
0.9994372  0.03308948   -5.06269E-05 -0.005511087
0.9993757  0.03486437   -4.66722E-05 -0.005712845
0.9993148  0.03654299   -3.677729E-05 -0.005876012
0.9992581  0.03801753   -4.482856E-05 -0.006160943
0.9992082  0.03929278   -5.04585E-05 -0.006256917
0.999141  0.04091777   -6.225025E-05 -0.006544445
0.99908  0.04234157   -4.76045E-05 -0.006799624
0.9990243  0.04361484   -5.96867E-05 -0.006930791
0.9989663  0.04490016   -5.825944E-05 -0.007091198
0.9989081  0.04611821   -7.553423E-05 -0.007455719
0.998857  0.04720534   -6.338744E-05 -0.007503438
0.9988041  0.04830666   -6.114448E-05 -0.007545577
0.9987541  0.04930377   -7.525332E-05 -0.007701915
0.9986943  0.05048527   -7.084449E-05 -0.007801193
0.9986454  0.05143302   -7.329335E-05 -0.007883711
0.9986163  0.05196207   -7.8514E-05 -0.008085424
0.9985736  0.05275296   -8.565858E-05 -0.008243538
0.9985264  0.05359613   -9.6462E-05 -0.008507539
0.9984829  0.05438179   -0.000100924 -0.008633913
0.9984516  0.05494824   -0.0001095378 -0.008668836
0.9984117  0.0556551   -0.0001039491 -0.008749585
0.9983773  0.05623107   -0.0001050514 -0.008989166
0.9983508  0.0566988   -9.360859E-05 -0.008994109
0.9983323  0.05703123   -0.000103636 -0.008954895
0.9983062  0.05746684   -0.0001285067 -0.009076154
0.9982799  0.05787707   -0.0001502327 -0.009358387
0.9982559  0.05828235   -0.0001432687 -0.009392144
0.9982285  0.05874341   -0.0001403509 -0.009429227
0.9982103  0.05903687   -0.0001355515 -0.00953475
0.9981807  0.05952854   -0.0001388722 -0.009567098
0.9981439  0.06014723   -0.0001328272 -0.009549696
0.9981146  0.06062214   -0.0001407953 -0.009599738
0.9980962  0.06090355   -0.000160915 -0.009723239
0.9980693  0.06133873   -0.0001584704 -0.009752738
0.9980595  0.06148389   -0.0001679418 -0.009842147
0.9980462  0.06169507   -0.0001523772 -0.009875801
0.9980288  0.06198535   -0.0001655859 -0.009805948
0.9980175  0.06216344   -0.0001794596 -0.009835451
0.9979839  0.06268591   -0.0001932769 -0.009924217
0.9979667  0.06293344   -0.0002059299 -0.01009112
0.9979481  0.06320675   -0.0002013564 -0.01022149
0.9979232  0.06357447   -0.0002033522 -0.01037288
0.9978962  0.06397964   -0.0002096218 -0.01047724
0.9978848  0.06415168   -0.0002094512 -0.01051141
0.9978647  0.06445701   -0.0002177659 -0.01054557
0.9978507  0.06466047   -0.0002040739 -0.01062819
0.9978402  0.0648274   -0.0001992542 -0.01060046
0.9978342  0.06493492   -0.0001862384 -0.01050762
0.9978204  0.06513832   -0.0001796657 -0.01054884
0.9978062  0.06535618   -0.0001828982 -0.0105523
0.9977919  0.06556486   -0.0001832485 -0.010605
0.9977822  0.06571925   -0.0001736091 -0.01056501
0.9977751  0.06583261   -0.0001643404 -0.01053121
0.9977648  0.06599147   -0.0001557608 -0.01050452
0.9977522  0.06620333   -0.0001442925 -0.01038389
0.9977393  0.06639437   -0.0001494474 -0.01039738
0.9977195  0.06669269   -0.0001497708 -0.01039188
0.99773  0.06652071   -0.0001652966 -0.01047372
0.997723  0.0666362   -0.0001647347 -0.01041089
0.9977296  0.06652192   -0.0001644783 -0.01050848
0.9977337  0.06647202   -0.0001588864 -0.010434
0.9977242  0.06661714   -0.0001665895 -0.01041317
0.9977242  0.06659651   -0.0001750347 -0.01054475
0.9977197  0.06667324   -0.0001771911 -0.01048821
0.9977135  0.06678342   -0.0001855219 -0.01037672
0.9977121  0.0668008   -0.0001915663 -0.01040073
0.9977008  0.06695694   -0.000190347 -0.01048016
0.997703  0.06691886   -0.0001931641 -0.01051551
0.9976996  0.06698855   -0.000195176 -0.01040051
0.9976993  0.06698825   -0.0001903489 -0.01042948
0.9977045  0.06689928   -0.0002172254 -0.0104971
0.9977056  0.06689223   -0.0002116949 -0.01043576
0.9977003  0.06697395   -0.0002108121 -0.01042242
0.9977109  0.06678155   -0.0002277335 -0.01064219
0.9977151  0.06672589   -0.0002260144 -0.01059471
0.9977071  0.06684601   -0.0002225769 -0.01059534
0.9977108  0.0668108   -0.0002092532 -0.01046071
0.9976954  0.06702273   -0.0002192557 -0.01056771
0.9976968  0.06699352   -0.0002271745 -0.01062458
0.9977043  0.06689145   -0.000241065 -0.01056451
0.9977167  0.06672706   -0.0002382438 -0.01043989
0.997703  0.06693431   -0.0002341472 -0.01040881
0.997713  0.06678145   -0.000228009 -0.01044872
0.9977174  0.06671672   -0.0002200193 -0.01042937
0.9977162  0.06672212   -0.0002250365 -0.01052021
0.9977034  0.06691127   -0.0002230861 -0.01052588
0.9976946  0.06705498   -0.000231539 -0.01044647
0.9976972  0.06700768   -0.0002254268 -0.01049575
0.9976801  0.06725699   -0.0002312138 -0.01052773
0.9976686  0.06742087   -0.0002408126 -0.01057583
0.9976649  0.06745981   -0.0002341401 -0.01066908
0.9976682  0.06740705   -0.0002314445 -0.01069832
0.9976728  0.06735359   -0.0002276987 -0.01060572
0.9976633  0.06750791   -0.0002306211 -0.01052171
0.9976501  0.06769684   -0.0002220162 -0.01055117
0.9976591  0.0675683   -0.0002346863 -0.01052596
0.9976611  0.06754628   -0.0002380529 -0.01047722
0.9976738  0.0673473   -0.0002441549 -0.01054631
0.9976784  0.06729084   -0.0002305879 -0.01048171
0.9976671  0.06746367   -0.000235213 -0.01043447
0.9976632  0.06750871   -0.0002455186 -0.01051737
0.9976524  0.06764997   -0.000238598 -0.01063174
0.9976509  0.06767673   -0.0002205903 -0.01060176
0.9976388  0.06783732   -0.0002284737 -0.01071392
0.9976441  0.06775855   -0.0002255212 -0.0107244
0.9976453  0.06772705   -0.0002379859 -0.01080708
0.9976584  0.06755259   -0.0002382095 -0.01069166
0.9976568  0.06758192   -0.0002448973 -0.01065956
0.9976529  0.06765202   -0.0002484988 -0.01057268
0.9976593  0.06753666   -0.0002467116 -0.01070858
0.9976615  0.06751173   -0.0002396997 -0.01066779
0.9976533  0.06762521   -0.0002197933 -0.01070489
0.9976597  0.06755187   -0.000210867 -0.01056813
0.9976588  0.06756651   -0.0002107164 -0.01056582
0.9976555  0.0676188   -0.0001863759 -0.01054552
0.99766  0.0675445   -0.0001860213 -0.0105953
0.9976555  0.06759163   -0.0002043427 -0.01071318
0.9976539  0.06761238   -0.0002138897 -0.01073258
0.9976473  0.06771053   -0.0002163507 -0.01073769
0.9976386  0.06782941   -0.0002226197 -0.01077932
0.997645  0.06774717   -0.0002191847 -0.01072055
0.997652  0.06765202   -0.0002144964 -0.01066589
0.9976469  0.0677103   -0.0002033308 -0.01076638
0.997641  0.06780218   -0.0001942047 -0.01074155
0.9976415  0.06779987   -0.0001923943 -0.01069984
0.997638  0.06782701   -0.0001985314 -0.01086643
0.9976323  0.06790591   -0.0001991854 -0.01088632
0.9976407  0.06779277   -0.0001858914 -0.0108325
0.9976513  0.0676301   -0.0001982384 -0.01085492
0.9976521  0.06759804   -0.0002123199 -0.010995
0.9976482  0.06765343   -0.0002064267 -0.01099982
0.9976593  0.06748129   -0.0002180346 -0.0110627
0.9976606  0.06746247   -0.0002169033 -0.01104244
0.9976656  0.06739388   -0.0002213995 -0.01101547
0.9976724  0.06732229   -0.0002100668 -0.01083538
0.99765  0.06765043   -0.0002062774 -0.01085442
0.9976504  0.06765102   -0.000208596 -0.01082074
0.9976476  0.0676825   -0.0002181681 -0.01088155
0.9976605  0.06749065   -0.0002259554 -0.01088861
0.9976755  0.06727064   -0.0002207772 -0.0108646
0.9976741  0.06728093   -0.0002154573 -0.01094177
0.9976622  0.0674427   -0.0002134708 -0.01101838
0.9976574  0.06751171   -0.0002090881 -0.0110424
0.9976605  0.06744715   -0.0002151485 -0.01115089
0.9976502  0.06760676   -0.0002210539 -0.01111311
0.9976565  0.06750143   -0.000232309 -0.0111798
0.9976424  0.06769088   -0.0002571688 -0.01129046
0.9976471  0.06764272   -0.0002599941 -0.01116421
0.9976481  0.06762474   -0.0002892181 -0.01118615
0.9976552  0.067502   -0.0002854478 -0.01128855
0.9976504  0.06756292   -0.000293711 -0.01135992
0.9976361  0.06777882   -0.0002989642 -0.01131727
0.9976278  0.06788857   -0.0003136652 -0.01139768
0.9976282  0.06789444   -0.0003037292 -0.01132614
0.9976298  0.06786596   -0.0003042338 -0.01135296
0.9976312  0.067853   -0.0002912831 -0.01131159
0.9976194  0.06801912   -0.0002836797 -0.01135594
0.9976387  0.06771773   -0.0003020201 -0.01145258
0.9976354  0.06780043   -0.0002805062 -0.01126409
0.9976361  0.06779846   -0.0002873303 -0.01119924
0.9976258  0.06792334   -0.000305702 -0.0113696
0.9976459  0.06764012   -0.0002903357 -0.01128992
0.9976416  0.06769623   -0.0002870447 -0.01133164
0.9976341  0.06780705   -0.0002916442 -0.01133957
0.9976281  0.06791423   -0.0002819794 -0.01121474
0.9976371  0.06776304   -0.0003002297 -0.01132857
0.9976296  0.0678858   -0.0002815964 -0.0112528
0.997647  0.06764118   -0.0002776721 -0.01117509
0.9976479  0.06764289   -0.0002773072 -0.01109322
0.9976518  0.06758159   -0.000290347 -0.01111377
0.9976402  0.0677369   -0.0003002235 -0.01121555
0.9976217  0.0680178   -0.0002934211 -0.01115431
0.9976323  0.06786789   -0.000304334 -0.01112714
0.9976317  0.06788119   -0.0002971163 -0.01109502
0.9976206  0.0680396   -0.0002914459 -0.01112003
0.9976246  0.06796944   -0.0002924666 -0.01119318
0.9976296  0.06789299   -0.0002932234 -0.01121041
0.9976281  0.06792121   -0.0003069436 -0.01117079
0.9976439  0.06768426   -0.0003161699 -0.01119265
0.9976523  0.06755777   -0.000304515 -0.01121177
0.997656  0.06750624   -0.000302213 -0.01119342
0.9976451  0.06765943   -0.0003081351 -0.01124368
0.9976552  0.0675336   -0.0003015365 -0.01110184
0.9976671  0.0673424   -0.0003039945 -0.01119824
0.9976592  0.06746266   -0.0003103939 -0.01117543
0.997653  0.06754142   -0.0002941303 -0.01125292
0.9976562  0.06749207   -0.0003104164 -0.01126469
0.9976659  0.06736083   -0.0003023276 -0.01118127
0.9976531  0.06755932   -0.0003005403 -0.01113551
0.9976405  0.06774903   -0.0002957288 -0.01111117
0.9976306  0.06789293   -0.0002995493 -0.01112326
0.9976333  0.06785211   -0.0002956704 -0.01112594
0.9976468  0.06764782   -0.0003123619 -0.01116231
0.997654  0.06753303   -0.0003172232 -0.01121803
0.9976583  0.0674717   -0.0003095808 -0.01119719
0.9976414  0.06772655   -0.000303815 -0.0111732
0.9976433  0.06769788   -0.0003140863 -0.01116526
0.9976454  0.06766401   -0.0003270081 -0.01119376
0.997637  0.06778715   -0.0003144334 -0.01118221
0.9976444  0.06767268   -0.0003179978 -0.01122576
0.9976511  0.06758622   -0.000319042 -0.01114301
0.9976534  0.06751572   -0.0003343997 -0.01136809
0.9976695  0.06730047   -0.0003380392 -0.01123589
0.9976599  0.06747098   -0.0003249068 -0.01106564
0.9976612  0.0674647   -0.0003136923 -0.0109798
0.9976593  0.06748054   -0.0003089254 -0.01105694
0.9976562  0.06750889   -0.0003155037 -0.01116713
0.9976628  0.0674203   -0.0003156373 -0.01109699
0.9976683  0.06733424   -0.0003307583 -0.01113898
0.9976815  0.06712744   -0.000338447 -0.01119864
0.997686  0.06705215   -0.0003412113 -0.01125137
0.9976946  0.06693265   -0.0003421575 -0.01119629
0.9976955  0.06694113   -0.0003337873 -0.01106361
0.997703  0.06683365   -0.000331153 -0.01104139
0.9976993  0.06689295   -0.0003271533 -0.01101221
0.9976908  0.06702023   -0.0003410687 -0.01100914
0.9976844  0.067109   -0.0003477604 -0.01105127
0.9976788  0.06718107   -0.0003468108 -0.01112355
0.9976865  0.06706175   -0.0003441826 -0.01114622
0.9976779  0.06718981   -0.0003585251 -0.01114634
0.9976768  0.06721825   -0.0003366519 -0.0110735
0.9976848  0.06709768   -0.0003413797 -0.01107848
0.9976795  0.06718819   -0.0003245417 -0.01100678
0.9976776  0.06720412   -0.0003219386 -0.01108762
0.9976855  0.06708367   -0.0003299671 -0.01110614
0.9976753  0.06724787   -0.0003142067 -0.01102835
0.9976579  0.06749773   -0.0002968381 -0.01108008
0.9976618  0.06744146   -0.0002976352 -0.01107139
0.9976617  0.06745557   -0.0002922576 -0.01099706
0.9976493  0.06762978   -0.0003023805 -0.01104671
0.9976521  0.0675714   -0.0003248874 -0.01115075
0.9976582  0.06749585   -0.0003299514 -0.01106351
0.9976548  0.06754921   -0.0003068061 -0.01103672
0.9976501  0.06762016   -0.0003014853 -0.0110383
0.9976634  0.06743211   -0.0002824918 -0.01097311
0.9976625  0.06745656   -0.000271672 -0.01091234
0.9976593  0.06749795   -0.0002886501 -0.0109457
0.997673  0.06728736   -0.0002785494 -0.01099759
0.9976575  0.06751394   -0.0002864748 -0.01100554
0.9976459  0.06768359   -0.0002928656 -0.0110349
0.9976585  0.06747888   -0.0003154859 -0.01113594
0.9976463  0.06765766   -0.0003251574 -0.0111429
0.9976442  0.06769066   -0.00033562 -0.01113208
0.9976331  0.06785126   -0.0003443282 -0.01115002
0.9976329  0.06785403   -0.000350653 -0.01115105
0.9976156  0.06810954   -0.0003363993 -0.01114179
0.9976183  0.0680894   -0.0003382067 -0.01102014
0.9976303  0.06792165   -0.0003349039 -0.0109757
0.9976127  0.06818948   -0.0003404956 -0.01091348
0.9976197  0.06806392   -0.0003472719 -0.01105503
0.9976161  0.06811433   -0.0003525731 -0.01107196
0.997615  0.06813094   -0.0003393263 -0.01106312
0.9976088  0.06822266   -0.0003229043 -0.01105317
0.9976151  0.06813423   -0.0003126205 -0.01103162
0.9976147  0.06813342   -0.0003081736 -0.01107834
0.9976148  0.068128   -0.0003046747 -0.01109771
0.9976149  0.06814215   -0.000308541 -0.01099951
0.9976144  0.068183   -0.0003054061 -0.01079249
0.9976307  0.06792887   -0.0003285455 -0.01089125
0.9976144  0.06817159   -0.0003242081 -0.01085903
0.9976211  0.06804422   -0.0003251182 -0.01105346
0.9976134  0.06815664   -0.0003022052 -0.0110556
0.9976233  0.0680242   -0.0002918919 -0.0109721
0.9976252  0.06800811   -0.0002766704 -0.01090429
0.9976379  0.06782753   -0.0002743283 -0.01085425
0.9976392  0.06780207   -0.0002929962 -0.01090705
0.9976377  0.06781805   -0.0002948368 -0.01094152
0.9976396  0.06779233   -0.0002949864 -0.01092656
0.9976233  0.06801262   -0.0003088915 -0.01104964
0.9976296  0.06793337   -0.0003080944 -0.01096465
0.9976179  0.06809814   -0.0002999408 -0.01100685
0.997622  0.06804509   -0.0002983302 -0.01096336
0.9976112  0.0682097   -0.0003069899 -0.01092801
0.9976116  0.06819729   -0.0003145233 -0.01096542
0.9976233  0.06802268   -0.0003162222 -0.01098608
0.9976261  0.06797694   -0.0003148475 -0.01101064
0.9976293  0.06794498   -0.0003099346 -0.01092034
0.9976423  0.06777613   -0.0002907737 -0.01076968
0.9976391  0.06781307   -0.0002936485 -0.01084951
0.9976411  0.06774814   -0.0003177548 -0.01106605
0.997632  0.0678591   -0.0003248869 -0.01119383
0.99763  0.06788769   -0.0003093297 -0.0112111
0.9976384  0.06778662   -0.0003011721 -0.01106325
0.9976292  0.06793739   -0.000288267 -0.01097509
0.9976423  0.06774605   -0.000282965 -0.01096815
0.9976426  0.06774789   -0.0002685778 -0.01093105
0.997648  0.06766243   -0.0002661987 -0.01096481
0.9976468  0.06767429   -0.0002815006 -0.01099716
0.9976444  0.06769112   -0.000290364 -0.01111413
0.9976512  0.06757638   -0.0002952054 -0.0111961
0.9976459  0.06764877   -0.0003111031 -0.01124008
0.9976515  0.06757519   -0.0003334479 -0.0111778
0.9976519  0.06757569   -0.0003326746 -0.01114106
0.9976563  0.06751506   -0.0003300773 -0.01110448
0.9976581  0.06749026   -0.000325094 -0.01109724
0.997656  0.06750737   -0.0003313778 -0.01119061
0.9976479  0.06763252   -0.0003274077 -0.01115568
0.9976542  0.06753547   -0.0003382253 -0.01117634
0.9976653  0.06737871   -0.0003540057 -0.01113276
0.9976717  0.06726986   -0.0003803678 -0.01121814
0.9976652  0.06736853   -0.0003719879 -0.01120586
0.9976678  0.06732541   -0.0003946514 -0.01122429
0.9976602  0.0674205   -0.0004012318 -0.01133713
0.9976527  0.06752908   -0.0004006084 -0.01134914
0.9976425  0.06767364   -0.0003991119 -0.01138448
0.9976355  0.06777073   -0.0004075434 -0.01140963
0.9976355  0.06777193   -0.0004130664 -0.01141459
0.9976391  0.0677245   -0.0004062816 -0.01137509
0.9976556  0.067484   -0.0004135981 -0.01135684
0.9976409  0.06772032   -0.0004086162 -0.01124785
0.9976398  0.06773319   -0.0003914835 -0.01126945
0.9976416  0.06771845   -0.0003899404 -0.01119592
0.9976386  0.06776351   -0.0003784905 -0.01119506
0.9976459  0.06766561   -0.0003794281 -0.01113191
0.9976451  0.06766762   -0.0003925298 -0.01119374
0.9976413  0.06774601   -0.0003717122 -0.01106035
0.9976369  0.06782979   -0.0003720095 -0.01093647
0.9976346  0.06786599   -0.0003676749 -0.01092375
0.9976385  0.06779413   -0.0003744497 -0.01100936
0.997645  0.06770549   -0.0003868551 -0.01097544
0.9976411  0.06777285   -0.00037421 -0.01090367
0.9976408  0.06776183   -0.0003843527 -0.01099399
0.9976332  0.06788698   -0.0003731745 -0.01091455
0.9976221  0.06804147   -0.0003753745 -0.01096768
0.9976316  0.06792022   -0.0003810257 -0.01085613
0.9976326  0.06792545   -0.0003599311 -0.01073688
0.9976293  0.06798017   -0.000351087 -0.01068747
0.9976301  0.06798166   -0.0003570612 -0.01061956
0.9976333  0.06794845   -0.0003605526 -0.01051208
0.9976324  0.06797259   -0.0003549505 -0.0104434
0.9976481  0.06774549   -0.0003397404 -0.01042274
0.9976594  0.0675677   -0.0003379142 -0.01050183
0.9976676  0.06744713   -0.0003492327 -0.0104974
0.9976594  0.06755544   -0.0003437781 -0.01057694
0.9976513  0.0676702   -0.000359969 -0.01059758
0.9976549  0.0676076   -0.0003686296 -0.01066867
0.9976598  0.06754807   -0.000357931 -0.01059262
0.9976701  0.06738493   -0.0003647892 -0.01065695
0.9976645  0.06745538   -0.0003803859 -0.01073686
0.9976546  0.06759095   -0.0003665531 -0.01080552
0.997647  0.06768893   -0.0003693401 -0.01089014
0.9976458  0.06771006   -0.0003609104 -0.01086946
0.9976595  0.06752142   -0.0003446011 -0.01077677
0.9976509  0.06763466   -0.0003553318 -0.01087131
0.9976613  0.06747245   -0.0003436903 -0.01091894
0.9976592  0.067508   -0.0003471479 -0.0109008
0.9976737  0.06729018   -0.0003448314 -0.01090533
0.9976528  0.06762454   -0.0003211153 -0.01075863
0.997659  0.06754036   -0.000334848 -0.01070773
0.9976704  0.06735384   -0.0003432152 -0.01081888
0.9976615  0.06747223   -0.0003527166 -0.01090526
0.9976696  0.06733551   -0.0003707439 -0.01100714
0.9976611  0.06747938   -0.0003562203 -0.01089861
0.9976544  0.06758127   -0.0003627441 -0.0108831
0.9976519  0.06762169   -0.0003532239 -0.01085657
0.9976483  0.06768418   -0.0003524261 -0.01080638
0.9976574  0.06754906   -0.0003430278 -0.010803
0.9976639  0.06745922   -0.000336659 -0.01076681
0.9976667  0.06739745   -0.0003414145 -0.01089795
0.997667  0.06739365   -0.0003506753 -0.01088282
0.9976609  0.06744899   -0.0003629314 -0.01109555
0.9976704  0.067298   -0.000361782 -0.01117544
0.9976737  0.06726008   -0.0003571448 -0.0110963
0.9976727  0.0672766   -0.0003567229 -0.01109581
0.9976645  0.06738732   -0.0003372225 -0.01115025
0.9976561  0.06747724   -0.0003647052 -0.01135981
0.9976574  0.0674957   -0.0003282816 -0.01113633
0.9976493  0.06762536   -0.0003072538 -0.0110718
0.9976478  0.06764746   -0.0003064305 -0.01107502
0.9976614  0.06745931   -0.0003005263 -0.01099719
0.9976595  0.06747967   -0.0003093434 -0.01104154
0.9976662  0.06735656   -0.0003022194 -0.01118878
0.9976567  0.06749818   -0.0003002407 -0.01118072
0.9976509  0.06758394   -0.0003000135 -0.01117687
0.9976373  0.06779372   -0.0002753895 -0.01112751
0.9976312  0.06790049   -0.0002684333 -0.01102272
0.9976299  0.06793132   -0.0002779254 -0.01094427
0.9976295  0.06794313   -0.0002767799 -0.01091258
0.9976117  0.0681915   -0.0002615492 -0.01099279
0.9976054  0.06828482   -0.0002544322 -0.01098751
0.997616  0.068107   -0.0002681768 -0.01111737
0.9976217  0.06801625   -0.00027227 -0.01116183
0.9976203  0.06806943   -0.0002596177 -0.01096848
0.9976224  0.06804649   -0.0002409424 -0.01092095
0.9976303  0.06794115   -0.0002299853 -0.01085539
0.997624  0.06803274   -0.0002357994 -0.01084699
0.9976321  0.06793635   -0.0002281763 -0.01070847
0.9976422  0.06779445   -0.0002357417 -0.01067367
0.9976576  0.06757011   -0.0002483952 -0.01065488
0.9976572  0.06758659   -0.0002405958 -0.01058241
0.9976601  0.06752748   -0.0002448538 -0.0106987
0.9976588  0.06754706   -0.0002582634 -0.01068409
0.9976751  0.06730017   -0.0002662623 -0.0107196
0.9976891  0.06711408   -0.0002700404 -0.01059029
0.9976785  0.06726353   -0.0002779265 -0.01064523
0.997666  0.06746153   -0.0002605566 -0.01055939
0.9976828  0.06720357   -0.0002568514 -0.01061473
0.9976787  0.06726901   -0.0002535057 -0.01059041
0.9976748  0.0673379   -0.0002748748 -0.01051339
0.9976873  0.06713855   -0.0002914213 -0.01060194
0.9976795  0.06724903   -0.00028715 -0.01063939
0.9976686  0.06740759   -0.0002866694 -0.01065841
0.9976503  0.06767806   -0.0002996409 -0.01065459
0.9976472  0.06771202   -0.0003000256 -0.01073442
0.9976612  0.06751805   -0.0002968627 -0.01064569
0.997648  0.06770439   -0.000294899 -0.01070058
0.9976506  0.06765722   -0.0003024031 -0.01075866
0.9976429  0.06776857   -0.0003019149 -0.01076851
0.9976479  0.06767523   -0.0003218206 -0.01088874
0.997644  0.06775159   -0.0003236805 -0.01078093
0.9976475  0.06769367   -0.0003071069 -0.01081523
0.99766  0.06751718   -0.0003218002 -0.01076584
0.9976459  0.06774683   -0.0002985786 -0.01063271
0.9976535  0.06764046   -0.0002917527 -0.0105892
0.9976723  0.06738624   -0.0002846235 -0.01044345
0.997675  0.06734861   -0.0002797142 -0.01042851
0.9976704  0.06739458   -0.0002991298 -0.01057661
0.9976616  0.06752161   -0.0003031022 -0.0105921
0.9976648  0.06746981   -0.0002987022 -0.01061815
0.9976608  0.06753148   -0.0003063235 -0.01060709
0.9976568  0.06757486   -0.0003218066 -0.01069144
0.9976472  0.06771615   -0.0003290055 -0.01070452
0.9976403  0.06783709   -0.0003232486 -0.01057934
0.997645  0.06778807   -0.0003156496 -0.01045021
0.9976421  0.06782097   -0.0003148412 -0.01050976
0.9976383  0.06786445   -0.0003189839 -0.01058731
0.997628  0.06803076   -0.0003207811 -0.01049823
0.9976368  0.06789971   -0.0003292717 -0.01049969
0.9976258  0.06806946   -0.0003233243 -0.01045248
0.9976289  0.06800793   -0.0003330069 -0.01055078
0.9976443  0.06777903   -0.0003460377 -0.01057345
0.9976407  0.06783201   -0.00034668 -0.0105765
0.9976451  0.06775646   -0.0003458752 -0.01064442
0.997634  0.06792615   -0.0003377031 -0.0106033
0.997626  0.06804819   -0.0003119032 -0.01057266
0.997631  0.06794586   -0.0003353631 -0.0107556
0.9976196  0.06810523   -0.0003296488 -0.01080905
0.997636  0.06785179   -0.0003305514 -0.01088371
0.997641  0.06778229   -0.000333894 -0.01086285
0.9976498  0.06762253   -0.0003333541 -0.01104063
0.9976388  0.06777985   -0.0003324147 -0.01107138
0.9976425  0.06770951   -0.0003285951 -0.01116917
0.9976546  0.06753412   -0.0003090866 -0.01116002
0.9976624  0.06740845   -0.0003192226 -0.01120855
0.9976544  0.06752545   -0.0003109193 -0.01122173
0.9976426  0.06770089   -0.0003125093 -0.01120818
0.9976401  0.06774617   -0.0003036897 -0.01115765
0.9976461  0.06765959   -0.0003146416 -0.01115192
0.9976503  0.06761435   -0.0003191853 -0.01104977
0.9976658  0.06737134   -0.0003270984 -0.01113518
0.9976603  0.0674631   -0.0003164515 -0.01107045
0.997677  0.06722511   -0.0003162639 -0.01101384
0.997678  0.06720991   -0.0003045987 -0.0110246
0.9976749  0.06724875   -0.0002947938 -0.01105585
0.9976679  0.06734608   -0.0002998451 -0.0111032
0.9976488  0.06765366   -0.0002805727 -0.01094093
0.9976392  0.06779809   -0.0002721967 -0.01092353
0.9976489  0.06765791   -0.0002760843 -0.01090983
0.9976429  0.06773978   -0.0002900047 -0.01095233
0.9976478  0.06767   -0.0002998758 -0.0109373
0.9976486  0.06765093   -0.0002953469 -0.01097998
0.9976454  0.0676958   -0.0002781117 -0.0109909
0.9976517  0.06759299   -0.0002867058 -0.01105418
0.9976484  0.06763391   -0.0002828333 -0.01110059
0.9976435  0.06769933   -0.0002826965 -0.01114246
0.9976464  0.06766845   -0.0002999861 -0.01107485
0.9976504  0.06760412   -0.0003030399 -0.01110696
0.9976472  0.06765144   -0.0003069928 -0.01110688
0.997634  0.06784033   -0.0003081366 -0.01113821
0.9976485  0.06762656   -0.0003167911 -0.01113788
0.9976474  0.06762587   -0.0003323899 -0.0112415
0.9976459  0.06762943   -0.0003346476 -0.01135808
0.9976318  0.06782819   -0.000334878 -0.01139427
0.9976366  0.06776893   -0.0003392324 -0.01134536
0.9976467  0.06762216   -0.0003207233 -0.01131644
0.9976426  0.06769618   -0.000314011 -0.01125049
0.9976593  0.06746205   -0.0003163677 -0.01116601
0.9976484  0.06762174   -0.0003249432 -0.01117484
0.9976526  0.06754462   -0.0003299407 -0.01126531
0.9976551  0.06752692   -0.000321777 -0.01115356
0.9976718  0.06729393   -0.0003045617 -0.01105691
0.9976656  0.06738534   -0.0003066785 -0.01106689
0.997673  0.06729156   -0.0003223524 -0.01097001
0.9976727  0.06730183   -0.0003150032 -0.010937
0.9976859  0.06708007   -0.0003409768 -0.01108416
0.9976848  0.06708521   -0.0003460162 -0.01116653
0.9976812  0.06711607   -0.0003628874 -0.0112879
0.997691  0.06699985   -0.0003416951 -0.01111704
0.9976813  0.06717304   -0.0003262438 -0.01094706
0.9976686  0.06733914   -0.000333484 -0.01107941
0.9976712  0.06726485   -0.0003600134 -0.01128546
0.9976754  0.06718677   -0.0003657673 -0.01138365
0.9976844  0.06708833   -0.000359444 -0.01117985
0.9976709  0.06727373   -0.0003635539 -0.0112608
0.997683  0.06708645   -0.000357203 -0.0113162
0.9976823  0.06709803   -0.000349451 -0.01130384
0.9976629  0.06739103   -0.0003383161 -0.01126926
0.9976561  0.06750931   -0.0003254671 -0.01116413
0.9976441  0.0676889   -0.000322862 -0.01115657
0.9976541  0.06752935   -0.000339184 -0.01122681
0.9976527  0.06754657   -0.000349369 -0.01124293
0.997647  0.06762578   -0.0003618785 -0.01127365
0.9976529  0.0675599   -0.0003419885 -0.01114931
0.9976604  0.06746777   -0.0003501029 -0.0110352
0.9976571  0.06751415   -0.0003496112 -0.01105442
0.9976568  0.06750154   -0.0003593174 -0.0111507
0.9976668  0.06735068   -0.0003601777 -0.01116612
0.9976921  0.06698951   -0.0003724567 -0.01107386
0.9977047  0.06679825   -0.0003800679 -0.01109225
0.9977077  0.06674663   -0.0003674593 -0.01114048
0.9976906  0.0669842   -0.0003703661 -0.01124616
0.9976821  0.06710503   -0.0003701598 -0.01128406
0.9976671  0.06732381   -0.0003627642 -0.01129965
0.9976633  0.06738609   -0.0003692497 -0.01126687
0.9976673  0.06734362   -0.0003638295 -0.01117546
0.9976709  0.06727931   -0.0003734578 -0.01122859
0.9976828  0.0671258   -0.0003598898 -0.01109721
0.9976739  0.06725539   -0.0003470507 -0.01111096
0.9976661  0.06736536   -0.0003527244 -0.01114142
0.997683  0.06710955   -0.0003565821 -0.01117682
0.9976856  0.0670845   -0.0003538708 -0.0110851
0.99768  0.06714589   -0.0003495852 -0.01121826
0.9976798  0.06716438   -0.0003330874 -0.01113273
0.9976651  0.06739753   -0.0003340968 -0.01103601
0.9976554  0.06754025   -0.000328471 -0.01104332
0.9976506  0.0676011   -0.0003202269 -0.01110301
0.9976383  0.06778241   -0.00029042 -0.01109983
0.9976411  0.06773378   -0.0002945155 -0.01115498
0.9976539  0.06753683   -0.0002930595 -0.01119423
0.9976646  0.06737502   -0.0002797555 -0.01122212
0.9976716  0.0672739   -0.0002628472 -0.01120321
0.997658  0.06749783   -0.000250029 -0.01107115
0.9976518  0.06758469   -0.0002527366 -0.01109823
0.9976508  0.06759126   -0.0002610799 -0.01114751
0.9976507  0.06758529   -0.0002370332 -0.01119155
0.9976477  0.0676386   -0.0002321303 -0.0111398
0.9976389  0.06776309   -0.0002433219 -0.01117431
0.9976296  0.06788564   -0.0002526215 -0.01125307
0.9976273  0.06792325   -0.000246026 -0.01123585
0.9976229  0.06798343   -0.000251025 -0.01125522
0.9976288  0.06787065   -0.0002724268 -0.01141444
0.9976404  0.06769963   -0.0002655969 -0.01141517
0.9976378  0.0677481   -0.0002589095 -0.01135625
0.9976302  0.06788395   -0.0002309697 -0.01121106
0.9976394  0.06774561   -0.000242215 -0.01123825
0.9976371  0.06778931   -0.0002302991 -0.01116671
0.9976342  0.06783108   -0.0002259621 -0.01117629
0.9976236  0.06799178   -0.0002206652 -0.01114201
0.997618  0.06807032   -0.0002260927 -0.01116889
0.9976054  0.068257   -0.0002324137 -0.0111492
0.9976026  0.06828819   -0.0002297063 -0.01120709
0.9976137  0.06814056   -0.0002291701 -0.01112187
0.9976094  0.0681897   -0.000242468 -0.01121169
0.9976112  0.06816333   -0.0002456603 -0.01120983
0.9976267  0.06793699   -0.0002569163 -0.01119436
0.9976187  0.06803776   -0.0002632828 -0.01131097
0.9976122  0.06813285   -0.0002635211 -0.01129645
0.997613  0.06812453   -0.0002698032 -0.01127898
0.997608  0.06819779   -0.0002584796 -0.0112882
0.99762  0.06802709   -0.0002578011 -0.01124933
0.9976211  0.0680154   -0.0002806169 -0.01123293
0.9976214  0.06802303   -0.0002804595 -0.0111591
0.9976306  0.06789716   -0.0002824996 -0.01109907
0.9976283  0.06791502   -0.0002840802 -0.01119334
0.9976278  0.0679483   -0.0002741423 -0.01103098
0.9976107  0.06818096   -0.0002771024 -0.01114001
0.9976152  0.0681412   -0.0002512501 -0.01098279
0.9976327  0.0679028   -0.0002355207 -0.01087658
0.9976296  0.06794919   -0.0002294074 -0.0108554
0.9976324  0.06789573   -0.0002400472 -0.01094263
0.9976334  0.06787764   -0.0002307167 -0.01095719
0.9976411  0.06777259   -0.0002176181 -0.01091465
0.9976454  0.06772741   -0.0002038025 -0.01079719
0.9976412  0.06780616   -0.0002010705 -0.01068931
0.9976408  0.06780089   -0.0002161048 -0.01075851
0.9976397  0.06783155   -0.000208665 -0.01067443
0.9976266  0.06801598   -0.0002142048 -0.01072275
0.9976336  0.06791381   -0.0001997098 -0.01072407
0.9976299  0.0679837   -0.0001829992 -0.01061954
0.9976343  0.06793156   -0.0001835107 -0.01054392
0.9976285  0.06800107   -0.0001605333 -0.01064363
0.9976167  0.06818352   -0.0001842452 -0.01058279
0.9976299  0.06798876   -0.0001880398 -0.01057737
0.9976453  0.06774466   -0.0002057903 -0.0107109
0.9976351  0.06788408   -0.0002229054 -0.01076876
0.9976473  0.06769367   -0.0002272999 -0.01083423
0.9976436  0.06774562   -0.0002159008 -0.01085085
0.9976631  0.06745411   -0.0002319777 -0.01087734
0.9976764  0.06726072   -0.0002315953 -0.01085043
0.9976758  0.06727228   -0.0002360742 -0.01083288
0.9976901  0.06708179   -0.0002279544 -0.01069001
0.9976716  0.06733865   -0.0002322907 -0.01080718
0.9976688  0.06736476   -0.0002373014 -0.01091134
0.99767  0.06734643   -0.0002477066 -0.01090361
0.9976649  0.0674377   -0.0002352711 -0.01081902
0.9976635  0.06748086   -0.000218602 -0.01066407
0.9976633  0.06748189   -0.0002281397 -0.01068353
0.9976664  0.06741364   -0.0002300889 -0.01081638
0.9976642  0.06743214   -0.000241489 -0.01091264
0.9976772  0.06721555   -0.0002600865 -0.01105438
0.9976868  0.06704766   -0.0002707986 -0.01120639
0.9976899  0.06700359   -0.0002708848 -0.01119445
0.9976851  0.06708317   -0.0002756449 -0.01114374
0.9976818  0.06715453   -0.0002840753 -0.01101462
0.9976823  0.06713792   -0.0002882807 -0.01106667
0.9976792  0.06716012   -0.0002848466 -0.01121476
0.9976766  0.06722484   -0.0002820046 -0.01104708
0.99767  0.06733654   -0.0002915934 -0.01097544
0.9976641  0.06743237   -0.000295925 -0.01091412
0.9976541  0.06760686   -0.0002770798 -0.01074487
0.9976387  0.06782034   -0.0002809735 -0.01083611
0.9976398  0.06776913   -0.0002998817 -0.01104336
0.9976485  0.06762701   -0.0003077742 -0.01113571
0.9976513  0.06759742   -0.0003009746 -0.01106001
0.997654  0.06757369   -0.0002842393 -0.01096813
0.9976581  0.06750491   -0.0002794111 -0.01101981
0.9976634  0.06741508   -0.0002892259 -0.01108924
0.9976608  0.06745704   -0.000283195 -0.01106864
0.997672  0.06728693   -0.0002787565 -0.01108808
0.9976688  0.06734613   -0.0002829234 -0.01101825
0.9976635  0.06742183   -0.0002832549 -0.01103845
0.9976683  0.06734319   -0.0002780721 -0.01108341
0.9976854  0.06711453   -0.0002856112 -0.01092373
0.997681  0.06716489   -0.0003025885 -0.01102121
0.9976838  0.06710407   -0.0003126896 -0.01113597
0.9976991  0.06685742   -0.0003221717 -0.01124605
0.9976978  0.06688648   -0.0003235453 -0.01118674
0.99769  0.06700005   -0.000328323 -0.01120128
0.9976934  0.06696235   -0.0003029896 -0.01113019
0.9976861  0.06703783   -0.000313711 -0.01132854
0.9976924  0.06694947   -0.0003287641 -0.01129221
0.9976912  0.06696852   -0.0003377971 -0.01128971
0.9976885  0.06701919   -0.0003207262 -0.01122394
0.9976947  0.06693006   -0.0003154507 -0.0112104
0.9977027  0.06680668   -0.0003133347 -0.01123643
0.9976995  0.0668449   -0.0003094173 -0.01128763
0.9976841  0.06703031   -0.0003187465 -0.01154728
0.9976768  0.06714222   -0.0003120971 -0.01152277
0.9976714  0.06724093   -0.0003090035 -0.01141811
0.9976658  0.06734512   -0.0002935647 -0.01129009
0.9976642  0.06736302   -0.0002975023 -0.01133106
0.997667  0.06733924   -0.0002995913 -0.0112186
0.9976755  0.06721097   -0.0003096702 -0.01123582
0.9976843  0.06706059   -0.0003184495 -0.01134927
0.9976851  0.0670374   -0.000311931 -0.01141753
0.9976787  0.06713354   -0.0003195659 -0.01140924
0.9976639  0.06737178   -0.0003139284 -0.01130644
0.9976525  0.06754974   -0.0002981084 -0.011251
0.9976545  0.06752528   -0.0002901093 -0.01121864
0.9976557  0.06751548   -0.0002917004 -0.01116366
0.9976589  0.06746461   -0.0002967327 -0.01118813
0.9976636  0.06741345   -0.0002843508 -0.01108114
0.9976625  0.06744663   -0.0002713498 -0.01097006
0.9976701  0.06735557   -0.0002658838 -0.01084348
0.9976726  0.06731836   -0.0002677023 -0.01084804
0.9976839  0.06714113   -0.0002686635 -0.01089732
0.9976686  0.06737173   -0.0002619544 -0.01089008
0.9976746  0.06728531   -0.0002710415 -0.01086041
0.9976704  0.0673659   -0.0002729817 -0.01075379
0.9976639  0.06744754   -0.0002875706 -0.01083297
0.9976564  0.06755388   -0.000295071 -0.0108716
0.9976515  0.0675946   -0.0002946631 -0.0110649
0.9976551  0.06753728   -0.0002859181 -0.01109065
0.9976606  0.06749442   -0.0002728556 -0.01085795
0.997655  0.0676   -0.0002687598 -0.01070553
0.997654  0.06761722   -0.0002624866 -0.01070189
0.9976682  0.06741025   -0.0002572397 -0.01066892
0.9976754  0.0673001   -0.0002718044 -0.01070826
0.9976743  0.06730098   -0.0002812599 -0.0107942
0.9976745  0.06728001   -0.0003049546 -0.01090306
0.9976784  0.0672228   -0.0002976253 -0.0109053
0.9976791  0.06720676   -0.0003092425 -0.01093
0.9976876  0.06706566   -0.0003106653 -0.01102006
0.9976965  0.06692357   -0.0003083798 -0.01108749
0.9976896  0.06700747   -0.0003283771 -0.01119987
0.9976892  0.06700399   -0.0003465158 -0.01125227
0.9977032  0.06680668   -0.0003547022 -0.01117953
0.9977164  0.0666102   -0.0003559481 -0.01117532
0.997718  0.06657515   -0.0003662705 -0.01123907
0.9977111  0.06667437   -0.0003619866 -0.01127222
0.9977109  0.06665597   -0.0003702692 -0.01139782
0.9977055  0.06673106   -0.0003692668 -0.01142712
0.9977151  0.06660305   -0.000369286 -0.01133845
0.997718  0.06658281   -0.0003702527 -0.01119072
0.9977224  0.06650023   -0.0003825335 -0.01129885
0.9977236  0.06649129   -0.0003743714 -0.01124132
0.9977251  0.06644858   -0.0003804208 -0.01135629
0.9977271  0.06642333   -0.0003798274 -0.01133204
0.9977219  0.06651937   -0.0003625476 -0.01123147
0.9977131  0.06666181   -0.0003557211 -0.01116679
0.9977193  0.0665665   -0.00036752 -0.01117578
0.9977008  0.06685548   -0.0003627817 -0.01110021
0.9977048  0.06679779   -0.0003794201 -0.01109652
0.9976889  0.06701819   -0.0004030665 -0.01118966
0.9976799  0.06715459   -0.0003952835 -0.0111854
0.9976754  0.0672038   -0.0004050821 -0.01128317
0.997674  0.06723587   -0.0004063234 -0.01121563
0.9976697  0.06733127   -0.0003957085 -0.01102697
0.9976736  0.06727146   -0.0003937373 -0.01104045
0.9976704  0.06732372   -0.0003834583 -0.01100624
0.9976647  0.06740998   -0.0003912068 -0.01099228
0.9976561  0.06753906   -0.0004009641 -0.01098669
0.9976613  0.06745937   -0.000395815 -0.0109963
0.9976738  0.06728505   -0.0003997292 -0.01093113
0.9976702  0.06733532   -0.0003943035 -0.01095611
0.9976684  0.06736711   -0.0003863825 -0.01092531
0.9976448  0.06770775   -0.0003838609 -0.01096941
0.9976395  0.06776174   -0.0003940508 -0.01112768
0.9976377  0.06779923   -0.0003987121 -0.0110569
0.9976246  0.06800075   -0.0003909213 -0.01099232
0.9976369  0.06781067   -0.0004069027 -0.01106324
0.997641  0.06773164   -0.0004098843 -0.01116606
0.9976491  0.06761294   -0.0004027797 -0.01116499
0.997652  0.06756656   -0.0004057052 -0.01118751
0.9976528  0.06754079   -0.0004131797 -0.01126633
0.9976526  0.06754315   -0.0004117282 -0.01126595
0.9976541  0.06753262   -0.0004059237 -0.01119916
0.9976574  0.06749195   -0.0003994918 -0.01115718
0.9976527  0.06759516   -0.0003783724 -0.01094847
0.9976568  0.06753697   -0.0003841423 -0.01093866
0.9976451  0.06769027   -0.0003929965 -0.01105469
0.9976383  0.06777033   -0.0003983713 -0.01117111
0.9976307  0.06789328   -0.000385245 -0.01110545
0.9976225  0.06803416   -0.0003648218 -0.01097957
0.9976262  0.06798644   -0.0003667189 -0.01094446
0.9976293  0.06794316   -0.0003711352 -0.01092407
0.9976382  0.06779687   -0.0003789232 -0.01102136
0.9976481  0.06764545   -0.0003618658 -0.01105602
0.9976577  0.06751014   -0.0003476824 -0.01102585
0.997656  0.06749648   -0.0003510961 -0.01124912
0.9976546  0.06751545   -0.0003341757 -0.01127309
0.9976594  0.06744262   -0.0003327002 -0.01127218
0.9976745  0.06722318   -0.0003073311 -0.01124508
0.9976779  0.06718024   -0.0003159933 -0.01120729
0.9976747  0.0672234   -0.0003074226 -0.01122887
0.9976667  0.06735326   -0.0002973604 -0.01116498
0.9976758  0.06721061   -0.0003053522 -0.01120741
0.9976723  0.06727228   -0.0003058968 -0.01115212
0.9976545  0.06754332   -0.0002932479 -0.01109973
0.9976628  0.06741902   -0.000306363 -0.01111805
0.9976594  0.06747209   -0.0002957983 -0.01109582
0.9976531  0.06756576   -0.0002980971 -0.01109487
0.9976469  0.06764185   -0.0002994287 -0.01118861
0.9976473  0.06763601   -0.0003017242 -0.01118196
0.9976335  0.06783849   -0.0002884004 -0.01119547
0.9976398  0.06773748   -0.0003074988 -0.01124365
0.9976383  0.06775126   -0.0003232024 -0.01129451
0.9976335  0.06780887   -0.0003421097 -0.0113769
0.9976379  0.06774946   -0.0003178004 -0.01134263
0.9976282  0.0678912   -0.000300627 -0.01134984
0.9976189  0.06804081   -0.0002822206 -0.01126438
0.9976156  0.0681079   -0.0002701551 -0.01116129
0.9976126  0.06815478   -0.000249648 -0.0111302
0.9976123  0.06814257   -0.0002504965 -0.01124025
0.9976102  0.06816097   -0.000247004 -0.01130422
0.9976167  0.06807626   -0.0002233106 -0.01125026
0.9976233  0.06800859   -0.0002182638 -0.01107642
0.9976242  0.06800488   -0.0002175053 -0.01101837
0.997623  0.06802021   -0.0002168523 -0.01103011
0.9976206  0.06803768   -0.0002139961 -0.01113474
0.9976302  0.06788019   -0.0002175019 -0.01123541
0.9976321  0.06783974   -0.0002262306 -0.011307
0.9976382  0.06776797   -0.000226058 -0.01120358
0.9976394  0.06776553   -0.0002199535 -0.0111127
0.9976382  0.06778258   -0.0002191484 -0.01111363
0.9976266  0.06795592   -0.0002148559 -0.01109603
0.9976155  0.06811235   -0.0002188375 -0.01113737
0.9976271  0.06794743   -0.0002174997 -0.01110246
0.9976234  0.067999   -0.0002291573 -0.01111913
0.9976297  0.06788994   -0.000231335 -0.01121722
0.9976395  0.06774294   -0.0002479987 -0.01123257
0.9976451  0.06765521   -0.000249627 -0.01126791
0.9976485  0.06762292   -0.0002265721 -0.0111557
0.9976435  0.06769613   -0.0002243861 -0.01115969
0.9976489  0.06759906   -0.0002447691 -0.01127009
0.9976473  0.06759952   -0.0002533378 -0.01141198
0.997653  0.06753804   -0.0002435865 -0.01126596
0.9976568  0.06749234   -0.0002606074 -0.01120938
0.9976549  0.06754544   -0.0002534033 -0.01105428
0.9976614  0.06744932   -0.0002593139 -0.01105779
0.9976611  0.0674466   -0.000266559 -0.01110351
0.9976593  0.06744996   -0.0002805273 -0.01124267
0.9976565  0.0675026   -0.00027336 -0.01117319
0.9976591  0.06747291   -0.0002684565 -0.01112003
0.9976699  0.06729505   -0.0002756343 -0.01122096
0.997665  0.06736194   -0.0002678283 -0.01126899
0.9976676  0.06731022   -0.0002736704 -0.01134275
0.9976665  0.06730937   -0.0002852516 -0.01143709
0.9976808  0.06711742   -0.0002859219 -0.01132492
0.9976777  0.06715698   -0.0002901515 -0.01135776
0.9976876  0.06701604   -0.0002977208 -0.01132411
0.9976997  0.06683983   -0.0002993784 -0.01129904
0.997701  0.06683017   -0.0002997633 -0.01124684
0.9977128  0.06664639   -0.0003055732 -0.01128267
0.9977136  0.06664309   -0.0003027574 -0.01123412
0.9977059  0.06675106   -0.0003047763 -0.01128033
0.9976975  0.06689411   -0.0002957932 -0.01116982
0.9976863  0.0670656   -0.0002965233 -0.0111407
0.9976865  0.06705804   -0.0002918449 -0.01116916
0.9976957  0.06692287   -0.0002980735 -0.01116191
0.9976972  0.06691123   -0.0002920847 -0.01109496
0.9976894  0.06703989   -0.000270239 -0.01101231
0.9976954  0.06697829   -0.0002636748 -0.01085888
0.9977017  0.06687016   -0.0002644312 -0.0109359
0.9976907  0.0670342   -0.0002786882 -0.01093841
0.9977013  0.06687949   -0.0002654467 -0.0109135
0.9977019  0.06686276   -0.0002760539 -0.01095867
0.9977011  0.06685241   -0.0002945549 -0.01109603
0.9976949  0.0669418   -0.0002802656 -0.01111778
0.9977072  0.0667565   -0.0002659356 -0.01113391
0.9976898  0.06701935   -0.0002495078 -0.01110213
0.9976963  0.06694126   -0.0002412302 -0.01100337
0.9976806  0.06717155   -0.0002288887 -0.01101431
0.9976841  0.06714226   -0.000218635 -0.01087961
0.9976918  0.06703044   -0.0002142146 -0.01085792
0.9976853  0.06710926   -0.0002073777 -0.01097358
0.9976987  0.06692146   -0.0001885367 -0.01090131
0.9976922  0.06698972   -0.000180593 -0.01107054
0.9976867  0.06708377   -0.000174565 -0.01099402
0.9976672  0.06736471   -0.0001756758 -0.01105607
0.9976747  0.06723949   -0.0001731152 -0.01113939
0.9976786  0.06715776   -0.0001973713 -0.0112836
0.9976827  0.06710572   -0.0001974085 -0.01122824
0.9976922  0.06697954   -0.0001923418 -0.01113832
0.9976884  0.06704117   -0.0001884849 -0.01110831
0.9976864  0.06706752   -0.0001958192 -0.0111179
0.9976839  0.0670935   -0.0002044367 -0.01119602
0.9976849  0.06707734   -0.0002210464 -0.01119522
0.9976916  0.06698308   -0.0002242208 -0.01117412
0.9977003  0.06686687   -0.0002358318 -0.01107863
0.9977002  0.06685968   -0.0002490473 -0.01113412
0.9976872  0.06703121   -0.000237728 -0.01127058
0.9976905  0.06699017   -0.0002295545 -0.01122375
0.9976981  0.06687081   -0.0002322585 -0.01126124
0.9976951  0.06692448   -0.0002272291 -0.01120539
0.9976921  0.06696133   -0.0002292106 -0.01125295
0.9976683  0.06732407   -0.0002214463 -0.01119423
0.9976696  0.06730201   -0.0002170864 -0.01121078
0.9976746  0.06725993   -0.0001838946 -0.01101918
0.9976674  0.0673757   -0.0001849947 -0.01096491
0.9976677  0.06735388   -0.0001621614 -0.01107559
0.9976561  0.06752744   -0.000147988 -0.01106427
0.9976579  0.06749971   -0.0001345882 -0.01106339
0.9976441  0.06768752   -0.0001242059 -0.01116746
0.9976373  0.06778132   -0.0001247771 -0.01120313
0.9976401  0.06772161   -0.0001366505 -0.01131087
0.9976214  0.06799924   -0.0001427167 -0.01130279
0.997637  0.06778344   -0.0001430747 -0.01121525
0.9976364  0.06781001   -0.0001349088 -0.01111299
0.9976439  0.06771434   -0.0001246805 -0.01102391
0.9976442  0.06769481   -0.0001281405 -0.01111181
0.9976361  0.06783339   -0.0001046562 -0.0109843
0.9976311  0.06789938   -0.0001114603 -0.01104309
0.9976376  0.06778717   -0.000116323 -0.01114139
0.9976411  0.06773414   -0.0001279812 -0.01114636
0.9976543  0.06753375   -0.000126431 -0.01118372
0.9976555  0.06751297   -0.0001259146 -0.01120392
0.9976583  0.06749564   -0.0001154618 -0.01105838
0.99766  0.06747014   -0.0001016954 -0.01106508
0.9976558  0.06753428   -9.964548E-05 -0.01104834
0.9976645  0.06739451   -0.0001062435 -0.01112232
0.9976556  0.0675142   -0.0001094874 -0.01118603
0.9976618  0.0674255   -0.0001272506 -0.01115987
0.997664  0.06739856   -0.0001228142 -0.01114262
0.9976549  0.06749625   -0.0001234355 -0.01135034
0.9976554  0.06748769   -0.0001284845 -0.01136791
0.9976513  0.06755127   -0.0001085449 -0.01133709
0.9976412  0.06772146   -9.528675E-05 -0.0112172
0.9976536  0.06755487   -8.05083E-05 -0.01112167
0.9976535  0.06752745   -7.945563E-05 -0.01128542
0.9976549  0.06752893   -7.272673E-05 -0.01116623
0.9976763  0.06719968   -7.481989E-05 -0.01123605
0.9976706  0.06730763   -7.595657E-05 -0.01109587
0.9976605  0.06746483   -6.094623E-05 -0.01104826
0.9976659  0.06738277   -7.322588E-05 -0.01106319
0.9976599  0.06745204   -6.472135E-05 -0.0111864
0.9976738  0.06725207   -6.322397E-05 -0.0111376
0.9976727  0.06727491   -5.880318E-05 -0.01109823
0.9976643  0.06741692   -6.004045E-05 -0.01099335
0.9976566  0.06752768   -7.849469E-05 -0.01101747
0.9976508  0.06758723   -7.879858E-05 -0.01117831
0.9976568  0.06750684   -5.897495E-05 -0.01112342
0.9976526  0.067565   -5.73147E-05 -0.01115571
0.9976406  0.06776284   -5.475948E-05 -0.01102237
0.9976518  0.06761553   -4.817636E-05 -0.01091343
0.9976481  0.06765243   -6.15497E-05 -0.01102233
0.9976417  0.06774582   -8.132527E-05 -0.01102404
0.9976309  0.06791178   -7.275695E-05 -0.01098078
0.9976251  0.0680031   -5.332096E-05 -0.01094563
0.9976057  0.06829605   -5.547887E-05 -0.01087729
0.9976059  0.06825931   -6.71564E-05 -0.01109213
0.9976125  0.06819378   -5.958202E-05 -0.01090003
0.997606  0.06828491   -6.609799E-05 -0.01093022
0.9975977  0.06841543   -6.072597E-05 -0.0108736
0.9975884  0.0685503   -5.247804E-05 -0.0108689
0.9975959  0.06843147   -4.440709E-05 -0.0109314
0.9975997  0.06834892   -4.658251E-05 -0.0111032
0.9976032  0.0683   -4.088167E-05 -0.01109016
0.9976131  0.06815892   -3.530392E-05 -0.01106423
0.997619  0.06806433   -3.980185E-05 -0.01111774
0.9976278  0.06793448   -5.403258E-05 -0.01111945
0.9976363  0.06780475   -5.67624E-05 -0.01115522
0.9976333  0.06785762   -5.280535E-05 -0.01110158
0.9976456  0.0676759   -4.933097E-05 -0.01110146
0.9976361  0.06778929   -6.382044E-05 -0.01126229
0.9976501  0.06757205   -5.412007E-05 -0.01132671
0.9976657  0.06735577   -5.052851E-05 -0.01123864
0.9976596  0.06744926   -4.927764E-05 -0.01122455
0.9976634  0.06741206   -4.100273E-05 -0.01111132
0.997655  0.06753686   -2.230442E-05 -0.01110154
0.9976653  0.0673843   -2.358196E-05 -0.01110186
0.997664  0.06741139   -3.608193E-05 -0.01105624
0.9976606  0.06745949   -3.674386E-05 -0.01106985
0.9976603  0.06747897   -2.443259E-05 -0.01098436
0.9976453  0.06769577   -2.111784E-05 -0.01100188
0.9976367  0.06779499   -5.160923E-05 -0.01117849
0.9976295  0.06790123   -4.82731E-05 -0.01117465
0.9976191  0.06805224   -4.772948E-05 -0.01118377
0.9976128  0.0681396   -5.862496E-05 -0.01121641
0.9976255  0.06796054   -6.288908E-05 -0.01117323
0.9976301  0.06789345   -6.746732E-05 -0.01116545
0.9976306  0.06790345   -5.716526E-05 -0.01106105
0.9976261  0.06796303   -4.265139E-05 -0.01110034
0.9976312  0.06787049   -4.971518E-05 -0.0112097
0.997641  0.06772884   -5.097412E-05 -0.01119892
0.9976398  0.06775486   -3.605137E-05 -0.01114021
0.9976487  0.06764509   -2.412781E-05 -0.01101664
0.9976506  0.06759211   -1.833332E-05 -0.01116457
0.9976632  0.06740372   -1.9572E-05 -0.01117062
0.9976576  0.06748176   6.389211E-06 -0.01120923
0.9976514  0.06756312   9.635217E-06 -0.01126116
0.9976571  0.06746814   -1.03006E-05 -0.01134046
0.9976595  0.06742467   -1.808997E-05 -0.01137323
0.9976562  0.06748558   -8.498304E-06 -0.01131399
0.9976592  0.0674443   -7.748185E-06 -0.01128126
0.997659  0.0674613   -5.885135E-06 -0.01120432
0.9976557  0.0674873   -1.870009E-05 -0.01134424
0.9976583  0.0674808   5.318395E-06 -0.01114733
0.9976661  0.06736325   2.437784E-05 -0.01116152
0.9976814  0.06714591   1.556713E-05 -0.01110075
0.9976773  0.06718472   1.365639E-05 -0.01124186
0.9976671  0.06732652   2.43655E-06 -0.01129064
0.9976828  0.06710133   -6.451448E-06 -0.01125047
0.9976731  0.06725063   -5.881261E-06 -0.01121802
0.9976865  0.06705762   -5.366927E-06 -0.01117411
0.9976864  0.06705206   -1.251519E-06 -0.01121305
0.9976822  0.06711513   1.416473E-05 -0.01122073
0.9976717  0.06726769   1.072084E-05 -0.01123249
0.9976615  0.06741854   7.345164E-06 -0.01123412
0.9976606  0.06743886   1.583219E-05 -0.01118954
0.9976528  0.06756178   1.956077E-05 -0.01115949
0.9976611  0.06744479   2.674365E-05 -0.01111504
0.9976633  0.0674127   2.211422E-05 -0.01112247
0.9976747  0.0672344   2.708533E-06 -0.01116805
0.9976853  0.06705792   9.201564E-06 -0.01128945
0.9976866  0.06703801   1.036538E-05 -0.01128594
0.9976785  0.06716066   1.727424E-05 -0.01128002
0.9976834  0.06709756   6.692187E-06 -0.01121007
0.9976826  0.06712458   1.92978E-05 -0.01112289
0.9976683  0.0673288   1.730327E-05 -0.01117169
0.9976699  0.06729992   1.789625E-05 -0.01120404
0.9976634  0.06739534   1.914871E-05 -0.01120966
0.9976625  0.06740834   1.312644E-05 -0.01120981
0.9976456  0.067661   1.269397E-05 -0.01119716
0.9976406  0.06772252   1.336979E-05 -0.01127292
0.9976452  0.06765991   1.792111E-05 -0.01122849
0.9976389  0.06776339   3.82292E-05 -0.01117577
0.997647  0.0676368   3.770437E-05 -0.0112133
0.9976413  0.06773128   2.584067E-05 -0.01115015
0.9976333  0.06786781   5.135465E-05 -0.01104028
0.9976404  0.06776193   4.351877E-05 -0.01105103
0.997646  0.06766064   3.858033E-05 -0.01115274
0.9976525  0.06757554   4.830602E-05 -0.01109384
0.9976642  0.06742053   6.074493E-05 -0.01098862
0.9976844  0.06714208   8.067248E-05 -0.01084637
0.9976967  0.06696153   7.45576E-05 -0.01083614
0.9976864  0.06709618   7.953218E-05 -0.01095333
0.9976792  0.06719335   6.940169E-05 -0.01101619
0.9976634  0.0674267   7.187267E-05 -0.0110243
0.9976568  0.0675194   7.119354E-05 -0.01104543
0.9976485  0.06764167   8.108463E-05 -0.01105676
0.9976734  0.06728347   9.306737E-05 -0.01099082
0.9976796  0.06720921   0.0001008415 -0.01087323
0.9976739  0.06727382   9.666584E-05 -0.011006
0.9976731  0.06729206   9.087652E-05 -0.0109607
0.9976756  0.06726734   9.87443E-05 -0.01088591
0.9976787  0.0672172   8.643806E-05 -0.01091187
0.9976598  0.06749319   9.225951E-05 -0.01093744
0.9976507  0.06761794   9.554088E-05 -0.01099379
0.9976363  0.06783098   0.000109682 -0.01098738
0.9976386  0.06777956   0.0001125855 -0.01110343
0.9976389  0.06777462   0.0001286439 -0.01109718
0.9976317  0.06789277   0.0001310704 -0.01102555
0.9976459  0.06768517   0.0001283086 -0.01102117
0.997654  0.06756396   0.0001218286 -0.01102387
0.9976491  0.06763112   0.00010077 -0.01106147
0.9976547  0.06752283   9.618492E-05 -0.01121169
0.9976399  0.06774227   9.436561E-05 -0.01121048
0.9976496  0.06760474   8.42369E-05 -0.01117357
0.9976656  0.06737754   8.722093E-05 -0.01112686
0.9976611  0.06743422   8.669958E-05 -0.01117706
0.9976628  0.06740895   8.623008E-05 -0.01118635
0.9976562  0.0675144   9.114083E-05 -0.01112701
0.9976513  0.0675711   7.815228E-05 -0.01123013
0.9976632  0.06739268   7.406547E-05 -0.01124077
0.9976596  0.06747136   0.0001016582 -0.01109014
0.9976581  0.06747813   0.0001070169 -0.01118003
0.9976527  0.0675672   0.000111397 -0.01112768
0.9976456  0.06762852   0.000105892 -0.01137985
0.9976408  0.06770759   0.0001094289 -0.01133685
0.9976359  0.06778213   0.0001173724 -0.01131662
0.9976392  0.06773634   0.0001138619 -0.01131238
0.9976544  0.06750747   0.0001267979 -0.01132537
0.9976432  0.06768616   0.0001364909 -0.01124866
0.9976538  0.06754722   0.0001473921 -0.01114396
0.997654  0.06755541   0.000158862 -0.0110817
0.9976422  0.06774715   0.0001752033 -0.01097585
0.9976465  0.06767572   0.0001730286 -0.01102235
0.9976471  0.06768108   0.0001611937 -0.01093671
0.9976525  0.06758766   0.0001530894 -0.01101735
0.9976656  0.06740911   0.0001654904 -0.01091814
0.997673  0.06726646   0.0001442064 -0.01112951
0.9976737  0.06723481   0.0001520504 -0.01125134
0.9976678  0.06730888   0.0001505074 -0.01133917
0.9976725  0.06722811   0.000129768 -0.01140276
0.9976903  0.06695505   0.0001304661 -0.01144527
0.9976814  0.06706519   0.0001235656 -0.01157526
0.9976767  0.06714084   0.0001187992 -0.01154586
0.9976688  0.06727264   0.0001223431 -0.01145811
0.9976667  0.0673084   0.0001201472 -0.01143214
0.9976633  0.06735424   0.0001186609 -0.01146325
0.9976637  0.0673489   0.0001196424 -0.01145973
0.9976708  0.06726556   0.0001498971 -0.0113328
0.9976826  0.06709664   0.0001578852 -0.01128666
0.9976906  0.06698214   0.000147556 -0.01126514
0.9976861  0.06703388   0.0001372033 -0.0113524
0.9976842  0.06707122   0.0001486735 -0.01129818
0.99769  0.06701149   0.0001512968 -0.01113924
0.9976932  0.0669888   0.0001547296 -0.01099807
0.9977015  0.06686095   0.0001604344 -0.01100927
0.9976973  0.06691237   0.0001664279 -0.01108022
0.9976946  0.06695054   0.0001719766 -0.01109979
0.9977012  0.06687565   0.0001806543 -0.01094335
0.9976889  0.06704355   0.0001757493 -0.011038
0.9976953  0.06694739   0.0001635294 -0.01105508
0.9976869  0.06707714   0.0001744868 -0.0110215
0.997693  0.06697287   0.000169746 -0.01110096
0.9976873  0.06703798   0.0001656703 -0.01122237
0.9976835  0.06708991   0.0001658406 -0.01124747
0.9976809  0.06712759   0.0001759095 -0.01125718
0.9976694  0.06729834   0.0001796253 -0.01125662
0.9976838  0.0670815   0.0001682384 -0.01127271
0.9976748  0.06722016   0.0001727978 -0.01124534
0.9976768  0.06720329   0.0001894485 -0.011157
0.9976867  0.0670609   0.0002065548 -0.0111408
0.9976763  0.06723715   0.0002241847 -0.01100712
0.9976811  0.06717221   0.000224737 -0.01096241
0.9976833  0.06712044   0.0002219415 -0.01107684
0.9976885  0.06703889   0.0002190192 -0.01110616
0.9976857  0.06708025   0.0002273452 -0.01111142
0.9976865  0.06708296   0.000223965 -0.01102214
0.9976892  0.06704251   0.0002121375 -0.01102495
0.9976783  0.0671878   0.0002141139 -0.01112585
0.9976541  0.06754429   0.0002224234 -0.01113581
0.9976625  0.067438   0.000222932 -0.01103216
0.9976658  0.06737424   0.000231836 -0.01112023
0.9976828  0.06714338   0.0002246994 -0.01098253
0.9976929  0.06699733   0.0002422568 -0.01096462
0.9976866  0.06708101   0.0002309386 -0.01102442
0.997694  0.06698537   0.0002598161 -0.01094707
0.9976953  0.06696027   0.0002634827 -0.01096303
0.9976866  0.06708032   0.0002787232 -0.01103542
0.9976863  0.06709113   0.0002729332 -0.01098316
0.9976826  0.06717309   0.0002816069 -0.01081834
0.9976756  0.0672565   0.000265409 -0.01095171
0.9976745  0.06725171   0.0002413718 -0.01108064
0.9976793  0.06717164   0.000226532 -0.01112865
0.9976756  0.0672307   0.0002239161 -0.01111245
0.9976637  0.06739432   0.0002271533 -0.01118173
0.9976454  0.0676606   0.0002191605 -0.01120665
0.9976402  0.06774007   0.0002178948 -0.01119356
0.997637  0.06779954   0.0002402448 -0.01111765
0.9976454  0.06770484   0.0002521655 -0.01094021
0.9976444  0.06771776   0.0002506555 -0.01094607
0.9976493  0.06765863   0.0002669389 -0.01088007
0.9976447  0.06771384   0.0002638854 -0.0109477
0.997615  0.06816147   0.00028468 -0.01087408
0.9976034  0.0683377   0.0003065768 -0.01083412
0.9976037  0.06833035   0.0003010641 -0.01085342
0.9976014  0.06833787   0.0002899636 -0.01100865
0.9976034  0.06828596   0.0002855899 -0.01115457
0.9976116  0.06816156   0.0002838392 -0.01118213
0.9976292  0.0679139   0.0003065878 -0.01111029
0.9976313  0.06788439   0.0002843265 -0.01111619
0.997614  0.06813528   0.0002905774 -0.01113171
0.9976127  0.06815437   0.0002919367 -0.01112856
0.9976218  0.0680222   0.0002851457 -0.01111952
0.9976168  0.06806083   0.0002730369 -0.0113309
0.9976307  0.06786207   0.0002761485 -0.01130607
0.997628  0.0679135   0.0002760376 -0.01122737
0.9976411  0.06771562   0.0002789776 -0.01126396
0.9976359  0.06777525   0.0002757557 -0.01135615
0.9976317  0.0678259   0.0002747408 -0.01142134
0.997626  0.06790952   0.0002713082 -0.01142706
0.99764  0.06770437   0.0002800475 -0.0114259
0.9976475  0.06761672   0.0002846768 -0.01128396
0.9976677  0.06732567   0.000291821 -0.01123222
0.9976575  0.0674858   0.0003083073 -0.01117948
0.9976483  0.06762277   0.0002941466 -0.01118015
0.9976436  0.06768509   0.000291549 -0.01122115
0.9976391  0.0677435   0.0003123559 -0.01126513
0.9976286  0.06789588   0.0003149596 -0.01128333
0.9976136  0.06809462   0.0003121727 -0.01141126
0.9976059  0.06822548   0.0003272208 -0.01129658
0.9975934  0.06839307   0.0003341381 -0.01138582
0.9975929  0.06839851   0.0003447865 -0.01140789
0.9976006  0.06828321   0.0003532447 -0.01141171
0.9976025  0.06825823   0.0003602522 -0.01140118
0.997613  0.06811155   0.0003593256 -0.01135844
0.997618  0.06804873   0.0003523962 -0.01129763
0.997609  0.06818762   0.0003603288 -0.01125993
0.99761  0.06815628   0.0003605484 -0.0113458
0.9976183  0.06804546   0.0003649825 -0.01129014
0.9976283  0.06789323   0.0003401189 -0.01131901
0.9976451  0.06763282   0.0003289575 -0.01139155
0.9976461  0.06761163   0.0003363692 -0.0114445
0.9976493  0.06756106   0.0003291437 -0.01145868
0.9976384  0.06772667   0.0003337958 -0.01142648
0.9976281  0.06788518   0.0003275776 -0.01138866
0.9976253  0.06792887   0.0003364743 -0.01137241
0.9976168  0.0680619   0.0003434349 -0.01132366
0.9976253  0.06794029   0.0003504626 -0.01130207
0.9976229  0.06797358   0.0003451288 -0.01132191
0.9976358  0.06778864   0.0003519011 -0.01128464
0.9976429  0.06769539   0.0003616035 -0.01121411
0.997644  0.06768581   0.0003488449 -0.01117873
0.9976575  0.06748985   0.0003552814 -0.01116418
0.9976651  0.06735971   0.0003406574 -0.01126781
0.9976741  0.06722222   0.0003267208 -0.01129243
0.9976689  0.06730022   0.0003372249 -0.01129003
0.9976675  0.06733561   0.0003395705 -0.01120001
0.9976618  0.06743366   0.0003401348 -0.0111185
0.9976578  0.06749775   0.0003447491 -0.01108156
0.9976543  0.06754731   0.0003459181 -0.01110383
0.9976483  0.06762323   0.0003437464 -0.01117611
0.9976604  0.0674326   0.000348938 -0.01124811
0.9976578  0.06747679   0.0003418012 -0.01121475
0.9976605  0.06745774   0.0003470236 -0.01108573
0.9976546  0.06753021   0.0003408876 -0.01117905
0.997658  0.06746691   0.0003398749 -0.011254
0.9976645  0.06738052   0.0003328919 -0.01119315
0.9976814  0.06712294   0.0003278816 -0.01124354
0.9976707  0.06729486   0.0003349019 -0.01115502
0.9976704  0.06728365   0.0003068563 -0.01125144
0.9976771  0.06718665   0.0003119943 -0.01124042
0.9976718  0.06726977   0.0003122208 -0.01121619
0.9976661  0.0673407   0.0003088104 -0.0112851
0.9976655  0.06734516   0.0003119473 -0.01131889
0.9976687  0.06727838   0.0003021855 -0.0114358
0.9976743  0.06719298   0.0002983081 -0.01143702
0.997669  0.06725776   0.0002830999 -0.01153385
0.9976739  0.06721339   0.0002905139 -0.01135322
0.9976841  0.06707335   0.0002995965 -0.01129407
0.9976824  0.06707535   0.0002855871 -0.01143796
0.9976956  0.06687789   0.0002746689 -0.01143212
0.997685  0.06703862   0.0003001525 -0.01141887
0.9976822  0.06705896   0.0002860021 -0.01154838
0.9976843  0.0670219   0.0002895175 -0.01157849
0.997685  0.06700775   0.0002823724 -0.01160515
0.9976776  0.06713073   0.0002903883 -0.01152788
0.9976751  0.06717864   0.0002969566 -0.01146654
0.9976825  0.0670875   0.0002974883 -0.01135535
0.9976863  0.06704762   0.0003045615 -0.01124818
0.9976884  0.06702525   0.000306979 -0.01120084
0.997687  0.06704614   0.0003144218 -0.01119644
0.9976866  0.06704078   0.0002955911 -0.01126765
0.9977004  0.06685571   0.0002990976 -0.01114597
0.9976993  0.06687862   0.0003093057 -0.01110942
0.9976947  0.06694258   0.0003028596 -0.01113502
0.9977044  0.06679187   0.0003053381 -0.01116896
0.9976962  0.06691772   0.0003160847 -0.01114681
0.9976862  0.06705972   0.0003221275 -0.01118162
0.9976804  0.067162   0.000330305 -0.01109063
0.9976775  0.06720281   0.0003337983 -0.0111004
0.9976701  0.06730986   0.0003497571 -0.0111159
0.9976748  0.06723658   0.000357747 -0.01113783
0.9976828  0.06713718   0.0003643525 -0.01102099
0.9976889  0.06706948   0.0003573616 -0.01087939
0.9976821  0.06714834   0.0003587683 -0.01102268
0.9976681  0.0673574   0.0003724326 -0.01100634
0.9976743  0.06726675   0.0003650506 -0.01100944
0.9976695  0.06732555   0.0003605253 -0.01107668
0.9976687  0.06734749   0.0003802549 -0.01101859
0.9976634  0.06741004   0.0003688128 -0.01111227
0.9976755  0.06723357   0.0003696521 -0.01109133
0.9976757  0.06722801   0.0003622107 -0.01111486
0.9976749  0.06723772   0.0003533536 -0.01112422
0.9976624  0.06742867   0.0003469625 -0.01109156
