-110.9247  112.9297   -2.890234
-110.9104  113.0637   -2.880664
-110.7907  113.0062   -2.890234
-110.8242  112.9488   -2.851953
-110.963  112.901   -2.832813
-110.9726  112.9775   -2.837598
-110.9343  112.6904   -2.837598
-110.8625  112.8244   -2.90459
-110.8673  112.8244   -2.880664
-110.9104  113.1594   -2.866309
-110.8625  112.9967   -2.909375
-110.9008  112.9105   -2.880664
-110.9917  112.8818   -2.808887
-110.896  112.8627   -2.966797
-110.7955  112.8914   -2.851953
-110.8147  112.7383   -2.866309
-110.9534  112.8627   -2.871094
-110.9917  112.9201   -2.837598
-110.9343  112.8914   -2.890234
-110.9199  112.8723   -2.918945
-110.9104  113.102   -2.761035
-110.9199  112.8723   -2.856738
-110.9008  112.9871   -2.952441
-110.896  112.7957   -2.713184
-110.9965  112.9775   -2.775391
-110.8147  112.8244   -2.784961
-110.8529  112.8244   -2.871094
-110.8099  112.968   -2.90459
-110.8577  112.9488   -2.76582
-110.896  112.9967   -2.89502
-111.0348  112.8914   -2.909375
-110.8721  112.8723   -3.033789
-110.8338  112.8627   -2.837598
-110.8912  112.9297   -2.92373
-110.8338  112.8914   -3.009863
-110.9008  112.8436   -2.818457
-111.0348  112.834   -2.794531
-110.8816  112.767   -2.918945
-110.7812  112.8148   -2.804101
-110.8769  113.0828   -2.942871
-110.9104  113.0062   -2.871094
-110.9726  112.834   -2.92373
-110.9486  112.9105   -2.837598
-110.9295  113.0445   -2.808887
-110.9056  112.8531   -2.74668
-110.963  113.0254   -2.732324
-110.8577  112.9967   -2.89502
-110.8721  112.9201   -2.851953
-110.9343  113.035   -2.933301
-110.9438  112.8531   -2.976367
-110.9391  112.8723   -2.823242
-110.829  112.8148   -2.818457
-110.9104  112.9201   -2.938086
-110.9726  112.8914   -2.866309
-110.9199  112.8053   -2.808887
-110.8434  112.968   -2.832813
-110.8721  113.0828   -2.952441
-110.8386  112.834   -2.981152
-110.7668  112.8818   -2.885449
-110.9104  112.8818   -2.938086
-110.8912  112.7383   -2.832813
-110.9151  112.7574   -2.885449
-110.8673  112.9105   -2.885449
-110.829  112.9201   -2.780176
-110.7955  113.1402   -2.885449
-110.9438  112.7766   -2.808887
-110.9343  112.8627   -2.92373
-110.896  112.7957   -2.885449
-110.9438  112.8148   -2.909375
-110.8625  112.9201   -2.890234
-110.8864  112.8914   -3.014648
-110.9534  112.901   -2.861523
-110.9534  112.9201   -2.808887
-110.9391  112.7957   -2.804101
-110.9151  112.9105   -2.890234
-110.8625  113.102   -3.005078
-110.7859  112.9871   -3.100781
-110.9438  112.8148   -2.789746
-110.9391  112.8244   -2.962012
-110.9438  112.9488   -2.799316
-110.8529  112.9105   -2.866309
-110.8147  112.8723   -2.837598
-110.9199  112.7478   -2.856738
-110.896  112.8531   -2.942871
-110.9486  112.8053   -2.890234
-110.9056  112.8148   -2.871094
-110.8816  112.7861   -2.966797
-110.8625  112.9393   -2.90459
-110.8912  112.8818   -2.842383
-110.8434  112.8914   -2.957227
-110.9869  112.7478   -2.985938
-110.9008  112.7957   -2.918945
-110.8816  112.901   -2.938086
-110.8434  112.7861   -2.784961
-110.8338  112.9584   -2.856738
-110.8099  112.9201   -2.909375
-110.9008  112.8818   -2.842383
-110.9008  112.9775   -3.009863
-110.9391  112.901   -2.732324
-110.8338  112.901   -2.808887
-110.762  112.8723   -2.957227
-110.7859  112.9967   -2.899805
-110.9056  112.9775   -2.780176
-110.963  112.8148   -2.861523
-110.8625  112.9393   -2.808887
-110.8769  113.1211   -2.837598
-110.8673  112.9871   -2.818457
-110.8481  112.9393   -2.780176
-110.8864  112.968   -2.813672
-110.9582  112.8914   -2.775391
-110.8481  112.6139   -2.909375
-110.7907  112.9967   -2.847168
-110.8194  112.968   -2.732324
-110.8147  113.0637   -2.871094
-110.9343  112.8723   -2.823242
-110.9391  112.8818   -2.804101
-110.8577  112.8053   -2.866309
-110.8099  112.8244   -2.938086
-110.896  112.9393   -2.717969
-110.8386  112.9967   -2.962012
-110.8242  112.9871   -2.92373
-110.8673  112.8436   -2.794531
-110.9199  112.8627   -2.732324
-110.9151  113.102   -2.89502
-110.7907  112.9393   -2.942871
-110.7907  112.8723   -2.789746
-110.9056  112.901   -2.995508
-110.8625  112.8436   -2.91416
-110.896  112.9393   -2.909375
-110.8529  112.968   -2.990723
-110.7764  112.8627   -2.890234
-110.8386  112.9488   -2.899805
-110.9104  112.9967   -2.732324
-111.0013  112.9488   -2.966797
-110.9343  112.8818   -2.808887
-110.9534  112.8053   -2.727539
-110.8242  112.8148   -2.722754
-110.9008  112.9775   -2.828027
-110.8912  112.9105   -2.813672
-110.9247  112.8627   -2.832813
-110.9151  112.7096   -2.722754
-110.829  112.8053   -2.76582
-110.8481  112.901   -2.856738
-110.8194  112.7957   -2.851953
-110.9008  112.9488   -2.823242
-110.8577  113.0445   -2.861523
-110.9247  112.8436   -2.823242
-110.9056  112.7   -2.837598
-110.829  112.9584   -2.899805
-110.7907  112.8818   -2.832813
-110.7812  112.9871   -2.813672
-110.8529  112.8818   -2.90459
-110.8769  112.8531   -2.880664
-110.8864  112.8914   -2.981152
-110.7668  112.9297   -2.837598
-110.8529  112.9871   -2.837598
-110.8625  113.0732   -2.890234
-110.8816  112.8818   -2.981152
-110.9869  112.8148   -2.92373
-110.9726  112.8053   -2.832813
-110.8912  112.8053   -2.780176
-110.8434  113.1307   -2.962012
-110.7524  112.8244   -2.832813
-110.9199  112.8053   -2.847168
-110.9821  112.9584   -2.866309
-110.8529  112.9393   -2.933301
-110.8434  113.0254   -2.832813
-110.8147  112.901   -2.91416
-110.8099  112.8627   -2.918945
-111.0013  112.9105   -2.952441
-110.9199  112.834   -2.847168
-110.9247  112.7957   -2.899805
-110.8529  112.8436   -2.842383
-110.8434  113.0254   -2.794531
-110.8434  112.9584   -2.851953
-110.9056  112.8914   -2.880664
-110.8864  112.767   -2.861523
-110.9151  112.6809   -2.938086
-110.8147  112.6904   -2.875879
-110.8912  112.901   -2.799316
-110.7955  112.901   -2.851953
-110.8003  112.9488   -2.813672
-110.9295  112.8244   -2.890234
-110.9008  112.6139   -2.828027
-110.8816  112.8148   -2.866309
-110.829  113.1115   -2.861523
-110.8338  112.9871   -2.780176
-110.8434  112.8436   -2.799316
-110.963  112.8818   -2.957227
-110.9151  113.0828   -2.832813
-110.8864  113.0445   -2.837598
-110.829  112.9297   -2.91416
-110.9821  112.9297   -2.918945
-110.9008  112.8531   -2.804101
-110.9343  112.8818   -2.871094
-110.9008  112.9201   -2.957227
-110.8673  112.8531   -2.804101
-110.9391  112.9297   -2.799316
-110.9391  112.8053   -2.75625
-110.8816  112.8053   -2.933301
-110.9438  112.7957   -2.813672
-110.9199  112.834   -2.780176
-110.8816  112.968   -2.899805
-110.9056  112.9297   -2.76582
-110.8003  112.8914   -2.933301
-110.8577  113.0254   -2.933301
-110.8529  112.8723   -2.880664
-110.9056  112.8148   -2.871094
-110.9391  113.0732   -2.789746
-110.7668  112.9584   -2.784961
-110.8912  113.0541   -2.871094
-110.8912  112.9967   -2.918945
-110.9965  112.7957   -3.043359
-111.0826  112.834   -2.804101
-110.7955  112.968   -2.842383
-110.762  112.9393   -2.775391
-110.6998  113.0062   -2.928516
-110.8434  113.035   -2.851953
-110.9438  113.102   -2.851953
-110.9678  112.9584   -2.818457
-110.9534  112.8723   -2.828027
-110.8769  112.8914   -2.828027
-110.7812  112.834   -2.823242
-110.7716  113.1402   -2.837598
-110.8338  112.834   -2.856738
-110.9773  112.7287   -2.92373
-110.9056  112.8818   -2.828027
-110.8625  112.9297   -2.947656
-110.7429  113.0445   -2.856738
-110.8577  112.9393   -2.832813
-110.8386  112.8914   -2.818457
-110.9438  112.7957   -2.885449
-110.9343  112.8436   -2.847168
-110.9247  112.968   -2.856738
-110.695  113.0158   -2.947656
-110.8386  112.9393   -3.000293
-110.9104  112.6904   -2.861523
-110.9869  112.7957   -2.794531
-110.9104  113.035   -2.885449
-110.8051  112.9967   -2.832813
-110.7142  112.9393   -2.942871
-110.8577  112.8723   -2.856738
-110.9056  112.9297   -2.74668
-110.8577  112.9105   -2.799316
-110.8912  112.8244   -2.875879
-110.8769  112.8436   -2.832813
-110.8386  112.9488   -2.789746
-110.8816  112.9775   -2.770606
-110.9008  112.7766   -2.799316
-110.896  112.6521   -2.985938
-110.9726  112.9297   -2.708398
-110.8242  112.9967   -2.875879
-110.8816  112.8818   -2.91416
-110.8338  112.9967   -2.890234
-110.9438  112.9488   -2.89502
-110.9726  112.8053   -2.909375
-110.8625  112.9105   -2.861523
-110.8386  112.9201   -2.875879
-110.8625  113.0158   -2.861523
-110.9247  112.9297   -2.842383
-110.9151  112.9584   -2.928516
-110.963  112.7287   -2.985938
-110.9151  113.1211   -2.832813
-110.8434  113.0541   -2.823242
-110.7716  112.8723   -2.880664
-110.8864  113.0445   -2.957227
-110.9582  112.767   -2.770606
-110.9295  112.8053   -2.832813
-110.9391  112.8723   -2.76582
-110.8577  112.9775   -2.971582
-110.829  113.0541   -2.851953
-110.8577  112.8627   -2.861523
-110.9008  112.7478   -2.91416
-110.9582  112.6043   -2.90459
-110.9486  112.8723   -2.823242
-110.8912  112.9201   -2.851953
-110.8194  113.0062   -2.938086
-110.7764  112.9201   -2.775391
-110.9486  112.834   -2.981152
-110.9965  112.767   -2.928516
-110.9151  112.8723   -2.818457
-110.8338  112.7191   -2.837598
-110.8147  112.9871   -2.928516
-110.8338  112.8053   -2.918945
-110.8721  112.8053   -2.962012
-110.9486  112.767   -2.995508
-111.0061  112.8244   -2.741894
-110.9056  113.1211   -2.828027
-110.8099  112.9488   -2.603125
-110.8625  112.9871   -2.90459
-110.8673  112.9775   -2.909375
-111.0204  112.8531   -2.804101
-110.8577  112.8148   -2.962012
-110.8673  112.9297   -2.794531
-110.7955  112.9775   -2.871094
-110.7907  112.7957   -2.837598
-110.9247  112.9393   -2.875879
-110.8338  112.7096   -2.837598
-110.9869  112.834   -2.89502
-110.8912  112.8531   -2.928516
-110.8481  112.968   -2.899805
-110.8386  112.9871   -2.866309
-110.8481  112.9871   -2.933301
-110.7859  113.0062   -2.808887
-110.8816  112.8914   -2.813672
-110.8434  112.8531   -2.804101
-110.9678  112.8723   -2.828027
-110.8529  113.1785   -2.871094
-110.8481  112.9105   -2.885449
-110.9678  112.834   -2.91416
-110.9869  112.8053   -2.861523
-110.9151  112.7096   -2.885449
-110.7572  112.968   -2.875879
-110.7955  112.9775   -2.799316
-110.8338  112.9201   -2.909375
-110.9391  112.8053   -2.938086
-110.9773  112.7383   -2.871094
-110.9247  112.8914   -2.962012
-110.9199  113.0062   -2.962012
-110.8721  112.8148   -2.985938
-110.896  112.834   -2.861523
-110.9343  112.9201   -2.933301
-110.8673  112.9584   -2.871094
-110.9486  112.7957   -2.871094
-110.8194  112.968   -2.713184
-110.8194  112.8531   -2.808887
-110.9534  112.9105   -2.861523
-110.9104  112.8531   -2.856738
-110.9438  112.8627   -2.808887
-110.9008  112.8148   -2.880664
-110.9008  112.9393   -2.947656
-110.8673  112.9871   -2.861523
-110.7907  112.9297   -2.851953
-110.8816  112.8053   -2.90459
-110.9151  112.8627   -2.928516
-110.9486  112.8531   -2.875879
-110.8864  112.9775   -2.89502
-110.8147  113.0541   -2.780176
-110.8673  112.9775   -2.957227
-110.9247  112.9967   -2.828027
-110.8816  112.901   -2.885449
-110.8099  112.9488   -2.847168
-110.8577  112.8436   -2.981152
-110.8338  112.8436   -2.942871
-110.8577  112.8436   -2.909375
-110.9199  113.0158   -2.880664
-110.9295  112.8436   -2.89502
-110.8912  112.8244   -3.014648
-110.9295  112.9393   -2.832813
-110.8529  113.0254   -2.837598
-110.8481  112.9297   -2.880664
-110.9391  112.7957   -2.818457
-110.9247  112.9201   -2.837598
-110.9869  112.9297   -2.851953
-110.8816  112.9871   -2.938086
-110.963  113.0541   -2.990723
-110.8816  112.9871   -2.679688
-110.8577  112.8531   -2.842383
-110.9199  113.0445   -2.91416
-110.9534  112.8436   -2.928516
-110.829  112.8531   -2.818457
-110.8912  112.8148   -2.804101
-110.8769  112.8244   -2.928516
-110.8481  112.8244   -3.038574
-110.8242  112.8914   -3.000293
-110.9247  112.901   -2.89502
-110.9104  112.9297   -2.890234
-110.8242  112.7574   -2.804101
-110.8721  112.968   -2.799316
-110.7716  112.9297   -2.90459
-110.7572  112.8914   -2.804101
-110.9773  112.767   -3.024219
-110.8864  112.7766   -2.966797
-110.8912  112.9105   -2.813672
-110.8529  112.8053   -2.737109
-110.9008  113.035   -2.789746
-110.8769  112.7383   -2.91416
-110.896  112.901   -2.847168
-110.9486  113.0445   -2.813672
-110.8912  112.8148   -2.90459
-110.8769  112.9105   -2.808887
-110.8625  112.901   -2.813672
-110.8434  112.9105   -2.871094
-110.896  112.8244   -2.952441
-110.9104  112.8436   -2.780176
-110.9151  113.0541   -2.942871
-110.8912  112.9871   -2.851953
-111.0013  112.8148   -2.741894
-110.9438  112.8531   -2.890234
-110.829  112.9201   -2.92373
-110.7094  113.0445   -2.871094
-110.7285  113.2072   -2.871094
-110.9582  112.9297   -2.775391
-111.2357  112.4895   -2.962012
-110.9726  112.5182   -2.813672
-110.7285  113.3412   -2.866309
-110.3744  112.9871   -2.928516
-110.7668  113.1881   -2.670117
-111.2166  112.8627   -2.880664
-111.4367  112.6809   -2.818457
-110.963  112.8436   -2.89502
-110.5419  112.9967   -3.000293
-110.451  113.3029   -2.808887
-110.8003  112.834   -2.92373
-110.9773  112.6617   -2.837598
-110.9534  112.767   -2.832813
-110.9151  112.6713   -2.674902
-110.7716  113.0062   -2.780176
-110.8577  112.9775   -2.828027
-110.8481  112.8914   -2.727539
-110.9582  112.7383   -2.775391
-110.8577  112.7766   -2.828027
-110.829  112.9297   -2.89502
-110.7285  112.8914   -2.918945
-110.8003  112.9584   -2.971582
-110.9773  112.7478   -2.947656
-111.2262  112.633   -2.851953
-110.9678  112.7574   -2.832813
-110.8194  112.7096   -2.942871
-110.7285  112.901   -2.899805
-110.8577  112.9488   -2.828027
-110.8816  112.7   -2.804101
-110.9917  112.968   -2.938086
-110.8912  112.901   -2.985938
-110.8864  112.9871   -2.971582
-110.9438  112.9105   -2.804101
-110.9821  112.8053   -2.918945
-110.9438  112.8531   -2.909375
-110.8338  112.9297   -2.909375
-110.7716  113.0062   -2.890234
-110.9008  112.9967   -3.086426
-110.9295  112.7957   -2.837598
-110.9438  112.7096   -2.92373
-110.9438  112.9871   -2.966797
-110.9056  112.7383   -2.689258
-110.8673  112.9105   -2.861523
-110.8099  112.8818   -3.000293
-110.9773  112.8818   -2.952441
-110.9104  112.968   -2.775391
-110.8673  113.0828   -2.818457
-110.9391  112.9297   -2.90459
-110.9773  112.7191   -2.861523
-110.963  112.8914   -2.91416
-110.9869  112.8531   -2.962012
-110.8769  112.7574   -2.89502
-110.8864  112.7766   -2.990723
-110.8147  112.7957   -2.856738
-110.8338  112.9871   -2.828027
-110.8529  112.7383   -2.847168
-110.8912  112.8053   -2.804101
-110.9151  112.7096   -2.818457
-110.8434  112.9871   -2.880664
-110.8625  112.8818   -2.966797
-110.9104  113.1307   -2.92373
-110.8625  112.834   -2.890234
-110.9726  112.7191   -2.880664
-110.8769  112.9871   -2.856738
-110.9151  112.8053   -2.794531
-110.9199  112.7861   -2.880664
-110.8912  112.7574   -2.92373
-110.8529  112.901   -2.899805
-110.8242  112.9584   -2.966797
-110.8099  112.901   -2.990723
-110.8099  112.9584   -2.751465
-110.9056  112.6809   -2.871094
-110.9486  112.7766   -2.890234
-110.9008  112.7383   -2.866309
-110.8338  112.8436   -2.880664
-110.9104  112.7957   -3.019433
-110.9247  112.968   -2.942871
-110.8864  112.901   -2.818457
-110.9247  112.7957   -2.918945
-110.8434  112.8723   -2.933301
-110.8864  112.8148   -2.91416
-110.8481  112.9201   -2.890234
-110.9008  112.8723   -2.880664
-110.9965  112.8914   -2.909375
-110.8721  112.9488   -2.799316
-110.8816  113.0158   -2.89502
-110.8529  112.8723   -2.770606
-110.8864  112.8723   -2.890234
-110.9534  112.7478   -2.957227
-110.9438  112.8531   -2.909375
-110.9965  112.8723   -2.804101
-110.8864  112.9488   -2.813672
-110.7955  112.9297   -2.875879
-110.8721  112.8818   -2.89502
-110.963  112.8818   -2.861523
-110.8769  112.9393   -2.76582
-110.9582  112.8244   -2.737109
-110.9534  112.8723   -2.780176
-110.7764  112.9105   -2.775391
-110.8816  112.9584   -2.90459
-110.9534  112.8148   -2.875879
-110.8673  112.968   -2.866309
-110.8386  112.8244   -2.871094
-110.7955  112.968   -3.076855
-110.7955  113.0062   -2.871094
-110.8386  112.9488   -2.832813
-110.8051  112.901   -2.89502
-110.8912  112.8244   -2.851953
-110.8434  112.8244   -2.861523
-110.8242  112.9967   -2.890234
-110.8625  112.9105   -3.009863
-110.8481  113.0828   -2.832813
-111.0396  112.8531   -2.866309
-111.0061  112.6234   -2.966797
-110.9726  112.7766   -2.89502
-110.8003  113.0732   -2.804101
-110.7907  112.9871   -2.866309
-110.9917  112.9584   -2.784961
-111.073  112.8244   -2.837598
-110.9726  112.8053   -2.780176
-110.8386  112.7957   -2.828027
-110.8481  113.0828   -2.861523
-110.9343  112.9105   -2.789746
-110.963  112.9488   -2.722754
-110.9247  112.6713   -2.990723
-110.8099  112.901   -2.722754
-110.5897  112.8818   -2.861523
-110.6807  112.9488   -2.866309
-110.8386  112.9201   -2.804101
-111.0491  112.7957   -2.890234
-111.0204  112.8914   -2.813672
-110.9486  112.8244   -2.899805
-110.8673  112.901   -2.813672
-110.8434  112.9297   -2.732324
-110.9438  112.8627   -2.847168
-110.9965  112.7957   -2.813672
-110.9821  112.7191   -2.842383
-110.9151  112.8244   -2.885449
-110.8481  113.0732   -2.808887
-110.762  112.8053   -2.808887
-110.8769  112.8244   -2.938086
-110.9151  112.7191   -2.909375
-110.9295  112.6043   -2.899805
-110.8577  112.9393   -2.981152
-110.8434  112.9584   -2.818457
-110.8338  112.8053   -2.91416
-110.9151  112.9201   -2.899805
-110.9821  112.6521   -2.823242
-110.9199  112.9488   -2.804101
-110.9247  112.8818   -2.90459
-111.0252  112.6426   -2.75625
-110.8673  112.8914   -2.851953
-110.8003  113.0445   -2.770606
-110.8912  113.0158   -2.856738
-110.9726  112.8723   -2.789746
-110.9773  112.8723   -2.808887
-110.8816  112.8148   -2.665332
-110.8721  112.8053   -2.828027
-110.8529  112.9393   -2.837598
-109.6806  114.8725   -2.76582
-112.4464  110.5467   -1.607813
-110.1064  114.1834   -3.875977
-107.9962  117.2172   0.08613281
-112.9297  116.7291   -1.287207
-112.3172  116.8918   -0.2775391
-108.3359  122.299   -6.574805
-106.5654  121.5238   -7.196875
-110.5084  117.8393   -5.995801
-113.6188  108.3264   -5.479004
-112.5134  109.7141   -7.737597
-110.8003  102.699   -7.34043
-112.0014  105.3309   -5.139258
-115.6764  86.15195   -10.12539
-110.8721  85.29063   -11.91504
-119.7246  116.2123   6.144141
-106.8669  119.2557   -3.392676
-105.6132  119.8107   -1.191504
-108.3742  114.8916   -2.287305
-112.7622  107.1301   -2.990723
-114.169  104.6992   -2.019336
-111.4511  109.5418   -2.985938
-110.2596  111.6186   -2.717969
-110.0777  111.6186   -2.44043
-111.4846  109.0633   -2.550488
-110.4605  111.0826   -2.397363
-110.9247  110.3074   -2.579199
-111.0826  110.2691   -2.497852
-110.7764  110.7381   -2.521777
-111.0683  109.8959   -2.426074
-110.8769  110.317   -2.378223
-110.9008  110.116   -2.526562
-110.7477  110.3074   -2.555274
-110.8816  110.2883   -2.574414
-101.986  125.6678   -2.890234
-123.9068  58.17793   -12.70938
-122.055  96.88985   1.607813
-113.7958  110.6998   -3.703711
-112.322  115.6381   -2.29209
-111.7765  104.2973   -4.847363
-112.0588  109.159   -2.14375
-110.0299  108.5752   -4.986133
-112.767  103.4551   -4.254004
-112.0492  103.8283   -2.186816
-112.8579  105.618   -2.856738
-107.5751  106.6707   -1.579102
-105.3213  100.9381   -4.58418
-108.2546  95.88496   -3.789844
-112.7622  98.29668   -2.507422
-110.494  95.54043   -3.617578
-110.0155  93.11914   -4.182227
-110.0012  91.25293   -5.847461
-108.0153  81.95058   -7.689746
-105.4983  85.21407   -8.675488
-109.1159  83.00332   -6.172852
-109.1733  83.47227   -7.493555
-108.9149  80.40977   -7.335645
-110.6041  79.09863   -5.153613
-105.4409  81.12754   -6.995898
-107.1062  76.27539   -5.589063
-105.4792  73.05977   -7.522265
-106.9147  67.69082   -7.742383
-106.9243  63.78613   -7.780664
-105.929  60.32168   -8.637207
-105.7998  61.20215   -8.73291
-104.8093  59.80488   -9.814356
-102.8426  58.84785   -9.924414
-102.632  61.23086   -9.589453
-101.3448  62.46543   -9.192286
-95.6792  66.37012   -8.522364
-97.91866  63.93926   -10.06318
-103.0627  53.09609   -9.546387
-103.4455  55.52695   -8.034277
-101.1056  59.98672   -9.005664
-101.2395  57.99609   -9.599024
-100.0528  58.10137   -9.431543
-100.7228  56.63711   -9.063086
-101.4884  57.44102   -9.374121
-101.3735  56.17773   -9.599024
-101.4262  55.86192   -9.694727
-101.6176  57.60371   -9.488965
-100.9094  57.58457   -9.517675
-100.3639  57.89082   -9.551172
-101.3975  56.32129   -9.527246
-102.3689  56.00547   -9.283203
-101.0003  56.37871   -9.752149
-100.3878  57.15391   -9.508105
-99.91885  58.0248   -9.364551
-100.4883  55.95762   -9.579883
-101.029  56.17773   -9.369336
-101.0529  56.03418   -9.407618
-101.2539  56.34043   -9.536817
-100.182  57.23047   -9.761719
-100.1294  57.35488   -9.579883
-101.096  55.78535   -9.512891
-101.4501  54.87617   -9.981836
-101.1151  54.36895   -10.1876
-101.0721  55.63223   -10.22588
-101.1391  55.81406   -9.866992
-101.9812  56.82851   -9.369336
-101.876  60.83848   -8.929102
-101.7563  61.63281   -8.546289
-101.7755  58.33105   -8.909961
-99.23457  59.33594   -9.991406
-101.2156  57.68027   -9.656446
-103.6417  59.08711   -8.651563
-103.235  58.14922   -9.158789
-102.4311  56.50312   -9.656446
-102.2588  56.43613   -9.780859
-103.3498  57.66113   -9.350195
-104.905  58.3502   -8.73291
-103.9623  58.21621   -8.972168
-98.62207  60.13027   -10.97715
-97.00468  58.45547   -11.85762
-100.0911  58.50332   -11.06328
-103.723  61.24043   -9.33584
-104.7327  61.32656   -9.154004
-104.0149  61.66152   -9.364551
-104.0963  67.7961   -8.508008
-102.9287  62.07305   -9.603808
-101.4932  59.93887   -11.01543
-101.4836  62.15918   -10.69004
-105.3309  64.11153   -10.13018
-107.934  66.86777   -8.72334
-106.5702  69.81543   -9.067871
-106.4745  70.07383   -9.268847
-105.7615  72.14101   -9.398046
-107.3358  71.98789   -9.498535
-107.3933  70.82988   -9.273633
-107.2928  70.30351   -11.04414
-107.8957  69.72929   -10.57041
-106.3405  74.15078   -11.25947
-106.5606  77.79707   -10.6709
-111.7382  84.85996   -9.259277
-113.9729  89.9418   -8.029492
-114.2743  93.58809   -9.307129
-112.0109  94.03789   -9.933985
-109.7667  94.74609   -9.627734
-107.8144  95.30117   -12.25957
-108.9293  94.20058   -12.46055
-110.2548  93.64551   -13.78604
-105.0437  97.54063   -14.75264
-107.8191  104.1729   -11.59922
-110.7812  116.71   -9.996191
-114.4322  124.4523   -7.550977
-115.1356  127.065   -7.474414
-114.8103  125.4668   -8.28789
-112.1832  125.084   -8.809473
-109.1111  122.1268   -10.11582
-105.3117  121.0357   -11.96289
-107.0057  120.7008   -11.38389
-108.3599  123.2082   -10.98672
-111.0204  125.9262   -12.42227
-113.8054  128.6154   -12.31221
-112.4799  131.1037   -11.74277
-110.7668  129.8596   -12.48926
-109.3982  131.0559   -11.71406
-106.7521  134.4533   -11.55615
-108.0393  138.2336   -10.73311
-108.7475  142.4732   -10.6709
-107.532  142.3775   -11.7332
-106.8047  141.4205   -11.77148
-104.4791  145.4783   -13.63291
-99.87099  150.7611   -12.20215
-104.8906  156.6852   -10.8958
-104.9385  155.91   -11.41738
-107.1301  156.2545   -12.59932
-102.0195  149.8424   -11.49395
-98.58379  153.8619   -12.3792
-96.35869  154.7807   -13.17832
-96.54531  164.418   -10.83359
-99.1628  165.7578   -11.46045
-99.2585  171.2129   -9.000879
-97.31572  169.5285   -10.60391
-95.75098  168.4375   -10.16846
-95.35381  173.3471   -9.20664
-101.6176  170.074   -10.42686
-100.3064  167.8441   -11.22119
-93.36797  165.9109   -11.21162
-94.56425  171.433   -10.22109
-95.66006  175.2133   -10.61348
-96.8372  169.5572   -11.33603
-94.21494  172.7729   -11.22598
-94.00439  173.6246   -10.91973
-93.0043  173.3375   -11.16377
-93.73164  176.4096   -10.71396
-96.70801  175.4334   -11.07764
-95.10976  176.0172   -11.51309
-91.47305  177.625   -12.19258
-89.92744  177.491   -10.54648
-89.00391  178.1514   -12.21172
-88.78379  175.4621   -11.58965
-88.52539  177.0316   -11.10156
-88.69765  178.3045   -10.8623
-88.79336  179.185   -11.13506
-87.86983  178.4002   -11.26426
-87.30996  178.8117   -10.49863
-87.6497  178.0652   -11.0585
-87.46787  181.769   -10.83838
-87.36259  183.7117   -10.80488
-88.31006  183.549   -11.16855
-89.18095  184.7262   -11.58486
-88.89384  185.5301   -11.64229
-88.32442  183.4438   -11.46523
-88.95605  183.7596   -11.01543
-87.51094  182.9078   -11.32168
-86.50127  181.7594   -11.21162
-85.13271  179.7018   -11.80977
-84.0417  185.2525   -10.41728
-84.57285  184.5156   -11.29297
-84.64941  188.5064   -10.2833
-85.04179  184.5061   -10.74746
-84.73076  181.032   -10.91016
-83.73545  184.3147   -10.56563
-84.44844  181.8742   -11.49395
-83.8503  180.7545   -11.70449
-80.73037  184.5826   -10.65654
-79.44316  183.7117   -10.64219
-79.95996  183.9605   -10.71875
-80.68252  185.3865   -10.26895
-82.08457  183.4055   -11.08242
-81.67783  186.9848   -10.59434
-81.51514  187.8748   -10.49863
-82.05586  185.3674   -10.96279
-82.94112  184.7836   -11.0585
-83.22823  184.6113   -11.13027
-83.05595  185.3195   -11.10156
-82.15635  185.8076   -11.24512
-81.14668  186.8508   -11.17334
-81.63955  186.1043   -11.25469
-81.74961  186.5445   -11.40303
-81.2711  187.1762   -11.16855
-81.63955  185.7119   -11.03457
-81.29024  185.5109   -11.14463
-81.40987  183.3289   -11.23555
-81.5295  183.6543   -11.2834
-80.83086  185.798   -10.73311
-81.82617  184.1041   -11.07285
-81.87402  184.8602   -10.96758
-81.20889  185.8268   -10.89102
-81.91231  185.4631   -10.83838
-82.53438  184.7262   -11.01064
-81.68262  186.3053   -11.02979
-82.22334  187.4824   -10.99629
-83.44356  187.3389   -11.20205
-84.13741  186.5063   -11.53701
-85.22842  182.6781   -11.52266
-86.02275  182.6973   -11.59443
-85.59209  184.4199   -11.13506
-85.77871  181.3191   -10.75703
-85.73564  182.2475   -10.54648
-85.48682  184.0371   -9.761719
-85.79785  184.3816   -9.929199
-87.19511  184.5348   -9.388476
-87.69756  181.7594   -9.843066
-89.04697  172.6676   -11.59443
-89.40586  177.6824   -10.57998
-89.46806  180.0271   -9.977051
-90.51601  178.3045   -9.843066
-90.64043  179.2711   -9.532031
-90.20976  178.1131   -9.570313
-90.73613  176.6584   -9.220996
-92.30088  175.644   -9.350195
-93.11914  174.4572   -8.575
-93.85127  174.3424   -8.598926
-93.96133  172.2848   -9.627734
-91.55918  168.7725   -8.981738
-91.20508  174.3232   -5.254102
-94.02832  169.4424   -5.718262
-96.44004  175.998   -3.225195
-96.85635  178.917   -2.655762
-96.0955  175.8928   -3.22041
-95.97588  171.0693   -2.268164
-97.39707  168.3035   -2.962012
-97.66982  166.5043   -4.42627
-97.17216  168.648   -2.373437
-97.86601  168.6959   -2.272949
-98.57422  165.2602   -1.37334
-98.67949  165.3654   -0.765625
-98.85654  165.174   -0.03828125
-99.32549  164.9826   1.205859
-99.10059  165.7674   1.693945
-98.49766  164.1691   1.832715
-99.67002  159.9869   1.622168
-99.88535  158.5035   0.6555664
-98.75127  156.8861   0.4737305
-98.63164  158.5322   1.598242
-98.89482  158.6088   2.234668
-100.9668  155.6324   1.928418
-103.5125  153.326   2.110254
-104.6083  153.5557   3.51709
-104.5461  153.0102   4.27793
-104.3786  150.5506   4.254004
-104.5126  148.2824   3.37832
-105.4074  148.7705   4.766016
-105.3691  149.8041   5.813965
-105.1825  148.6078   6.436035
-104.1585  145.5549   4.081738
-103.5891  141.8129   4.134375
-104.2973  140.54   4.392774
-104.2925  141.2004   5.488574
-106.1778  142.5881   6.900195
-106.8621  141.8129   7.048535
-105.9673  141.6789   7.866797
-105.9146  140.8271   7.326074
-106.4458  138.7887   7.311719
-107.087  138.5781   7.546191
-106.7473  138.6643   7.244727
-105.9721  138.0709   6.761426
-105.5988  137.1234   6.201562
-106.0104  137.6115   6.220703
-106.0773  138.3389   7.292578
-105.8764  138.5781   7.608398
-106.1156  138.8174   7.445703
-105.9386  139.1236   8.086914
-106.4219  140.3008   8.27832
-107.422  141.6885   9.307129
-107.3358  142.8943   9.881348
-107.5703  144.1193   11.22598
-108.5513  146.9234   11.57529
-108.6757  149.2969   10.60869
-108.6183  149.8711   7.230371
-107.1588  147.89   2.119824
-100.8711  149.9477   -1.473828
-103.6417  141.7937   -3.928613
-103.2063  141.0377   -7.929004
-106.6324  146.3779   -9.704297
-102.6895  150.1965   -7.278223
-98.37803  155.2879   -5.211035
-97.38271  147.6604   -11.59443
-103.4407  148.9045   -9.579883
-102.3976  155.8238   -10.67568
-101.7851  161.2789   -10.88623
-102.4741  164.15   -12.09209
-101.9621  161.3076   -13.98701
-102.6033  157.7092   -13.67119
-100.0672  155.0103   -13.43193
-101.1486  155.6611   -14.76699
-100.1868  159.8147   -14.12578
-102.0339  158.2451   -14.92969
-102.9479  157.0297   -15.19766
-102.6272  157.6039   -15.18809
-103.2254  158.5514   -15.24551
-101.2443  157.5656   -15.52305
-100.0863  158.4844   -15.31729
-99.6461  159.6998   -15.10674
-100.517  160.3697   -15.32207
-100.584  159.9869   -15.41299
-101.1438  159.4893   -15.42256
-102.2253  159.4127   -15.39863
-103.6608  159.7477   -15.51348
-103.3163  158.7619   -15.60439
-103.0148  157.5369   -15.38428
-102.254  158.1303   -15.13545
-100.7467  159.7189   -14.98232
-100.6845  158.6662   -15.26943
-100.5648  160.5324   -15.13066
-99.33984  160.6664   -14.84834
-100.3878  159.3457   -14.30283
-101.2635  161.1066   -14.52773
-101.5075  161.0301   -14.50859
-101.2539  162.4369   -14.68086
-102.2923  161.633   -14.26455
-102.01  159.9869   -14.24541
-101.4357  159.1352   -14.3124
-100.1916  159.8912   -13.8626
-100.3782  157.4221   -13.71904
-100.5601  159.116   -13.42715
-100.5648  158.6375   -13.84346
-101.5075  157.2498   -13.42236
-101.8138  157.1158   -13.01084
-101.608  157.824   -11.72363
-103.0818  159.0777   -11.45088
-99.04317  154.6945   -11.83369
-99.79922  154.2065   -12.15908
-104.9385  146.7703   -10.58955
-104.7184  153.7949   -9.709082
-102.2014  149.2107   -9.876562
-103.2876  139.3725   -11.24512
-101.6367  137.2766   -9.302343
-101.8138  136.798   -8.976954
-110.0538  141.3057   -8.493652
-116.509  147.0766   -4.775586
-121.0932  143.9949   -4.158301
-118.0977  132.3479   -4.541113
-111.3602  118.6623   -7.129883
-106.8717  108.6518   -8.55586
-102.5603  102.8809   -9.948339
-107.7713  99.42598   -8.436231
-111.5181  102.1057   -6.852344
-113.6379  96.24863   -7.393066
-111.8243  90.63086   -7.957715
-111.3219  86.14238   -8.297461
-110.0538  80.72559   -9.517675
-108.0201  75.32793   -10.5752
-104.1106  69.46133   -11.66621
-100.8855  69.25078   -11.73799
-102.7373  67.7961   -12.51797
-104.7471  65.17383   -13.12568
-108.8097  64.34121   -12.0251
-109.671  63.94883   -11.25947
-107.9531  63.37461   -12.00596
-106.9387  63.35547   -11.38867
-107.0392  64.23594   -11.50352
-105.7376  64.5709   -11.62793
-102.0817  66.60938   -11.53701
-104.3116  67.58555   -10.81924
-106.2544  66.97305   -10.52734
-107.5942  67.32715   -10.00576
-108.3312  69.36562   -9.704297
-109.848  71.02129   -8.450586
-112.0971  73.19375   -6.88584
-115.0256  74.95469   -7.407422
-117.0449  72.58125   -8.771192
-116.0161  77.82578   -10.17324
-111.9535  77.20371   -10.92451
-104.8476  74.10293   -13.19268
-104.1346  77.34727   -13.53242
-107.7665  82.73535   -11.65664
-110.0825  88.42969   -11.4748
-112.365  88.61153   -11.58486
-114.4227  93.82735   -13.48457
-114.4849  99.9045   -17.45147
-104.9768  140.2816   -6.794922
-99.51211  135.1328   -12.25
-96.36826  133.6877   -11.19727
-94.54512  151.5172   -8.857325
-94.79873  157.2115   -8.086914
-95.70313  159.3744   -8.589355
-95.47343  166.8393   -6.991113
-100.6127  186.3244   -4.861719
-94.46377  187.0996   -5.622559
-93.21484  183.9797   -5.306738
-91.91328  184.2285   -5.359375
-91.46826  176.2564   -6.919336
-90.83183  172.1699   -7.976855
-105.8333  183.5203   -14.38896
-89.28623  167.0977   -5.723047
-82.22813  165.0496   -9.685156
-91.09023  161.5373   -9.752149
-97.50713  164.2266   -10.66611
-99.08623  171.4809   -10.63262
-99.26807  179.3572   -10.04883
-100.3782  179.941   -10.78574
-100.895  179.3955   -10.48906
-97.75596  176.5244   -11.68535
-94.24844  171.9785   -10.92451
-94.02832  165.107   -10.99629
-93.27705  161.566   -10.69961
-92.02334  159.8816   -9.010449
-93.10957  158.025   -9.685156
-96.07637  157.068   -8.73291
-95.78447  155.2113   -6.306836
-103.9767  146.2152   -6.924121
-111.1927  143.6313   -10.19717
-112.3746  145.3252   -7.64668
-104.5892  135.9176   -6.790137
-90.41074  116.2314   -11.43652
-104.6801  106.9291   -13.14004
-112.2933  106.8525   -8.072558
-113.5805  112.5469   -9.991406
-123.9355  104.0484   -6.531738
-122.5287  99.158   -8.177832
-116.5616  89.33887   -9.072657
-113.4369  80.02695   -8.828613
-112.5899  73.64355   -10.446
-104.0006  71.98789   -12.83379
-105.5845  65.24082   -13.30752
-104.0341  65.69063   -13.2501
-102.4071  65.65234   -14.4751
-108.1254  63.29805   -11.91504
-110.7955  64.78145   -11.39824
-110.2787  66.87734   -10.78096
-109.6997  67.16445   -10.72354
-107.7282  66.88692   -10.36943
-105.9051  68.5043   -10.71875
-107.2688  71.83476   -8.986524
-108.2498  72.79179   -8.010351
-110.4558  72.31328   -7.699317
-111.3506  73.48086   -7.718457
-112.8962  72.5334   -6.704004
-115.6907  81.57735   -6.268555
-115.1787  87.86504   -9.359766
-112.8962  87.47266   -7.378711
-111.3506  85.85527   -9.895703
-109.427  90.62129   -11.61357
-112.2693  93.3584   -12.22607
-107.7809  92.25781   -11.78584
-104.2303  92.63106   -17.76728
-67.2793  107.5033   -20.01631
-86.93193  117.8871   -13.02998
-129.1562  148.627   -2.928516
-137.5015  137.2   -6.593946
-106.4075  127.1416   -11.38389
-94.77959  139.918   -8.374023
-97.41621  153.5748   -6.670508
-96.9042  165.4133   -3.0625
-100.3304  164.7816   -5.349805
-101.4549  165.7387   -4.770801
-103.278  170.9353   -4.239648
-104.1489  173.3184   -4.234863
-100.9668  174.9932   -4.498047
-99.51211  169.4615   -5.737402
-97.96172  162.7814   -6.239844
-97.73682  157.3455   -6.412109
-96.49746  156.5703   -5.684766
-98.12441  154.6275   -5.919238
-100.3878  155.7281   -5.124902
-103.0483  157.891   -6.211133
-103.7613  157.8145   -6.364258
-110.0538  166.265   -3.761133
-101.8855  159.9008   -6.163281
-103.3307  156.733   -3.660645
-104.5174  160.542   -5.177539
-96.14815  148.3016   -4.995703
-100.584  165.6047   -1.06709
-102.1152  158.4652   -3.048145
-103.3929  155.9387   -3.474023
-101.3879  159.8721   -3.536231
-101.2348  159.5371   -2.560059
-102.0243  157.3838   -1.957129
-102.8952  155.5463   -2.622266
-104.1872  153.5652   -4.713379
-98.82784  128.2996   -2.947656
-103.3594  126.5578   -3.387891
-100.4691  123.9547   -22.8252
-113.102  146.0334   -11.78105
-129.2519  163.6236   2.732324
-117.4421  142.1766   0.2918945
-116.4276  145.9951   5.775683
-107.0966  138.2527   -4.402344
-105.1921  140.3199   -2.172461
-105.7376  138.9801   -3.225195
-106.709  136.5588   -3.407031
-118.179  113.6283   -3.287402
-106.8908  117.7531   -5.072266
-109.7858  127.2756   -3.253906
-109.2451  144.7414   -1.952344
-110.585  129.6586   -3.115137
-109.6806  130.5008   -1.789648
-108.3694  132.7881   -2.258594
-108.781  132.8934   -2.129395
-110.6089  129.2279   -2.009766
-111.8913  133.2379   -2.057617
-111.9774  140.4731   -0.5598633
-110.1974  135.5635   -1.655664
-113.3077  136.6832   -2.105469
-114.1882  130.3285   -1.478613
-112.8675  133.9078   -1.248926
-111.5468  133.391   -4.316211
-107.6899  140.741   -6.751855
-104.4025  139.7361   -4.091309
-104.4743  142.234   -4.349707
-103.3163  155.575   -0.5933594
-105.7663  163.4705   -1.05752
-108.5848  165.8631   -0.5646484
-109.7093  157.4125   -3.675
-106.0151  150.3592   -7.828516
-101.1056  160.408   -5.21582
-98.25362  164.0926   -4.904785
-96.88506  170.9353   -5.646484
-93.54024  178.1609   -3.97168
-90.31504  178.1131   -5.895312
-87.78848  176.735   -5.148828
-86.55869  178.6969   -4.708594
-85.15186  177.9121   -6.627441
-82.39082  178.4193   -4.76123
-81.03184  180.3813   -4.268359
-81.07969  180.1994   -4.957422
-81.77832  180.965   -5.469434
-83.76416  182.0656   -6.617871
-83.89336  186.066   -6.900195
-82.98897  187.9609   -6.775781
-82.82149  186.8412   -7.206445
-81.87402  185.5875   -7.708887
-81.18018  184.5443   -7.479199
-79.3044  183.1566   -7.407422
-79.18477  181.702   -8.546289
-78.62012  183.3576   -8.618067
-77.48604  186.5541   -7.393066
-77.17979  186.5828   -7.842871
-76.70605  188.1619   -7.809375
-76.08877  187.827   -7.981641
-75.18916  186.7168   -7.316504
-74.31348  184.3529   -6.7375
-73.7584  184.1328   -6.546094
-73.26074  184.9463   -6.861914
-73.41386  185.5492   -7.278223
-73.30381  187.7408   -7.460059
-73.06455  188.1141   -8.153906
-73.94981  188.3629   -8.311816
-73.1459  188.1619   -8.488867
-72.42812  187.1379   -8.857325
-71.39453  188.0854   -8.187403
-71.94004  187.7121   -8.283106
-72.2415  188.8031   -8.460156
-71.61943  190.2865   -8.12998
-71.57158  188.6021   -8.173047
-71.51894  188.8893   -7.929004
-71.16006  188.8223   -8.149121
-70.93037  188.851   -7.828516
-70.52364  187.7695   -7.900293
-70.36572  187.4346   -7.914649
-70.60976  187.224   -8.158691
-70.98301  187.4346   -8.206543
-69.98769  189.8941   -7.924219
-70.98779  189.9994   -8.311816
-71.72949  191.1574   -8.039063
-71.4998  190.4588   -7.761523
-71.26534  188.1236   -7.952929
-70.41357  187.6355   -7.598828
-70.37051  185.6641   -7.617969
-69.4374  184.5635   -7.455274
-68.42295  185.6736   -7.460059
-68.14541  187.2432   -7.570117
-69.26992  187.3963   -7.684961
-70.26045  190.2865   -8.10127
-70.62891  191.1287   -8.024707
-70.71504  188.4395   -8.909961
-69.72451  188.851   -8.187403
-69.84892  187.157   -8.139551
-69.96377  187.4154   -7.914649
-70.43272  187.7408   -7.81416
-69.9542  187.827   -7.393066
-70.40401  187.4154   -7.718457
-69.47569  187.1475   -7.182519
-69.74844  186.3723   -7.81416
-68.28418  188.2959   -7.393066
-67.95879  185.8363   -7.254297
-67.91573  188.2959   -6.866699
-69.28906  189.1668   -7.402637
-70.84902  189.0998   -7.833301
-71.6625  190.3248   -7.842871
-71.41846  191.3105   -7.799805
-70.98301  189.5209   -7.579688
-67.82481  188.5352   -6.44082
-66.91084  186.9848   -7.091601
-68.7627  185.2238   -7.105957
-68.36074  184.5156   -7.225586
-68.40381  185.0707   -7.402637
-69.03066  187.8557   -7.383496
-69.76758  188.9945   -7.761523
-71.76778  188.6787   -8.072558
-72.83008  189.3199   -7.986426
-72.29893  189.674   -8.168262
-72.275  188.4777   -8.177832
-72.921  187.3867   -8.139551
-72.49033  187.0805   -8.048633
-72.00224  186.6498   -8.010351
-71.27012  185.6258   -7.728027
-70.73897  186.3148   -7.675391
-69.87285  189.4252   -6.646582
-70.99258  191.0043   -7.460059
-73.85889  190.1812   -8.436231
-73.96416  189.1764   -8.321386
-73.83018  187.8365   -8.326172
-74.13643  186.2191   -8.512793
-74.87334  186.7646   -8.598926
-74.19385  188.8127   -8.27832
-75.25615  187.0518   -8.350098
-75.39492  189.9037   -8.244824
-75.94521  190.2291   -7.632324
-82.48653  179.1563   -11.39346
-79.35225  185.2908   -7.292578
-80.44326  181.3191   -8.359668
-80.51025  180.4961   -7.756738
-80.52461  182.2188   -5.919238
-82.29033  182.4389   -1.990625
-82.58223  182.0273   -6.349902
-86.69746  185.2143   -20.87764
-82.43867  186.5828   -9.287989
-86.01318  186.4775   -7.230371
-84.97481  188.2289   -7.369141
-82.70186  186.334   -7.651465
-81.56299  181.367   -8.976954
-83.00332  179.5678   -8.364453
-90.41074  185.5588   -6.617871
-92.43965  186.4393   -5.991015
-88.76465  181.2617   -8.570215
-86.06582  178.9457   -7.541406
-84.42451  182.5154   -7.708887
-77.24678  187.2336   -5.866601
-89.93223  178.0174   -2.210742
-90.73613  181.5393   -3.426172
-96.22471  186.4967   -2.148535
-91.07588  180.9076   -5.426367
-94.8418  183.9988   -2.885449
-82.34776  171.0406   -8.852539
-89.80782  169.3275   -6.139356
-97.68418  170.7439   -3.435742
-94.43984  177.9791   -2.60791
-89.93223  177.4049   -5.20625
-89.39629  173.3662   -5.177539
-76.66777  150.0434   -5.024414
-49.53594  153.9576   -24.09805
-54.9623  101.2826   15.32207
-107.5512  166.7818   -0.1626953
-90.69307  178.582   -0.9618164
-91.14766  177.2518   -1.732227
-91.56875  176.1703   -2.359082
-91.49219  175.577   -0.6651367
-91.60703  175.443   -1.770508
-92.09033  173.8447   -1.885352
-90.10928  176.0842   -1.813574
-81.04619  164.5902   -2.363867
-71.81084  188.7266   2.263379
-85.81699  186.2383   4.086524
-91.62617  176.5818   -1.875781
-92.76504  171.8158   -2.383008
-84.03213  180.7545   0.215332
-79.86426  187.827   4.019531
-77.22764  188.1428   3.899902
-74.83984  184.6592   4.627246
-80.6251  181.4723   3.66543
-79.50537  181.3096   0.5359375
-72.30371  188.6691   -3.024219
-62.47021  182.1613   7.082031
-71.80127  181.3287   1.502539
-74.75371  189.4731   4.354492
-70.58105  180.4865   1.354199
-74.77285  191.1957   4.517188
-74.86377  191.2436   4.110449
-72.92578  186.2957   1.354199
-72.60518  185.8746   2.516992
-72.55733  185.999   1.497754
-72.68652  186.2   1.952344
-72.64824  186.0469   2.339942
-72.64346  186.1809   1.952344
-72.79659  186.1617   1.406836
-72.72481  186.2191   1.335059
-72.66738  186.1043   1.268066
-72.67696  186.2287   1.181934
-72.71045  186.2383   1.315918
-72.72481  186.3148   1.622168
-72.69131  186.0947   1.708301
-72.54775  186.4106   1.349414
-72.60996  186.066   1.488184
-72.7583  186.1809   1.655664
-72.73438  186.1809   1.693945
-72.58604  186.1713   1.248926
-72.66738  186.1426   1.258496
-72.66738  186.3053   1.483398
-72.63867  186.2957   1.603027
-72.64824  186.1809   1.526465
-72.73916  186.1617   1.646094
-72.60518  186.0756   1.507324
-72.68652  186.2957   1.502539
-72.67696  186.1617   1.425977
-72.74394  186.2287   1.358984
-72.7583  186.2191   1.449902
-72.70088  186.2383   1.440332
-72.73438  186.1139   1.603027
-72.69131  186.2   1.507324
-72.73916  186.0947   1.536035
-72.68174  186.1234   1.559961
-72.72481  186.1043   1.650879
-72.72481  186.2478   1.559961
-72.68174  186.2096   1.526465
-72.65781  186.0277   1.526465
-72.71523  186.0182   1.502539
-72.69609  186.0852   1.507324
-72.65303  186.0947   1.464258
-72.66738  186.2861   1.555176
-72.76308  186.1713   1.435547
-72.71523  186.2766   1.54082
-72.69609  186.1904   1.579102
-72.7583  186.0182   1.492969
-72.78223  186.2   1.464258
-72.63389  186.1617   1.459473
-72.71045  186.2574   1.722656
-72.68174  186.2   1.564746
-72.71045  186.1426   1.445117
-72.60996  186.1904   1.502539
-72.68174  186.2191   1.52168
-72.68652  186.1713   1.492969
-72.70088  186.2287   1.574316
-72.68652  186.1713   1.516895
-72.70567  186.2287   1.603027
-72.73916  186.2574   1.579102
-72.69609  186.1617   1.459473
-72.70088  186.1617   1.464258
-72.64346  186.1617   1.488184
-72.64824  186.0469   1.440332
-72.69131  186.3627   1.397266
-72.68652  186.1426   1.478613
-72.72002  186.0086   1.53125
-72.76787  186.2096   1.497754
-72.76787  186.2383   1.478613
-72.6626  186.2574   1.473828
-72.60996  186.2096   1.469043
-72.71045  186.1904   1.54082
-72.73438  186.1043   1.497754
-72.69131  186.1139   1.502539
-72.73916  186.1426   1.526465
-72.63389  186.066   1.516895
-72.69609  186.1617   1.545605
-72.6626  186.3053   1.536035
-72.60996  185.999   1.368555
-72.61953  186.2957   1.368555
-72.74394  186.2766   1.421191
-72.72481  186.3627   1.512109
-72.77266  186.1234   1.52168
-72.77266  185.9512   1.502539
-72.79659  186.2191   1.641309
-72.72959  186.1234   1.459473
-72.71523  186.0756   1.492969
-72.73438  186.0564   1.82793
-72.69131  185.9512   1.732227
-72.73438  186.1809   1.68916
-72.69609  186.2287   1.516895
-72.76308  186.2383   1.550391
-72.73438  186.1521   1.536035
-72.65781  185.9799   1.516895
-72.5334  186.133   1.210644
-72.66738  186.2478   1.387695
-72.73438  186.133   1.636523
-72.68652  186.2096   1.588672
-72.72481  186.3244   1.516895
-72.66738  186.1139   1.449902
-72.64346  186.1904   1.473828
-72.76308  185.9416   1.469043
-72.68652  186.2096   1.421191
-72.72959  186.0373   1.526465
-72.67696  186.2766   1.449902
-72.70088  186.1521   1.507324
-72.69609  186.1139   1.469043
-72.75352  186.1713   1.440332
-72.65303  186.1809   1.603027
-72.69609  186.2096   1.593457
-72.71523  186.1426   1.53125
-72.72002  186.1713   1.574316
-72.72002  186.2096   1.555176
-72.68174  186.1904   1.52168
-72.63389  186.0756   1.583887
-72.71045  186.2478   1.469043
-72.73438  186.2   1.378125
-72.65781  186.0277   1.53125
-72.70567  186.1713   1.545605
-72.68652  185.999   1.703516
-72.72959  186.1234   1.770508
-72.64346  186.267   1.593457
-72.66738  186.2   1.54082
-72.67696  186.2   1.54082
-72.69131  186.1043   1.526465
-72.73438  186.0756   1.545605
-72.6291  185.9225   1.54082
-72.71045  185.8938   1.564746
-72.76308  186.133   1.631738
-72.70567  186.2574   1.516895
-72.69131  186.1713   1.536035
-72.74394  186.133   1.507324
-72.72481  186.0564   1.526465
-72.69131  186.1426   1.622168
-72.72002  186.2766   1.559961
-72.73438  186.2191   1.502539
-72.68652  186.2   1.454687
-72.74394  186.2383   1.478613
-72.6626  185.999   1.516895
-72.74394  186.0947   1.555176
-72.73916  186.1713   1.536035
-72.65303  186.2383   1.497754
-72.72002  186.2574   1.612598
-72.6291  186.2383   1.579102
-72.77266  186.0564   1.550391
-72.78701  186.0469   1.449902
-72.78701  186.0947   1.550391
-72.73916  186.0086   1.555176
-72.67216  186.066   1.612598
-72.69131  186.1713   1.693945
-72.72002  186.1043   1.478613
-72.73916  186.1521   1.588672
-72.72481  186.133   1.378125
-72.75352  186.2383   1.411621
-72.68652  186.1426   1.406836
-72.71045  186.2191   1.406836
-72.66738  186.267   1.454687
-72.70567  186.0852   1.603027
-72.75352  186.0756   1.622168
-72.73916  186.2383   1.780078
-72.73438  186.1809   1.775293
-72.74394  186.2861   1.713086
-72.71523  186.1521   1.598242
-72.73916  186.133   1.569531
-72.73916  186.1043   1.550391
-72.66738  185.999   1.641309
-72.82529  186.1139   1.53125
-72.72481  186.1139   1.569531
-72.68652  186.1043   1.631738
-72.70567  186.0947   1.622168
-72.77744  186.2766   1.579102
-72.74394  186.2287   1.440332
-72.71523  186.2574   1.631738
-72.70567  186.1426   1.636523
-72.69609  186.0852   1.598242
-72.66738  186.1234   1.574316
-72.68652  186.3053   1.612598
-72.6291  185.9512   1.646094
-72.73438  186.2383   1.650879
-72.72481  186.133   1.588672
-72.68174  186.0277   1.646094
-72.74873  186.1234   1.53125
-72.69131  185.9703   1.756152
-72.68174  186.0756   1.894922
-72.55733  186.0469   2.081543
-72.24629  185.932   3.311328
-64.09238  201.924   7.440918
-76.3376  212.8629   9.225781
-86.52519  206.8527   0.1339844
-76.85918  196.0287   -7.50791
-70.86816  191.4063   3.287402
-77.23721  179.2137   -2.378223
-84.24268  153.9576   -3.871192
-83.06075  169.4902   -5.019629
-88.87949  178.0939   -1.593457
-90.88926  175.242   1.325488
-92.61192  173.0982   0.7225586
-93.41582  172.4092   -0.7416992
-94.59297  171.0023   -0.5933594
-95.02842  170.2271   0.06699219
-95.05713  170.6865   -0.5837891
-94.89443  171.1076   -0.5263672
-94.52119  172.1699   -0.3110352
-94.03789  172.7537   -0.2966797
-93.53066  173.6533   -0.1387695
-93.24834  174.0457   -0.1770508
-93.02822  174.5912   -0.244043
-93.07607  174.5625   -0.153125
-93.31533  174.218   -0.1435547
-93.60722  173.5959   -0.08613281
-93.95176  172.9643   -0.2631836
-94.32979  172.4092   -0.4976563
-94.8083  171.8637   -0.3110352
-95.14326  171.2512   -0.3493164
-95.40166  170.9736   -0.3110352
-95.54043  170.7248   -0.3732422
-95.74141  170.5334   -0.4067383
-95.71269  170.6291   -0.4498047
-95.68398  170.5717   -0.3588867
-95.57393  170.677   -0.4689453
-95.66006  170.8588   -0.521582
-95.63613  170.8779   -0.4928711
-95.68398  170.6961   -0.4833008
-95.74141  170.4855   -0.3301758
-95.8084  170.4377   -0.368457
-95.94238  170.2846   -0.521582
-95.98067  170.1027   -0.5837891
-96.23906  169.873   -0.4689453
-96.31084  169.519   -0.4880859
-96.48311  169.3467   -0.5120117
-96.63623  169.2701   -0.5407227
-96.71758  169.0309   -0.6651367
-96.79893  168.849   -0.5167969
-96.77979  168.9352   -0.6029297
-96.88027  168.782   -0.703418
-96.96162  168.8107   -0.5072266
-96.99512  168.3801   -0.5455078
-97.05733  168.5428   -0.6077148
-97.04775  168.4949   -0.6651367
-97.1626  168.2748   -0.6938477
-97.22481  167.9973   -0.6794922
-97.2583  168.0643   -0.4737305
-97.34922  167.8441   -0.5646484
-97.40664  167.8537   -0.6794922
-97.42578  167.6814   -0.7608398
-97.47842  167.6336   -0.7751953
-97.00468  168.3514   -2.91416
-93.90391  174.0074   -1.205859
-95.93282  169.3467   1.550391
-97.66504  166.9063   -0.2775391
-98.02871  166.5426   -0.9139649
-95.83232  169.0787   1.928418
-100.1725  162.0158   -1.158008
-98.50244  164.5424   -1.325488
-96.97598  166.7053   -0.2823242
-97.70332  158.5992   -2.631836
-96.06201  151.5172   -2.885449
-91.91328  143.7557   -4.143945
-99.61259  137.9273   -4.957422
-96.70322  127.3234   -6.062793
-106.7903  137.602   -2.497852
-106.2831  128.625   -5.378516
-110.9008  131.3813   -1.655664
-111.542  134.1566   1.153223
-111.5516  130.8645   2.646191
-133.8982  127.1895   7.49834
-115.2457  128.424   0.2249023
-113.5087  115.7529   -0.4833008
-107.934  116.5186   -2.918945
-113.8532  103.2445   -0.9522461
-108.9341  109.226   -2.339942
-109.3887  109.1686   -4.005176
-114.0303  107.8861   -4.852149
-111.5898  110.5945   -2.957227
-111.7143  116.6334   -1.54082
-111.609  117.8393   -2.215527
-108.647  111.0156   -3.962109
-110.5467  117.8775   -2.784961
-110.5467  120.9783   -1.545605
-110.3409  122.6053   -1.047949
-110.1064  121.275   -1.344629
-110.4893  122.5096   -0.4976563
-110.4558  124.2418   -0.244043
-110.0347  123.6963   -0.5933594
-109.7715  120.8635   -1.196289
-110.1543  120.4328   -1.186719
-111.1496  124.9787   -0.2727539
-110.3792  120.9018   -1.818359
-110.3026  121.2176   -1.512109
-110.4318  120.6434   -1.760937
-111.1975  116.4707   -1.789648
-111.2932  125.4477   -0.9091797
-110.073  114.2312   -2.464355
-111.8339  128.759   0.765625
-107.5416  123.4475   -2.167676
-109.7093  118.49   -2.177246
-109.3408  118.9398   -1.612598
-110.6089  126.6057   0.4354492
-110.1399  121.4664   -1.684375
-109.6375  116.0879   -1.512109
-109.1255  118.6814   -1.464258
-112.6809  125.5242   2.421289
-119.6098  105.9338   6.416894
-113.6905  122.2512   -0.05742187
-107.8861  133.4484   -1.114941
-105.3739  123.3996   0.4210938
-106.0199  128.2613   1.703516
-109.5896  125.9262   -19.62871
-106.0486  132.9029   -7.81416
-107.6373  132.7881   -3.162988
-108.2163  132.032   -1.894922
-111.0683  127.4287   -1.770508
-113.724  122.4043   -1.799219
-112.7526  124.7969   -1.722656
-111.0922  127.9455   -1.722656
-109.6519  131.5057   -2.28252
-108.4412  131.2186   -3.373535
-108.6039  135.0371   -4.000391
-105.0103  140.8559   -0.2966797
-104.9576  142.7603   -1.870996
-105.7567  140.4252   -1.52168
-113.2168  112.1832   -8.924316
-104.5078  187.1953   2.981152
-103.6465  120.0691   -1.732227
-110.8721  132.8551   -4.622461
-108.3216  127.9264   -2.627051
-105.0868  122.6723   -4.665527
-112.6426  129.716   -1.148438
-114.0398  132.2713   2.45957
-114.5758  130.0127   1.607813
-112.6043  130.8166   2.325586
-110.9008  124.9883   -1.119727
-110.0969  116.643   -5.230176
-109.3695  115.3031   -5.589063
-108.3934  116.0783   -5.627344
-108.4651  118.6719   -1.320703
-111.2118  115.083   -1.258496
-107.3598  118.9973   1.641309
-108.1972  115.0639   4.402344
-109.4174  113.7049   3.622363
-109.7858  111.8291   3.258691
-111.4032  110.0395   2.258594
-108.9006  108.4604   -1.507324
-110.3983  107.9723   1.67959
-110.0825  105.2447   -2.272949
-111.7334  107.599   1.148438
-112.6665  106.173   1.789648
-112.4655  106.0104   2.536133
-110.9582  107.3885   1.181934
-110.4318  106.6611   -0.1722656
-109.6566  106.776   1.071875
-109.7619  105.9051   2.162891
-110.0777  105.1969   3.66543
-111.3889  104.1154   2.368652
-111.097  102.1918   0.009570313
-111.542  105.1012   0.5167969
-113.6188  105.8572   2.713184
-113.2407  107.9914   4.215723
-114.1834  108.6709   5.900098
-114.5901  110.3074   7.292578
-112.3794  116.6908   6.924121
-111.0587  118.5379   3.765918
-108.6661  118.2604   -3.98125
-108.2785  113.0541   -8.919531
-108.5991  113.2072   -8.484082
-110.384  113.7049   -11.43652
-107.8191  118.1359   -7.627539
-109.1303  114.748   -7.129883
-111.03  116.9301   -5.651269
-107.8191  122.4713   -6.426465
-106.2592  124.4045   -6.28291
-107.5368  121.1314   -6.818848
-110.3648  123.5814   -6.483887
-111.2453  126.1654   -5.737402
-112.3603  122.366   -5.349805
-110.5419  121.8301   -6.57002
-111.8243  127.333   -5.723047
-111.6855  126.175   -6.086719
-111.097  127.0746   -6.125
-111.4559  126.0793   -5.555566
-110.4031  127.3809   -5.158399
-108.1397  131.1516   -5.823535
-109.7093  118.6432   -6.416894
-104.2207  130.3285   -7.302148
-104.6179  133.0465   -6.416894
-110.4893  123.8877   -5.732617
-107.4746  123.6771   -7.19209
-109.36  124.7395   -8.019922
-107.6229  130.5869   -5.928809
-108.4939  131.008   -3.651074
-111.097  133.9078   -3.316113
-109.3504  133.2092   0.04785156
-111.6521  129.984   5.220605
-106.6133  127.7637   6.158496
-108.4604  128.5389   6.072363
-107.355  129.7639   8.957812
-108.3694  126.7492   5.756543
-110.8242  121.6961   5.234961
-109.3456  124.7586   4.416699
-109.6279  123.524   4.354492
-110.0777  124.8734   5.062696
-108.4508  125.5721   4.833008
-110.073  124.749   7.029395
-111.877  124.2131   9.795215
-110.762  129.3715   12.46055
-112.8579  130.4146   14.38418
-115.9922  129.4576   11.16855
-116.0305  124.9978   0.5359375
-109.5131  113.3891   -11.16377
-106.374  115.3414   -14.36982
-108.2977  122.098   -7.34043
-110.1208  114.8533   -9.512891
-109.0729  119.6193   -7.354785
-106.331  118.691   -8.575
-108.2355  121.8588   -7.670606
-106.0343  128.6441   -7.694531
-106.3788  129.3236   -7.326074
-108.2355  129.8883   -7.345215
-109.1638  128.6059   -7.790235
-110.4318  128.6633   -7.283008
-111.2692  127.5053   -7.206445
-110.9104  126.1367   -7.134668
-108.6565  128.4432   -7.550977
-108.2929  124.4428   -7.929004
-105.6754  127.2277   -7.847656
-106.5319  125.0361   -7.029395
-112.1449  114.1834   -8.957812
-106.3022  121.7439   -9.35498
-105.7998  134.5682   -5.287598
-111.3027  147.8709   -0.05263672
-110.4318  149.2107   5.316308
-114.3174  138.5494   3.488379
-110.8769  135.8889   5.622559
-106.1252  136.6641   3.545801
-108.6613  131.2664   2.918945
-107.9483  133.9748   5.98623
-109.36  132.8838   3.048145
-108.5273  135.4391   4.402344
-108.2929  137.3531   5.565137
-108.7522  140.4826   9.230566
-109.8576  142.3488   10.25937
-111.5468  142.0809   10.03926
-115.0878  132.032   -5.560351
-109.5609  127.8785   -9.709082
-112.2215  112.9775   -11.21162
-106.5941  111.2836   -10.68047
-103.8427  114.3461   -10.90059
-105.5031  114.5662   -8.235254
-104.1537  122.4809   -6.943262
-105.4792  126.7971   -7.34043
-109.6136  129.5916   -5.928809
-112.5804  132.6254   -4.622461
-114.6858  128.4049   -4.325781
-114.3987  125.2945   -4.847363
-113.9059  128.0412   -4.536328
-113.0397  127.6775   -3.727637
-110.695  127.8881   -3.794629
-109.293  124.4906   -3.177344
-109.6519  122.0693   -4.191797
-108.3168  120.8348   -4.809082
-102.8282  126.2037   -6.158496
-78.08897  142.0904   -12.49883
-92.29131  132.8264   -4.521973
-118.5905  141.6215   4.349707
-116.308  122.6627   0.4354492
-113.7145  117.0354   -2.689258
-114.6476  117.7723   -0.2631836
-113.7049  119.5715   -1.784863
-111.6233  122.5957   -1.713086
-109.7236  125.4381   -1.631738
-108.5082  128.0891   -1.894922
-108.3216  130.9314   -1.06709
-107.5703  131.2281   -1.780078
-107.9388  130.673   -1.722656
-108.7666  129.1227   -1.780078
-109.6566  127.4479   -1.636523
-110.384  126.0889   -1.545605
-110.652  125.2562   -1.459473
-110.7381  125.1797   -1.69873
-110.5084  125.2658   -1.478613
-110.0395  126.175   -1.425977
-109.5705  127.065   -1.67959
-109.4126  127.4957   -1.569531
-109.3887  127.4574   -1.512109
-109.671  127.0842   -1.545605
-109.9103  126.443   -1.406836
-109.9485  126.2994   -1.593457
-109.8385  126.3951   -1.674805
-109.8337  126.4143   -1.469043
-109.8911  126.6152   -1.52168
-109.8433  126.6057   -1.593457
-109.7045  126.6918   -1.641309
-109.6901  126.577   -1.464258
-109.6997  126.6535   -1.516895
-109.8193  126.6248   -1.564746
-109.8863  126.5482   -1.492969
-109.939  126.4047   -1.559961
-109.9533  126.2803   -1.641309
-109.915  126.1941   -1.526465
-109.8385  126.1367   -1.507324
-109.8672  126.1846   -1.641309
-109.8433  126.2516   -1.626953
-109.8241  126.2707   -1.488184
-109.8289  126.242   -1.68916
-109.8385  126.51   -1.502539
-109.7667  126.3664   -1.68916
-109.7954  126.0793   -1.641309
-109.7954  126.0602   -1.454687
-109.7428  126.0506   -1.588672
-109.8289  125.9262   -1.646094
-109.9007  125.8975   -1.751367
-109.8911  126.1941   -1.545605
-109.8385  126.2229   -1.612598
-109.9533  126.2898   -1.512109
-109.8098  125.9549   -1.54082
-109.7858  126.1176   -1.545605
-109.848  125.9357   -1.52168
-109.8528  126.0314   -1.674805
-109.7045  126.0314   -1.603027
-109.7571  125.9453   -1.574316
-109.8576  125.84   -1.741797
-109.872  125.9549   -1.708301
-109.8624  125.9645   -1.641309
-109.9533  125.9166   -1.655664
-109.9533  125.6486   -1.607813
-109.9007  125.6582   -1.646094
-109.8624  125.7635   -1.660449
-109.8385  125.7635   -1.545605
-109.8863  125.84   -1.737012
-109.8815  125.907   -1.588672
-109.8576  125.7443   -1.674805
-109.8815  125.6965   -1.631738
-109.8911  125.7443   -1.397266
-110.0203  125.773   -1.646094
-109.9437  125.6869   -1.464258
-109.8959  125.6869   -1.569531
-109.8911  125.6104   -1.626953
-109.915  125.7922   -1.607813
-109.848  125.5816   -1.564746
-109.8863  125.4285   -1.732227
-109.848  125.5146   -1.53125
-109.9103  125.4477   -1.660449
-109.9581  125.5146   -1.612598
-109.9485  125.5625   -1.622168
-109.9437  125.3902   -1.67002
-109.9342  125.3902   -1.655664
-109.9246  125.5051   -1.574316
-109.9103  125.4859   -1.579102
-109.9437  125.5338   -1.555176
-109.9485  125.6678   -1.655664
-110.0442  125.4668   -1.646094
-110.0347  125.4094   -1.478613
-109.9055  125.285   -1.607813
-109.982  125.4189   -1.464258
-109.8624  125.4189   -1.626953
-109.9725  125.4094   -1.646094
-109.9485  125.2945   -1.607813
-109.9772  125.1893   -1.564746
-110.0347  125.2562   -1.708301
-109.8624  125.218   -1.655664
-109.9246  125.285   -1.550391
-110.0012  125.3232   -1.717871
-109.9485  125.218   -1.593457
-110.0012  125.2658   -1.67002
-109.9964  125.0648   -1.574316
-109.9629  125.0648   -1.67002
-109.9533  125.1988   -1.626953
-109.9437  125.218   -1.674805
-109.9198  125.2754   -1.52168
-109.9581  125.084   -1.574316
-109.9485  124.95   -1.536035
-109.9677  125.1701   -1.612598
-110.0107  124.9787   -1.507324
-110.049  125.0553   -1.583887
-109.982  125.0457   -1.478613
-110.0347  125.1797   -1.550391
-109.9916  125.017   -1.555176
-109.9437  124.9117   -1.559961
-109.9007  125.1893   -1.751367
-110.0299  125.0457   -1.646094
-109.9868  125.0361   -1.569531
-110.0251  125.0361   -1.622168
-109.9533  124.9596   -1.703516
-109.9437  124.7586   -1.641309
-110.0012  124.8639   -1.68916
-110.0442  124.7777   -1.67002
-110.0825  124.682   -1.559961
-109.9246  124.7586   -1.583887
-110.0538  124.95   -1.583887
-109.9342  124.8447   -1.641309
-109.9342  124.816   -1.454687
-110.0107  124.8256   -1.655664
-109.9725  124.749   -1.555176
-109.9725  124.7203   -1.626953
-109.982  124.816   -1.68916
-109.9007  124.9309   -1.655664
-110.0155  124.7586   -1.526465
-109.8863  124.8734   -1.512109
-109.9916  124.9596   -1.459473
-109.9198  124.615   -1.703516
-109.9437  124.749   -1.598242
-110.0921  124.6055   -1.646094
-110.0251  124.5289   -1.770508
-110.0634  124.6438   -1.626953
-109.9629  124.5768   -1.799219
-110.006  124.5863   -1.603027
-110.006  124.6629   -1.622168
-109.9629  124.6055   -1.684375
-110.006  124.7395   -1.617383
-109.982  124.6055   -1.464258
-110.0586  124.6533   -1.693945
-110.0203  124.5098   -1.665234
-109.9916  124.4811   -1.612598
-109.9629  124.5672   -1.593457
-110.0203  124.6725   -1.507324
-110.1064  124.5098   -1.512109
-109.982  124.5863   -1.650879
-109.9342  124.3566   -1.760937
-109.9916  124.3949   -1.660449
-110.0395  124.5672   -1.655664
-110.0347  124.615   -1.67959
-109.9868  124.4619   -1.526465
-110.0538  124.5098   -1.607813
-110.0442  124.6533   -1.550391
-109.9868  124.3184   -1.665234
-110.073  124.3662   -1.502539
-109.982  124.3758   -1.703516
-110.006  124.3566   -1.583887
-110.0825  124.3471   -1.555176
-110.116  124.3662   -1.569531
-109.9677  124.3949   -1.713086
-109.9868  124.4619   -1.650879
-110.0825  124.2992   -1.617383
-110.0969  124.4332   -1.660449
-110.0777  124.2896   -1.751367
-110.1064  124.2992   -1.650879
-110.0873  124.2131   -1.660449
-110.1017  124.2609   -1.756152
-110.0969  124.3662   -1.68916
-110.0586  124.3758   -1.512109
-110.049  124.4045   -1.559961
-110.0395  124.2418   -1.612598
-110.1208  124.1174   -1.598242
-110.1447  124.1557   -1.612598
-110.1639  124.1461   -1.612598
-110.049  124.2418   -1.68916
-110.0634  124.0982   -1.650879
-110.2117  124.0217   -1.622168
-110.0395  124.0791   -1.593457
-110.0921  124.2322   -1.693945
-110.0251  124.127   -1.770508
-110.0203  124.06   -1.674805
-110.0586  124.1557   -1.765723
-110.0825  124.0217   -1.612598
-110.0538  123.9834   -1.636523
-110.073  124.0408   -1.68916
-110.0203  124.0408   -1.722656
-110.1017  123.9451   -1.545605
-110.1208  123.993   -1.622168
-110.1208  123.8494   -1.655664
-110.0825  123.8207   -1.636523
-110.0203  123.9164   -1.574316
-110.0873  124.0313   -1.574316
-110.1352  124.0695   -1.780078
-110.1399  124.0791   -1.650879
-110.0634  123.9355   -1.722656
-110.0825  123.7059   -1.607813
-110.0538  123.792   -1.598242
-110.1017  123.7729   -1.69873
-110.073  123.6676   -1.579102
-110.1352  123.6197   -1.593457
-110.2069  123.8111   -1.612598
-110.1112  123.6484   -1.607813
-110.073  123.5814   -1.502539
-110.0682  123.7441   -1.722656
-110.0299  123.6102   -1.607813
-110.1112  123.4379   -1.598242
-110.049  123.6389   -1.574316
-110.2021  123.4187   -1.626953
-110.0538  123.5719   -1.598242
-110.1112  123.5145   -1.784863
-110.049  123.4475   -1.765723
-110.1064  123.6389   -1.765723
-110.1256  123.6867   -1.569531
-110.0873  123.5814   -1.703516
-110.0969  123.4857   -1.469043
-110.1256  123.4762   -1.641309
-110.1304  123.4283   -1.545605
-110.0682  123.6389   -1.603027
-110.049  123.4953   -1.483398
-110.1447  123.457   -1.52168
-110.1639  123.3039   -1.770508
-110.1639  123.4666   -1.564746
-110.1447  123.3613   -1.598242
-110.1256  123.4092   -1.69873
-110.0873  123.4092   -1.626953
-110.1112  123.4762   -1.626953
-110.1591  123.39   -1.569531
-110.1256  123.2561   -1.69873
-110.0921  123.2752   -1.684375
-110.0634  123.4953   -1.665234
-110.1304  123.3996   -1.713086
-110.1017  123.4379   -1.612598
-110.1495  123.4092   -1.588672
-110.2213  123.2848   -1.588672
-110.1399  123.1412   -1.612598
-110.2117  123.2369   -1.631738
-110.1734  123.323   -1.650879
-110.0538  123.2465   -1.574316
-110.1208  123.1604   -1.693945
-110.1017  123.2369   -1.684375
-110.0777  123.3805   -1.598242
-110.1112  123.2848   -1.617383
-110.1304  123.3422   -1.607813
-110.0921  123.3135   -1.851856
-110.1352  123.1316   -1.722656
-110.1591  123.3135   -1.569531
-110.1734  123.3039   -1.559961
-110.2069  123.3996   -1.717871
-110.1304  123.524   -1.708301
-110.0538  123.4092   -1.693945
-110.2404  123.1412   -1.579102
-110.1639  123.0551   -1.617383
-110.1304  122.9785   -1.693945
-110.1926  123.1795   -1.703516
-110.1591  123.0168   -1.583887
-110.1352  123.1125   -1.727441
-110.1256  123.3039   -1.631738
-110.0634  123.0934   -1.593457
-110.1974  123.2465   -1.760937
-110.1782  123.1699   -1.684375
-110.116  123.0838   -1.660449
-110.2213  123.3135   -1.574316
-110.0586  123.0742   -1.746582
-110.1208  123.1604   -1.68916
-110.2261  122.902   -1.67959
-110.1064  122.8924   -1.67959
-110.1734  123.1508   -1.622168
-110.1543  123.0551   -1.684375
-111.4224  112.4225   -2.067188
-108.9963  119.9543   -3.043359
-109.5944  127.0459   -1.028809
-112.1162  128.9025   -0.3158203
-110.5132  123.9738   -0.459375
-112.1641  120.2797   -2.416504
-112.2693  120.3754   -2.871094
-109.6662  124.8447   -1.158008
-109.9485  124.6916   -1.914063
-110.7907  124.3949   -4.115234
-109.4509  126.6535   -2.780176
-107.4172  130.7209   -0.9474609
-113.6953  150.0625   0.6842774
-110.6185  129.9744   1.478613
-110.7524  132.1947   -3.478809
-110.0395  128.3953   -2.574414
-111.1161  129.1992   -1.765723
-111.164  130.4146   -2.507422
-111.6808  134.8553   -1.54082
-111.9344  139.3629   -3.732422
-108.4173  145.4975   -0.0765625
-106.0965  146.6746   -2.028906
-106.3262  145.6697   -2.698828
-106.9482  143.9949   -3.909473
-106.1683  146.5693   -3.852051
-104.8284  148.158   -4.12959
-102.9144  150.541   -4.541113
-101.5841  154.1203   -4.306641
-100.0576  156.7234   -4.029101
-101.1869  157.4795   -4.541113
-100.1964  159.9391   -5.392871
-98.36367  161.2023   -3.761133
-98.47852  162.2359   -5.383301
-97.96172  162.0828   -5.373731
-98.33496  162.5709   -5.177539
-98.16748  163.6332   -5.359375
-98.43066  163.815   -5.876172
-99.07188  165.5664   -5.19668
-99.78965  166.6191   -5.120117
-100.2107  165.7674   -5.163184
-100.0193  165.2219   -5.636914
-99.37813  164.9252   -5.756543
-98.89961  163.9203   -5.995801
-98.56465  165.2219   -6.029297
-98.02871  167.1455   -5.708692
-98.11485  166.7244   -5.924024
-98.43545  167.0689   -6.029297
-98.7417  167.557   -5.574707
-99.01445  167.6145   -5.962305
-99.19151  166.8775   -5.689551
-99.39248  167.2029   -5.770898
-99.13887  168.1982   -6.067578
-98.3206  167.6432   -6.125
-98.11485  168.2557   -5.823535
-98.15791  168.2652   -5.842676
-97.64111  167.4135   -5.67041
-97.44492  166.533   -6.014941
-98.17226  166.3033   -6.053223
-98.95703  166.8105   -5.842676
-99.20586  166.935   -5.890527
-98.67949  166.5904   -5.842676
-98.46895  166.265   -6.28291
-99.54561  165.2027   -6.048438
-100.9094  164.418   -5.991015
-99.14844  164.8391   -6.191992
-99.65566  162.9824   -6.546094
-100.8185  160.9822   -6.258985
-101.3209  160.0922   -6.101074
-102.0243  158.8289   -6.402539
-103.6513  157.4795   -5.98623
-102.8043  157.7666   -5.766113
-101.7563  157.2115   -5.737402
-103.4312  154.685   -6.139356
-103.5651  153.4121   -6.43125
-101.5745  152.4455   -6.364258
-103.1584  146.5885   -6.455176
-102.1487  146.5598   -5.172754
-99.63174  144.7223   -6.632226
-105.0007  139.6213   -7.991211
-110.9582  141.5545   -6.445605
-113.6331  146.0143   -4.756445
-111.4702  146.9521   -2.890234
-107.4459  144.7127   -4.565039
-107.7522  139.7553   -5.885742
-106.2927  137.9082   -5.258887
-106.5894  134.9893   -4.206152
-105.7663  132.2713   -5.316308
-106.0869  128.8738   -6.158496
-110.3026  127.0555   -4.469336
-113.7432  126.0027   -4.000391
-114.5901  129.0461   -2.794531
-112.8531  130.1275   -2.92373
-113.5087  128.4527   -3.387891
-111.4367  126.5291   -3.732422
-111.3171  124.2705   -3.593652
-111.9439  122.3852   -3.689355
-110.9582  122.835   -3.938184
-108.2115  120.2127   -3.512305
-106.843  115.7625   -5.416797
-108.2546  111.3027   -6.503027
-110.4749  112.365   -5.033984
-114.2935  114.2695   -2.847168
-115.2266  114.2695   -2.708398
-115.15  113.8102   -2.751465
-113.3891  111.6568   -3.206055
-111.9296  109.7332   -3.890332
-111.0013  107.1779   -4.359277
-109.738  106.4219   -4.641602
-109.0968  104.0676   -5.81875
-111.4271  104.4121   -4.665527
-113.2168  105.685   -3.746777
-114.6093  106.2496   -3.344824
-114.6667  106.0104   -3.598438
-114.2743  107.1875   -3.84248
-113.791  108.6709   -4.330566
-112.7718  111.542   -3.995605
-112.5995  113.4273   -3.942969
-111.475  115.9635   -4.201367
-107.6612  115.9252   -4.990918
-107.556  115.351   -6.230273
-107.8479  119.2939   -5.191895
-108.7044  122.3469   -4.73252
-111.4511  125.1701   -3.660645
-114.6763  127.4096   -3.818555
-115.6764  128.3762   -3.588867
-115.7577  129.6873   -5.273242
-111.542  133.2283   -5.163184
-105.2304  133.5346   -7.64668
-101.5602  132.0799   -9.096582
-103.3163  132.1086   -7.919434
-106.0056  139.5064   -7.330859
-107.0679  143.2293   -6.723145
-107.8096  146.0621   -6.392969
-108.7379  147.6986   -5.900098
-106.9578  148.8279   -5.5125
-89.31494  150.8568   -7.321289
-96.196  152.0053   -6.196777
-106.5941  154.149   -10.29766
-116.2554  154.1203   -5.010058
-110.7764  146.4641   -7.000684
-104.5461  144.5691   -7.306933
-101.431  146.5598   -7.704102
-103.6656  150.6272   -7.029395
-105.3165  153.2207   -6.455176
-105.594  153.9289   -6.426465
-105.6754  154.3883   -6.546094
-105.7232  154.6467   -6.632226
-105.2926  154.9912   -6.603516
-105.5845  154.8668   -6.723145
-104.7662  154.6084   -7.177734
-103.4024  154.9625   -6.646582
-101.742  154.2926   -7.072461
-102.077  153.3547   -7.048535
-101.9717  155.4219   -6.455176
-102.7612  156.9627   -6.660937
-103.1871  157.4699   -6.751855
-103.3546  157.7857   -6.699219
-103.857  157.6135   -6.732715
-103.8857  157.5273   -6.943262
-103.9097  157.7379   -8.173047
-102.5794  158.1207   -6.904981
-102.1105  156.4842   -6.287695
-102.2157  156.1492   -7.49834
-103.0005  156.9531   -7.244727
-102.8952  157.3072   -6.775781
-103.2206  157.7379   -6.842773
-103.6273  158.1016   -7.20166
-103.1105  157.8336   -6.603516
-102.8139  157.202   -6.986328
-102.9096  157.5178   -7.129883
-103.1871  158.1111   -7.182519
-103.1345  158.2738   -6.909766
-102.8569  158.6279   -7.177734
-102.5555  158.293   -6.900195
-102.0817  157.8719   -7.005469
-102.0339  156.3311   -7.311719
-103.0148  156.3406   -7.479199
-103.4024  157.4986   -7.316504
-103.924  157.7379   -7.125098
-103.5173  157.202   -6.938477
-103.1775  157.1732   -7.149024
-103.4886  156.8861   -7.445703
-102.8761  156.2545   -7.019824
-103.1345  155.3166   -7.416992
-103.4455  156.2066   -7.278223
-103.6943  157.068   -7.149024
-103.7039  156.599   -7.03418
-103.7948  155.776   -7.04375
-103.6991  155.2209   -6.981543
-103.8427  155.4697   -7.019824
-103.6561  156.1588   -7.010254
-103.5986  154.9146   -7.330859
-103.7135  154.35   -7.34043
-103.7087  154.3022   -7.474414
-104.1202  154.2926   -7.239942
-104.2686  154.4074   -6.957617
-103.8857  154.4361   -6.928906
-104.8188  153.6418   -6.938477
-104.9241  153.1729   -6.938477
-104.7758  152.0818   -7.168164
-105.4074  152.0435   -7.058105
-105.0964  152.6369   -6.88584
-103.7948  150.5697   -6.852344
-102.9431  147.1723   -7.091601
-104.1681  148.225   -6.919336
-106.819  149.5553   -7.65625
-107.3071  150.5123   -5.459863
-105.2974  148.8853   -6.651367
-105.3165  144.282   -7.35
-104.972  142.368   -8.196973
-106.4793  141.2004   -7.833301
-107.7856  142.0139   -6.723145
-108.7188  141.4109   -6.742285
-106.7855  140.607   -7.728027
-107.5655  134.8361   -7.306933
-109.6423  133.324   -7.924219
-111.3506  134.549   -7.876367
-111.6568  134.8457   -6.287695
-111.5803  134.4533   -7.570117
-106.7138  133.9652   -6.766211
-107.0009  128.0029   -7.632324
-109.5657  128.2709   -7.015039
-111.1687  128.1561   -6.13457
-111.4702  128.357   -7.546191
-112.5756  128.1752   -7.661035
-104.5987  136.1281   -6.976758
-111.7956  129.783   -6.311621
-116.174  126.7205   -6.014941
-111.9727  124.2514   -6.034082
-107.4363  128.5867   -6.330762
-106.2592  128.2231   -6.316406
-109.5179  128.6633   -5.67041
-110.6711  130.0701   -4.378418
-112.7335  128.8834   -5.751758
-112.4799  129.8883   -5.019629
-110.5563  128.1369   -5.469434
-110.5084  125.8975   -5.737402
-109.4461  126.2037   -5.421582
-109.4796  124.4045   -4.981348
-110.0921  124.4619   -7.086816
-109.848  125.2084   -5.775683
-111.4463  123.8398   -4.225293
-111.2022  121.9736   -6.297266
-110.5945  120.1457   -6.775781
-111.3506  120.4615   -5.804395
-112.1545  122.433   -5.287598
-112.1497  123.1795   -5.349805
-112.3172  122.6244   -5.282813
-110.451  122.6148   -5.402442
-110.3888  120.7199   -5.531641
-110.561  121.4186   -5.708692
-110.6424  121.8396   -5.455078
-110.6759  120.251   -5.852246
-109.848  121.3898   -5.703906
-110.1782  121.7918   -5.345019
-110.8003  121.1697   -5.105762
-110.5371  123.3518   -4.981348
-111.231  123.5814   -5.268457
-111.8004  122.0885   -5.407227
-111.2645  121.7822   -5.230176
-111.3697  124.0313   -5.077051
-110.9869  124.3566   -6.144141
-110.6089  123.3518   -5.536426
-110.8003  121.2559   -5.421582
-110.0107  125.5242   -5.033984
-110.4223  127.4957   -4.76123
-111.2597  126.3664   -5.388086
-109.0633  128.491   -4.76123
-107.7522  129.2375   -4.689453
-108.5417  127.5627   -5.067481
-107.0918  128.1369   -3.454883
-108.7331  132.3096   -3.694141
-109.6853  131.8693   -2.138965
-109.7811  130.1275   -3.81377
-108.6374  123.7154   -1.024023
-105.728  129.8883   -4.086524
-109.6471  131.209   0.1914063
-108.8527  131.1803   -3.636719
-107.3263  135.0275   -4.062598
-109.4126  130.8932   -5.531641
-111.7765  131.3717   -9.134863
-112.1162  130.8836   -7.115527
-110.585  129.8596   -4.249219
-110.7333  129.3715   -3.909473
-110.4653  129.6107   -3.81377
-109.9725  128.9695   -4.359277
-109.6327  126.7014   -4.483691
-109.9437  127.0938   -4.498047
-110.4893  128.7877   -4.59375
-111.2022  129.8979   -4.201367
-111.0778  132.5775   -3.478809
-110.7572  136.0229   -3.770703
-110.5897  132.0416   -3.770703
-109.427  128.1561   -4.785156
-109.336  126.1367   -5.435937
-109.5179  128.8643   -5.517285
-110.6328  130.0797   -5.268457
-110.3313  130.3572   -5.340234
-109.8672  130.0223   -5.574707
-108.1828  127.4479   -7.402637
-108.714  126.8928   -6.402539
-108.2211  127.1416   -7.737597
-109.7188  126.6535   -7.632324
-107.0439  125.8592   -7.397851
-107.0248  123.3805   -7.751953
-109.1063  124.4236   -7.383496
-110.9391  123.725   -7.058105
-107.8431  121.2367   -7.546191
-107.6708  117.4182   -7.680176
-104.1059  122.4617   -7.407422
-111.2597  116.3463   -7.914649
-118.1742  115.1117   -6.928906
-118.1599  116.777   -5.603418
-113.4082  121.3133   -5.651269
-111.7621  118.2699   -6.416894
-111.0156  115.6668   -5.134473
-111.6951  116.0879   -6.517383
-114.0973  118.758   -5.636914
-114.882  120.7869   -4.665527
-114.5997  121.0453   -4.670312
-113.3556  120.7773   -4.498047
-112.6091  121.61   -4.895215
-114.3844  124.7203   -6.512598
-115.3893  128.1848   -4.598535
-115.5759  127.0938   -5.115332
-110.3074  127.9742   -5.656054
-105.6897  127.0555   -5.569922
-102.6416  127.4957   -6.144141
-101.9095  130.9889   -7.101172
-103.3929  132.0033   -5.751758
-105.7663  134.5969   -5.909668
-107.3598  138.6164   -5.316308
-108.8288  141.9277   -5.483789
-104.4073  141.8416   -5.254102
-99.73222  140.674   -5.526855
-102.5507  141.6311   -6.28291
-114.37  145.2486   -4.684668
-114.7241  146.177   -3.153418
-108.7953  141.5162   -4.512403
-103.3594  138.0709   -5.689551
-102.1918  135.975   -5.914453
-110.6424  140.8941   -4.943067
-108.3264  141.2578   -4.009961
-101.7324  135.0562   -7.919434
-100.9046  131.0271   -8.263965
-103.0914  130.7305   -6.507813
-109.0585  133.3719   -2.239453
-107.6564  137.7934   -4.330566
-131.2186  156.7426   11.69014
-116.3559  125.4189   -5.50293
-109.7045  129.783   0.6077148
-108.69  131.5152   -3.196484
-108.2211  132.6062   -3.115137
-108.5465  131.9937   -2.258594
-108.8192  131.3621   -2.564844
-109.2738  130.1945   -2.277734
-109.6758  129.4193   -2.45957
-110.006  128.692   -2.464355
-110.2021  128.3857   -2.521777
-110.1352  127.9455   -2.493066
-110.2117  128.0603   -2.507422
-109.9916  128.4432   -2.550488
-109.6806  128.7111   -2.665332
-109.604  128.9025   -2.698828
-109.5705  128.9408   -2.387793
-109.5179  129.0078   -2.521777
-109.4939  128.9791   -2.516992
-109.5944  128.96   -2.354297
-109.6184  128.8547   -2.627051
-109.7141  128.5006   -2.545703
-109.805  128.2135   -2.536133
-109.8433  128.2613   -2.583984
-109.8002  127.9455   -2.397363
-109.8624  128.0699   -2.512207
-109.7858  128.0986   -2.540918
-109.7619  128.1082   -2.60791
-109.6519  128.0986   -2.516992
-109.6423  128.1848   -2.464355
-109.7188  128.0603   -2.497852
-109.5849  127.8402   -2.550488
-109.5657  127.7254   -2.545703
-109.4796  127.4957   -2.636621
-110.3122  128.3666   -2.320801
-109.7906  127.6488   -2.473926
-109.7858  127.8881   -2.392578
-109.7571  127.7637   -2.435645
-109.7523  127.8498   -2.445215
-109.7954  127.8689   -2.497852
-109.7811  127.9742   -2.536133
-109.8241  127.9646   -2.531348
-109.7858  127.8115   -2.421289
-109.7811  127.7924   -2.507422
-109.7667  127.668   -2.531348
-109.8576  127.6488   -2.564844
-109.8911  127.5914   -2.45
-109.8672  127.6297   -2.363867
-109.8959  127.4766   -2.30166
-109.848  127.3713   -2.512207
-109.8576  127.5053   -2.603125
-109.7188  127.4383   -2.402148
-109.8002  127.5723   -2.445215
-109.8193  127.3426   -2.550488
-109.8098  127.3234   -2.464355
-109.8337  127.3139   -2.44043
-109.8289  127.199   -2.44043
-109.7954  127.2852   -2.45957
-109.8002  127.2852   -2.59834
-109.8911  127.2852   -2.473926
-109.805  127.3139   -2.531348
-109.8289  127.0746   -2.325586
-109.8337  127.2469   -2.473926
-109.8433  127.0172   -2.363867
-109.8002  127.1033   -2.579199
-109.9007  126.9789   -2.507422
-109.8863  127.2182   -2.426074
-109.8528  127.2469   -2.435645
-109.9246  127.3043   -2.430859
-109.9342  127.0363   -2.502637
-109.8433  127.2373   -2.359082
-109.9007  127.1799   -2.373437
-109.915  126.5961   -2.416504
-109.9533  126.5674   -2.421289
-109.9055  126.6057   -2.325586
-109.872  127.0172   -2.521777
-109.8193  127.0938   -2.507422
-109.939  126.7588   -2.454785
-109.9246  126.7205   -2.387793
-109.939  126.5387   -2.493066
-109.9533  126.6727   -2.354297
-109.9437  126.3951   -2.378223
-109.939  126.4143   -2.435645
-109.9581  126.3377   -2.502637
-109.915  126.5004   -2.540918
-109.9103  126.4143   -2.445215
-110.0299  126.2611   -2.536133
-109.8911  126.2133   -2.521777
-109.9198  126.5482   -2.354297
-109.9485  126.2516   -2.392578
-109.915  126.2994   -2.402148
-109.9629  126.2994   -2.497852
-109.8911  126.5004   -2.430859
-109.9533  126.3855   -2.421289
-109.9485  126.1559   -2.406934
-109.9103  126.4143   -2.445215
-110.0299  126.2611   -2.536133
-109.8911  126.2133   -2.521777
-109.9437  126.3473   -2.560059
-109.9581  126.376   -2.521777
-109.9437  126.1846   -2.411719
-110.8721  124.6342   -2.521777
-111.0874  124.6916   -2.296875
-105.3309  128.1082   -3.36875
-108.6518  119.3705   -3.502734
-103.5029  145.7846   -3.392676
-112.0253  126.7684   -2.617481
-110.451  126.8066   -2.363867
-112.322  128.1561   -1.024023
-112.2167  123.3422   -1.009668
-112.901  134.8744   -0.8900391
-110.5945  135.6496   -1.665234
-109.0394  129.6203   -1.583887
-109.6327  133.1613   -2.024121
-110.1926  140.5018   -1.722656
-103.5029  145.7846   -3.392676
-112.0253  126.7684   -2.617481
-110.451  126.8066   -2.363867
-108.3312  125.2754   -3.091211
-108.7857  131.6684   -3.119922
-111.3075  137.9561   -1.325488
-109.2882  143.9088   -2.727539
-104.0628  144.1959   0.4737305
-106.4219  149.1916   -3.009863
-105.082  150.0912   -3.325684
-101.9956  154.1107   -4.402344
-103.1488  157.0105   -3.83291
-102.8186  161.7096   -4.469336
-103.2876  150.541   -3.938184
-102.6272  155.6037   -4.105664
-102.4646  159.2691   -4.502832
-100.9716  161.4512   -3.909473
-99.08144  165.2219   -4.885644
-98  165.1549   -5.100976
-98.44023  166.5139   -4.574609
-101.9956  154.1107   -4.402344
-103.1488  157.0105   -3.83291
-102.8186  161.7096   -4.469336
-98.38281  161.1258   -5.330664
-98.45937  164.7816   -4.498047
-98.70341  166.6574   -5.885742
-97.70332  166.5713   -5.134473
-98.40674  167.2316   -5.550781
-97.55498  168.8012   -5.857031
-97.34444  167.6527   -5.761328
-97.66504  169.5764   -5.723047
-97.98086  169.6816   -5.713477
-96.47353  166.9445   -5.713477
-97.6794  167.3465   -6.062793
-97.8373  169.3275   -5.622559
-97.92822  168.6193   -6.469531
-97.59805  168.5045   -5.842676
-98.30147  169.7391   -6.077148
-98  169.184   -6.139356
-97.85645  169.9496   -6.010156
-97.66504  169.5764   -5.723047
-97.98086  169.6816   -5.713477
-96.47353  166.9445   -5.713477
-98.3876  169.2414   -5.770898
-98.05742  169.3467   -6.101074
-97.92822  169.7965   -5.627344
-97.89473  168.5236   -6.13457
-97.421  168.3514   -6.158496
-97.54541  167.7867   -6.876269
-96.97598  167.2221   -7.292578
-97.53105  166.1119   -7.335645
-98.37325  156.5703   -7.464844
-100.6701  152.5221   -6.27334
-96.40176  167.9111   -7.225586
-96.84678  160.877   -8.077344
-100.1916  154.3213   -7.555762
-107.0057  153.6322   -5.569922
-107.2832  147.2871   -5.488574
-108.7044  139.1619   -5.962305
-107.1636  132.0607   -6.373828
-97.53105  166.1119   -7.335645
-98.37325  156.5703   -7.464844
-100.6701  152.5221   -6.27334
-106.91  153.6801   -4.655957
-107.0583  141.9947   -6.254199
-103.9527  137.6689   -5.05791
-112.3555  130.7209   -6.287695
-113.5805  127.132   -4.746875
-111.0252  126.7396   -5.287598
-110.9582  122.4904   -6.215918
-111.0204  115.8582   -5.914453
-111.7478  115.5232   -6.340332
-115.6812  117.8105   -5.593848
-110.3409  119.9256   -6.024512
-111.4702  115.7338   -6.665723
-114.0494  116.5664   -5.885742
-116.0018  118.7389   -5.531641
-115.4802  119.6863   -7.182519
-115.7481  124.7203   -6.014941
-113.1402  131.7354   -6.952832
-111.0204  115.8582   -5.914453
-111.7478  115.5232   -6.340332
-115.6812  117.8105   -5.593848
-115.863  118.9973   -6.28291
-115.2313  122.0598   -6.340332
-115.5424  128.7877   -6.206347
-108.245  132.5393   -3.430957
-99.50732  130.2615   -7.732812
-101.4022  139.583   -8.263965
-106.2544  153.4982   -7.818945
-106.776  157.7953   -8.230469
-104.5461  156.3023   -9.120508
-97.70332  158.5992   -8.613281
-107.6899  156.5416   -9.575098
-106.3262  157.5369   -8.378809
-100.7658  158.3791   -8.766406
-97.10039  156.9053   -10.01533
-100.2442  157.958   -10.31201
-101.2922  159.6137   -10.61348
-100.2107  156.7809   -10.82881
-106.776  157.7953   -8.230469
-104.5461  156.3023   -9.120508
-97.70332  158.5992   -8.613281
-98.67949  156.4268   -10.06318
-100.7562  159.4031   -10.66611
-101.364  159.2787   -10.72832
-99.94756  154.6275   -10.40293
-97.95215  150.0146   -9.943555
-103.1153  140.2912   -10.13018
-106.3932  130.9602   -7.608398
-115.9491  142.2053   -4.651172
-114.5519  138.894   -4.383203
-112.0396  125.3998   -2.703613
-111.3506  137.6785   -7.440918
-116.0927  143.3728   -3.153418
-112.9105  130.8836   -4.665527
-109.6184  122.1937   -6.306836
-111.877  123.2943   -5.019629
-112.9105  112.8914   -8.622851
-112.0444  113.1498   -6.268555
-115.9491  142.2053   -4.651172
-114.5519  138.894   -4.383203
-112.0396  125.3998   -2.703613
-112.834  122.7584   -4.273145
-112.8292  118.7293   -6.565234
-112.8101  111.6473   -7.527051
-112.8244  117.7053   -4.526758
-113.6666  122.9977   -2.90459
-110.5419  118.9686   -3.938184
-109.4509  117.8775   -4.507617
-110.561  118.9398   -4.521973
-110.9104  117.0354   -5.488574
-111.542  118.9207   -5.947949
-110.7046  119.3035   -4.517188
-110.4079  116.9014   -5.5125
-111.1831  117.6574   -5.97666
-111.6951  120.251   -5.933594
-110.5132  119.093   -6.158496
-109.5418  118.5379   -6.58916
-111.1831  123.8686   -5.737402
-110.561  118.9398   -4.521973
-110.9104  117.0354   -5.488574
-111.542  118.9207   -5.947949
-110.6711  120.1266   -6.732715
-110.3983  119.1887   -6.823633
-110.8577  121.2846   -6.493457
-111.5611  124.1557   -6.038867
-111.1065  126.9693   -5.450293
-111.5564  129.6682   -5.761328
-111.1879  127.4957   -6.943262
-110.6998  126.2516   -8.957812
-110.8051  125.4572   -9.321485
-109.1063  124.9691   -7.938574
-110.762  126.7396   -6.522168
-111.0348  126.175   -9.17793
-109.3504  123.7633   -9.718653
-109.0489  129.2088   -10.13496
-109.6901  133.525   -8.895605
-107.5272  134.8361   -8.479297
-107.6756  137.5924   -7.862012
-110.6998  126.2516   -8.957812
-110.8051  125.4572   -9.321485
-109.1063  124.9691   -7.938574
-109.4939  132.5488   -8.780762
-108.0632  135.4391   -8.216113
-107.8  136.9895   -8.58457
-108.1876  137.4393   -7.684961
-106.7568  139.2576   -7.948144
-106.6803  138.2814   -8.503222
-108.2498  139.717   -8.718554
-109.6088  137.9369   -10.03447
-109.5657  139.6978   -10.14932
-108.8288  135.4965   -10.29287
-109.403  138.2527   -9.608594
-109.3025  140.0615   -10.25937
-108.0871  137.4393   -10.29287
-107.9723  134.2523   -9.871778
-107.7522  132.7594   -10.49863
-108.3742  136.7789   -9.326269
-106.9147  136.6641   -9.043945
-109.6088  137.9369   -10.03447
-109.5657  139.6978   -10.14932
-108.8288  135.4965   -10.29287
-107.0822  134.0322   -10.09668
-108.0249  136.1664   -9.666016
-107.9101  135.7836   -8.761621
-107.0966  136.2334   -8.321386
-107.4938  136.4822   -8.000781
-108.4077  137.9465   -6.522168
-109.1925  139.8701   -1.727441
-110.2213  136.8172   -4.210938
-110.6902  134.5682   -3.426172
-110.5706  130.2807   -3.880762
-110.1495  138.559   -2.741894
-110.4318  136.0707   -3.215625
-110.6041  132.6924   -3.713281
-110.4031  130.5486   -4.27793
-111.3745  130.2424   -4.794726
-109.6662  129.7734   -5.244531
-110.1208  129.0557   -4.990918
-110.2213  136.8172   -4.210938
-110.6902  134.5682   -3.426172
-110.5706  130.2807   -3.880762
-111.1257  131.008   -4.794726
-110.4318  129.6586   -4.9
-110.0873  129.0365   -4.660742
-110.9247  130.4912   -5.091406
-111.8291  134.5969   -3.84248
-112.9632  136.865   -3.660645
-109.2882  126.2707   -7.79502
-107.3693  121.476   -11.29297
-107.0248  127.8115   -9.766504
-109.0011  132.4148   -9.431543
-109.0537  121.208   -9.1875
-106.173  124.6916   -11.58965
-108.3599  130.3955   -10.44121
-108.9149  133.0848   -8.704199
-107.7713  133.8313   -8.972168
-109.5035  134.4916   -8.704199
-108.5561  134.1279   -8.795117
-107.3693  121.476   -11.29297
-107.0248  127.8115   -9.766504
-109.0011  132.4148   -9.431543
-108.5226  133.6016   -8.919531
-108.9532  133.4771   -8.775976
-108.891  134.3863   -8.718554
-108.068  134.7883   -8.74248
-108.757  133.927   -7.914649
-109.3982  134.2619   -8.708984
-109.9868  135.6018   -7.641894
-109.7428  135.573   -7.172949
-107.8574  131.7736   -7.718457
-101.8425  127.8881   -8.929102
-110.0347  136.2047   -7.708887
-109.2212  132.9604   -7.541406
-97.40186  127.2182   -9.19707
-108.3024  127.5053   -6.948047
-96.31563  131.9363   -8.785547
-115.6285  124.5385   -15.78145
-119.3992  123.39   2.851953
-109.7428  135.573   -7.172949
-107.8574  131.7736   -7.718457
-101.8425  127.8881   -8.929102
-100.5648  136.4344   -6.397754
-98.03828  128.625   -11.41738
-123.9547  121.1602   3.349609
-116.9205  122.8828   17.23613
-130.3381  139.5352   0.4402344
-107.4076  128.5484   -0.2249023
-110.6759  124.127   -0.2679687
-108.3599  129.4672   -1.430762
-107.1971  131.965   -1.655664
-108.8432  129.1035   -1.488184
-109.7236  126.2994   -1.622168
-107.4842  131.3334   -1.516895
-107.8096  131.1516   -1.526465
-109.7763  127.2564   -1.502539
-110.8529  125.1988   -1.39248
-110.3361  126.1559   -1.512109
-109.1973  127.8402   -1.526465
-108.3599  129.4672   -1.430762
-107.1971  131.965   -1.655664
-108.8432  129.1035   -1.488184
-110.4893  125.9262   -1.488184
-110.7189  125.2084   -1.469043
-109.671  127.2756   -1.473828
-109.0106  128.357   -1.478613
-109.4604  127.5148   -1.555176
-110.0395  126.6631   -1.622168
-109.8672  127.0076   -1.306348
-109.5179  127.467   -1.507324
-109.5992  127.5531   -1.598242
-109.7858  126.9789   -1.358984
-109.6662  127.1512   -1.454687
-109.5322  127.6775   -1.440332
-109.7188  127.2756   -1.425977
-109.7954  126.9598   -1.564746
