4.512195  -12.19512   1.158537
6.280488  -9.512196   -1.95122
6.829268  12.07317   6.036585
7.560976  2.560976   -0.3658537
2.865854  7.804878   4.573171
8.04878  -3.292683   3.658537
5  3.780488   -3.353658
5.060976  -18.17073   1.585366
3.963415  0.4878049   2.134146
3.963415  -8.536586   -0.9146342
5.121951  -6.341464   5
5.792683  -8.902439   2.682927
7.5  -3.536585   12.19512
8.109756  -2.317073   2.743902
6.585366  -0.7317073   10.54878
6.341464  -3.414634   0.3658537
3.47561  2.439024   11.03659
7.804878  -18.17073   6.280488
6.280488  -1.219512   1.768293
3.04878  -4.634146   12.43902
3.597561  -8.536586   7.560976
5  -6.585366   0.7317073
6.219512  -11.34146   3.292683
3.353658  -8.292683   0.9146342
5.182927  1.219512   -0.1829268
4.512195  -5.243902   0.4878049
5.670732  -11.46341   5.304878
5.426829  -2.439024   1.463415
3.963415  -6.95122   -0.4268293
5.731707  -12.80488   3.902439
5.121951  -5.365854   -0.4878049
3.292683  -4.02439   0.6707317
6.402439  -13.53659   2.682927
6.829268  -20.60976   -0.4878049
8.780488  -11.58537   1.036585
2.743902  1.097561   14.26829
5.182927  -8.414634   -5.54878
7.865854  -3.04878   -6.95122
3.231707  -12.19512   -1.402439
1.219512  -5.609756   11.70732
3.353658  -7.560976   1.768293
4.329268  -6.463415   3.597561
4.512195  -8.292683   -0.5487805
3.780488  -7.926829   2.621951
3.353658  -5.731707   5.97561
6.585366  -2.804878   2.317073
5.182927  -7.317073   4.085366
3.231707  -4.878049   1.036585
4.634146  -5.97561   -2.195122
5.060976  -6.219512   2.804878
3.170732  -2.439024   -0.4878049
2.134146  -15.4878   6.097561
3.292683  3.536585   5
5  -12.07317   2.621951
4.817073  -14.26829   -1.829268
2.682927  -2.682927   -0.6707317
3.47561  2.073171   8.109756
4.085366  -4.390244   1.219512
5  -11.70732   -2.439024
5.792683  -14.14634   1.646341
4.573171  1.341463   -0.4878049
6.158536  -5   5.487805
5  -6.463415   0.7926829
3.597561  -3.658537   2.560976
4.695122  -1.219512   3.963415
3.841463  -6.95122   -2.865854
5.792683  -6.829268   0.7317073
6.52439  -2.682927   3.963415
4.756098  -8.658537   2.317073
5.487805  2.073171   -1.036585
5.487805  -1.585366   5.487805
6.646341  -12.56098   3.47561
6.463415  -10.97561   -7.073171
5  4.146341   2.987805
3.719512  -1.219512   -0.7926829
4.45122  -8.170732   1.707317
4.512195  -3.292683   2.987805
4.02439  -8.658537   2.134146
5  -1.341463   1.402439
3.292683  -0.6097561   4.268293
5.853659  -6.341464   3.536585
7.439024  2.195122   -3.170732
6.829268  0.7317073   3.47561
4.512195  -9.878049   5.060976
5.487805  -8.902439   -1.707317
6.280488  -7.560976   -1.158537
6.036585  5.487805   -0.2439024
5.670732  0.2439024   -1.646341
3.780488  -4.756098   12.5
7.5  -11.82927   -3.109756
5.426829  -6.097561   2.926829
3.353658  -6.097561   3.109756
5.426829  -3.170732   0.4878049
3.658537  -8.780488   4.207317
4.817073  -8.04878   2.134146
4.390244  -9.268292   4.45122
4.634146  -1.341463   0.2439024
3.902439  -2.560976   0.8536586
2.378049  -5.609756   0.8536586
4.695122  -6.463415   0.4268293
3.902439  -4.512195   4.756098
6.158536  -5.609756   -0.3658537
5.487805  1.463415   4.756098
2.317073  -3.658537   1.95122
6.585366  -6.585366   0.1219512
6.341464  -6.341464   4.329268
6.036585  -4.878049   1.341463
5.792683  -2.439024   0.9756098
3.719512  -4.146341   -0.8536586
5.853659  -5.97561   5.304878
3.963415  -5.609756   4.634146
4.329268  -6.829268   -0.4878049
2.378049  -4.146341   3.597561
4.695122  -4.756098   0.1829268
4.02439  -0.1219512   4.573171
4.085366  -5.243902   1.829268
4.268293  -9.02439   0.7926829
5.792683  -2.073171   4.45122
5.609756  1.463415   2.195122
6.219512  -7.195122   -0.6097561
4.085366  -4.02439   -0.7926829
4.878049  -1.341463   5.487805
4.695122  -4.756098   2.012195
3.231707  -6.707317   -1.219512
4.329268  -14.5122   6.585366
3.292683  -5.121951   0.6707317
4.939024  -6.341464   3.536585
2.073171  -5.365854   4.02439
4.878049  -5   1.646341
5.304878  12.56098   4.207317
5.060976  -4.512195   0.6097561
4.02439  -1.585366   1.097561
4.573171  -2.682927   2.682927
3.780488  -0.7317073   0.1219512
5.304878  -4.146341   5.914634
4.817073  -4.878049   2.317073
3.536585  -4.634146   8.109756
4.329268  -9.512196   0.4878049
4.939024  5   2.195122
5.487805  -13.78049   4.45122
5  -8.04878   0
3.231707  -3.780488   3.597561
4.207317  -3.902439   2.256098
6.097561  -5.853659   2.256098
4.634146  -4.756098   3.780488
3.597561  -4.146341   -1.829268
4.573171  -5.853659   2.317073
3.719512  -3.170732   3.536585
5.792683  -5   5.54878
3.658537  -2.560976   1.402439
4.573171  -3.414634   2.743902
3.353658  -3.536585   4.146341
4.02439  -5.487805   2.926829
4.512195  -5.97561   3.963415
4.756098  -5   1.402439
3.658537  0.2439024   1.890244
5.97561  9.390244   3.04878
1.95122  -11.58537   1.097561
3.292683  4.512195   2.195122
2.195122  -3.414634   6.890244
5.304878  -6.829268   0.7926829
6.219512  -5.609756   5.426829
3.780488  -5.365854   2.073171
4.573171  -4.268293   4.634146
5.853659  -3.536585   1.158537
3.963415  -6.463415   4.02439
5.304878  -3.04878   2.987805
6.219512  -4.146341   3.04878
6.219512  3.292683   5.670732
3.353658  -6.585366   0.9146342
4.695122  -3.536585   2.195122
3.902439  -4.878049   2.073171
3.902439  -9.878049   1.036585
6.646341  -12.92683   6.890244
4.512195  -0.6097561   1.341463
6.402439  -8.780488   2.560976
6.097561  -6.219512   -2.134146
4.939024  -7.439024   3.536585
5.365854  -6.585366   3.597561
2.378049  -5.609756   0.4268293
5.121951  -6.829268   3.536585
6.890244  -4.146341   -2.195122
5.670732  -4.268293   2.073171
5  -5.243902   4.939024
5.182927  -5.731707   -0.06097561
4.45122  -2.926829   3.47561
4.817073  -7.439024   0.3658537
4.573171  -4.512195   2.317073
3.963415  -2.195122   5.914634
5.304878  -2.926829   3.353658
5.060976  -6.219512   7.073171
5.121951  -6.585366   -2.378049
3.597561  -10.36585   1.585366
5.304878  -5.121951   -2.439024
4.45122  -6.341464   2.804878
4.45122  -13.90244   6.463415
5.060976  -2.439024   0.7926829
5  -5.365854   7.804878
5  -5.365854   6.097561
2.804878  0.9756098   3.658537
4.573171  -6.707317   3.780488
0.04298782  2.951831   -4.981708
0.1039634  0.8786602   1.664633
-0.07896328  0.2689037   -3.030488
-0.7496953  -4.487194   2.762194
0.9576221  2.464026   -2.054879
-0.2009149  0.6347575   -3.518293
2.299085  -13.63354   2.335365
-2.030183  -13.38963   -1.20122
-1.298476  15.14695   0.5670724
0.5307927  4.659148   -2.542684
-0.9935977  1.976221   -3.945123
-1.969208  -1.926218   1.84756
0.4698172  -2.17012   -2.298781
-0.07896328  2.342075   -0.4085374
-0.8716464  2.464026   2.640243
0.7746949  -8.023779   3.981707
0.896646  2.707928   -0.1646349
-0.07896328  4.049392   -1.993903
0.1649389  -1.560364   -1.62805
0.5917683  -3.633535   -4.067074
0.1039634  -5.584755   3.189023
0.5917683  -1.926218   3.310975
-1.542378  0.1469526   -1.20122
0.1039634  -4.974998   3.920731
1.018598  1.488416   -1.932928
1.323475  7.098172   -0.8353666
-0.322866  -1.560364   2.274389
0.5307927  -2.17012   -2.603659
-0.07896328  11.61037   -1.323171
-0.5057926  4.049392   -1.079269
-1.298476  0.3908553   0.9939017
1.201524  2.464026   -2.542684
0.5307927  2.585977   0.9329259
-0.2618904  -0.4628034   1.84756
-0.5057926  3.195733   -2.664635
-1.481403  -11.31646   3.128048
-0.5057926  -4.609145   -2.481708
0.1039634  -17.04817   -5.286586
-1.725305  13.31768   -0.0426836
0.3478656  4.171343   -3.70122
0.1039634  -3.877438   2.335365
0.5917683  4.293294   -0.2256105
-1.664329  -0.8286572   3.249999
-0.07896328  2.707928   -3.396342
-0.3838415  0.1469526   0.8719504
-2.639939  6.244514   2.945121
0.896646  0.2689037   -4.798781
-0.2009149  0.8786602   0.5060968
-0.7496953  8.317684   -1.810976
-0.4448171  2.951831   1.115853
-0.4448171  -3.14573   2.457316
0.4088411  -1.316462   -1.384147
-0.6887197  -2.048169   -3.030488
-1.2375  2.342075   1.054877
0.6527438  3.927441   -2.298781
-1.298476  -2.292072   3.310975
-0.4448171  2.707928   -3.457318
0.4698172  3.439636   2.518292
2.542988  -8.877438   -5.835367
-0.7496953  0.2689037   1.237804
-0.4448171  2.707928   -2.054879
-1.420427  -1.560364   -0.5914642
-0.3838415  0.3908553   1.603658
-1.481403  -0.2189007   -1.871952
-0.7496953  1.244514   0.8719504
-1.969208  -10.82866   -4.067074
0.8356705  -1.926218   -4.310977
1.018598  -5.218901   1.969512
-0.6887197  -4.487194   -1.689025
-0.6277442  3.317684   3.920731
0.8356705  1.244514   -3.030488
-1.298476  1.244514   2.945121
0.7137194  -1.682315   -0.2256105
-1.115549  3.805489   1.237804
-1.664329  -0.09694958   2.579268
0.7137194  -8.633535   0.5670724
-0.9935977  -5.218901   1.176828
-1.908232  0.3908553   3.371951
-2.700915  18.80549   2.884146
0.6527438  -0.3408523   2.152438
-0.4448171  -5.09695   -2.969513
-0.1399393  -2.414023   -3.579269
0.5917683  0.5128064   1.725609
-1.115549  -0.8286572   1.908536
0.2259145  3.195733   0.8719504
0.1649389  9.293295   -0.8963423
-0.932622  16.85427   4.225609
-0.2618904  -0.5847545   -2.054879
0.3478656  3.195733   2.640243
-0.322866  -1.804267   2.274389
0.4698172  3.195733   -4.189025
-1.542378  -7.048169   3.432926
0.1649389  -1.682315   -1.567074
0.4698172  6.976221   -0.8353666
-1.176524  4.049392   1.664633
0.1039634  4.049392   -5.774391
-1.725305  -6.316462   0.6890235
-0.2009149  4.049392   -3.518293
-0.2618904  -4.243291   1.359755
0.7137194  1.85427   -3.030488
-0.2618904  -1.926218   1.908536
-0.932622  -8.999389   -2.969513
-1.542378  -7.535975   -1.506098
-1.908232  16.85427   3.006097
-0.6887197  19.5372   -1.384147
3.518598  15.75671   -3.640245
-0.8106709  16.12256   3.737804
0.8356705  10.39086   -1.506098
0.3478656  6.85427   -0.1646349
1.689329  -0.7067056   0.3231699
0.4698172  -2.535974   1.359755
-1.725305  -7.414022   -2.481708
-0.5057926  4.293294   -0.5914642
-0.6277442  1.000611   0.9329259
-1.542378  -3.633535   -2.115855
-0.1399393  -2.048169   0.3841455
-0.01798773  -0.8286572   2.091463
-0.2618904  0.8786602   -2.237806
1.079573  -4.609145   3.432926
0.1039634  3.073782   -3.15244
-0.9935977  3.561587   -0.5304886
-0.8716464  -0.09694958   0.6280479
-0.5057926  3.561587   -2.298781
-0.5667682  -3.267681   1.725609
1.2625  -1.438413   -2.298781
0.5917683  6.732319   1.725609
0.8356705  -2.657925   -3.518293
2.177134  -7.17012   0.3841455
0.7746949  0.7567086   0.9329259
-0.5667682  8.073782   -1.445123
-0.3838415  -0.9506083   -1.262196
-0.01798773  1.610367   -2.237806
-0.5057926  2.707928   -1.506098
-1.054573  -3.755486   -0.8353666
0.9576221  5.87866   -3.274391
0.2259145  2.220124   1.054877
0.3478656  -3.877438   -0.1646349
-0.07896328  -2.535974   1.115853
-0.1399393  -10.95061   -5.286586
-0.07896328  3.805489   0.445121
1.201524  -1.316462   -1.018293
-0.1399393  1.000611   0.1402431
-0.4448171  -2.657925   4.103658
-0.8716464  -3.023779   -1.140245
-0.5057926  2.82988   -0.0426836
1.018598  12.82988   2.152438
-2.152134  24.04939   -1.262196
2.421037  3.195733   0.445121
-1.2375  9.537197   -1.20122
1.445427  -3.14573   -1.871952
0.28689  -3.999389   0.0792675
1.384451  4.415246   0.7499993
-0.2618904  3.195733   1.908536
1.506402  1.85427   0.445121
-0.6887197  1.244514   0.8109748
1.2625  2.82988   -1.810976
-0.9935977  1.122562   -0.7743911
-0.2618904  2.464026   1.786584
0.2259145  6.732319   -3.884147
0.04298782  -0.7067056   0.6890235
-0.7496953  0.7567086   -0.3475618
0.7137194  -0.3408523   -2.969513
0.3478656  -1.316462   2.457316
-0.7496953  0.2689037   0.0792675
0.5917683  -2.779877   1.29878
-0.6887197  -12.04817   -2.298781
-0.6277442  18.07378   1.054877
-1.176524  -16.56036   -1.750001
0.1649389  -21.07256   -2.115855
-1.298476  -3.633535   3.067072
1.994207  -0.09694958   -1.079269
-0.01798773  -5.462803   5.079268
-0.6277442  -1.438413   1.725609
-1.176524  -1.072559   -2.542684
0.4088411  -2.17012   2.030487
0.1039634  -1.19451   -0.1646349
0.04298782  2.220124   1.908536
-1.115549  3.561587   2.091463
-0.322866  4.90305   2.701219
0.5307927  -1.072559   -2.298781
-1.298476  0.7567086   -4.798781
-0.4448171  0.2689037   2.701219
-0.07896328  2.464026   -2.542684
1.2625  5.634758   1.420731
-2.030183  -1.316462   1.29878
-0.6887197  11.97622   -0.6524398
-0.5667682  20.87866   4.34756
-0.9935977  11.61037   -0.6524398
-0.5057926  18.92744   5.018292
0.5917683  -1.072559   2.396341
0.04298782  3.805489   -5.591464
-0.3838415  -7.657926   -2.17683
-1.603354  -5.462803   -2.298781
1.445427  -3.389632   3.554877
0.6527438  -1.19451   -3.030488
-1.420427  1.610367   -1.810976
-0.4448171  1.000611   -2.481708
-1.481403  -2.414023   -4.371952
-1.115549  6.85427   2.030487
0.5307927  2.707928   0.8109748
-0.1399393  -17.04817   -2.237806
1.506402  -16.19451   -1.323171
0.5917683  -20.09695   -3.396342
1.506402  -13.02378   -2.359757
-1.420427  -14.36524   -1.810976
-1.176524  15.63476   -0.1646349
-0.07896328  -14.48719   -5.164635
-0.5057926  19.7811   -0.1646349
-1.603354  18.92744   0.8109748
-0.6277442  1.976221   -3.335367
0.5917683  -4.365242   2.030487
-0.1399393  -3.511584   -1.20122
-0.2009149  1.244514   1.29878
-0.01798773  4.537197   2.701219
1.689329  -0.8286572   -3.457318
-0.4448171  -2.657925   -0.1036594
1.2625  5.512806   0.2012186
-0.7496953  2.585977   -1.079269
-0.2009149  -8.877438   4.774389
-0.2618904  -1.560364   -2.786586
-3.18872  -8.999389   -3.518293
1.140549  15.2689   -3.823172
-1.725305  16.24451   0.9939017
-0.322866  9.781099   -3.091464
-0.2618904  21.73232   -0.4085374
-2.335061  16.61037   2.091463
-1.359451  15.75671   -0.7743911
0.28689  23.31768   2.701219
0.1039634  -7.414022   -4.250001
-0.932622  1.244514   -2.908537
0.4698172  1.000611   0.445121
0.7746949  11.00061   -4.737805
0.4698172  -7.535975   -0.4085374
0.7746949  -3.023779   -2.72561
0.3478656  1.610367   1.054877
-0.7496953  -5.462803   -0.1036594
-0.01798773  4.659148   -1.323171
0.4088411  0.5128064   3.371951
-1.298476  5.146953   -3.457318
0.896646  0.8786602   1.542682
-0.7496953  2.951831   0.6890235
-0.01798773  -11.92622   -5.591464
2.482012  -2.901828   -1.262196
0.4698172  -10.95061   -4.432928
-0.07896328  -12.53597   -1.079269
0.5307927  -15.09695   -1.323171
-1.176524  11.00061   -2.786586
1.384451  -10.34085   0.3841455
0.4698172  -21.19451   -1.140245
-1.054573  -1.560364   -1.018293
1.079573  -2.535974   -3.823172
-2.091159  -4.731096   -0.286586
0.1649389  1.976221   -0.9573178
-0.3838415  -5.828657   -2.664635
-2.822866  -1.438413   3.737804
0.5917683  7.82988   -2.542684
-1.542378  9.171343   0.1402431
-0.322866  -2.048169   1.420731
1.201524  2.707928   -2.237806
1.872256  9.171343   0.1402431
-0.5057926  23.31768   1.054877
0.04298782  -2.17012   0.2621944
-1.847256  0.5128064   -0.6524398
-0.4448171  5.512806   2.82317
0.6527438  -2.901828   0.01829195
1.689329  -3.267681   -1.323171
0.1039634  2.82988   0.9329259
0.4698172  1.85427   -2.115855
0.04298782  -1.438413   -1.018293
-0.8106709  -1.19451   -2.237806
0.5307927  0.8786602   -3.823172
2.482012  -0.9506083   3.798779
-1.847256  16.73232   2.274389
0.8356705  -8.023779   -2.359757
1.079573  -8.755486   -4.859757
-0.5057926  -7.17012   0.0792675
0.7137194  -13.87744   1.237804
0.9576221  -15.82866   -2.664635
-0.322866  0.2689037   1.054877
-1.420427  -2.535974   -0.1646349
-0.322866  2.220124   -0.7743911
-1.481403  0.2689037   1.725609
0.28689  1.366465   -2.237806
-1.542378  -6.804267   3.676828
-0.4448171  0.8786602   1.359755
-2.578964  -0.3408523   2.335365
-0.5057926  -2.414023   1.359755
-0.4448171  2.464026   1.725609
0.4088411  3.195733   0.9939017
-0.2618904  1.122562   -1.506098
1.201524  11.48842   0.5060968
-1.969208  -17.65792   0.01829195
0.4088411  -13.14573   -5.10366
0.2259145  -17.41402   -1.384147
1.140549  -20.95061   -3.030488
0.1039634  -16.80427   -3.579269
-0.2618904  6.976221   5.32317
-2.396037  18.80549   -0.1646349
-0.2618904  18.92744   2.335365
-1.054573  0.3908553   0.0792675
-0.01798773  4.171343   -1.018293
-1.2375  -3.267681   1.359755
-1.847256  -3.023779   2.335365
-2.030183  -6.804267   2.518292
-0.3838415  -3.14573   -2.542684
-0.2009149  2.585977   4.591463
-0.07896328  -1.682315   -1.018293
1.384451  -1.072559   -2.603659
-0.5057926  1.122562   -0.5914642
0.1039634  6.976221   -2.17683
-0.6887197  -18.02378   2.274389
1.140549  -23.14573   -1.018293
-0.07896328  1.976221   -2.420732
0.9576221  -5.950608   0.2621944
0.1039634  1.244514   -6.932928
0.1039634  -8.14573   -1.384147
-0.8716464  2.707928   2.945121
-1.176524  0.1469526   3.189023
-1.176524  -1.19451   -1.445123
0.1649389  -5.828657   -2.786586
-3.18872  12.82988   2.091463
-0.7496953  4.415246   -1.62805
-0.2009149  -2.901828   2.457316
2.542988  -4.12134   1.542682
-0.5057926  -0.8286572   -3.579269
1.384451  -0.8286572   0.2621944
-0.2009149  -3.755486   -4.12805
1.628354  -11.07256   -2.359757
-3.371646  3.073782   7.82317
-0.2618904  -3.633535   -0.4085374
0.1649389  -2.17012   -1.871952
0.2259145  2.220124   -2.237806
-0.4448171  1.732319   -0.4695129
-1.115549  -1.316462   -3.030488
0.7137194  -8.389632   2.030487
1.140549  4.171343   -1.993903
-0.8716464  8.683538   -3.274391
1.445427  -1.926218   1.969512
-0.6277442  -6.926218   -5.042684
0.2259145  1.244514   -0.3475618
-0.8106709  -4.243291   1.542682
-0.932622  -0.2189007   -0.8963423
1.140549  4.171343   3.128048
-0.5667682  4.415246   -0.7134154
0.2259145  -1.19451   3.615853
-0.5057926  -0.9506083   -3.15244
-0.322866  0.6347575   0.5060968
-0.1399393  -2.535974   3.249999
-0.6277442  5.756709   0.5060968
-1.2375  3.683538   2.213414
0.896646  -2.414023   -3.030488
9.372256  21.24451   -10.40854
7.421037  37.95183   -0.1036594
4.067378  23.43964   -6.993903
18.94543  29.65915   -29.25
22.90884  53.43964   -4.006098
25.46982  -3.389632   -3.70122
20.22591  -27.29207   27.33537
45.95762  37.22012   -54.55488
50.28689  46.24451   -41.68903
48.64055  -41.43841   -28.7622
35.7747  -8.633535   -29.12805
26.56738  -25.34085   -24.67683
25.95762  -36.19451   -22.96951
-20.13994  -52.29207   -1.20122
-63.18872  -69.60915   -11.56707
-7.274086  -4.609145   62.57927
-5.627744  -14.7311   28.85975
0.7746949  6.000611   -15.10366
-2.883842  9.171343   -31.07927
1.872256  -6.560365   -19.67683
0.5307927  4.171343   7.762195
-1.298476  -7.17012   5.689024
-0.07896328  3.073782   5.445121
0.3478656  -2.901828   -5.896342
-0.1399393  1.488416   0.9939017
-0.01798773  -3.999389   0.445121
0.8356705  5.390855   -4.737805
-0.7496953  -0.09694958   0.7499993
0.1649389  -2.292072   0.6890235
0.4088411  3.073782   -1.567074
-0.2009149  -1.804267   3.371951
-1.2375  -1.926218   -5.591464
-0.07896328  1.000611   -2.603659
1.2625  7.098172   -5.164635
6.140549  -10.34085   -53.09146
-31.17653  -55.2189   -16.68903
-29.34726  27.09817   -9.310976
-32.03018  3.805489   -30.46951
-48.67653  8.561586   -49.43293
-40.62774  38.80549   -107.4207
-68.31067  29.90305   -96.62804
-41.54238  40.26891   -79.25
-41.54238  104.4152   -138.2134
-61.4814  82.58598   -111.689
-39.2253  56.73232   -94.9817
-14.59116  81.00061   -102.1159
-11.17653  73.31769   -110.8963
-8.432622  38.92744   -109.7988
10.65274  61.48841   -81.81097
9.921037  72.09818   -85.04268
14.55518  55.26891   -97.29878
9.31128  85.26891   -103.2134
-14.04238  64.5372   -177.9695
-30.20092  62.58598   -233.1524
-26.2375  25.87866   -176.4451
-19.46921  7.707929   -154.7988
-14.10335  58.80549   -155.4085
-10.9936  87.70793   -141.2012
-10.62774  75.39085   -165.2866
-2.517988  60.51281   -152.1159
-3.859451  42.46403   -140.8354
-6.176525  54.90305   -131.0183
-12.03018  81.61037   -137.6037
-18.9814  101.4884   -140.4085
-25.32286  88.31769   -150.5305
-24.04238  91.00061   -162.1159
-19.65213  66.97622   -156.3232
-19.53018  72.09818   -149.311
-4.71311  60.75671   -116.689
-0.2009149  -31.92622   12.39634
50.04299  -41.56036   93.55488
9.189329  22.46403   -2.420732
-2.21311  25.39086   -37.66463
1.201524  1.976221   -28.45732
4.31128  6.85427   -26.56707
2.421037  3.439636   -22.11585
-0.6277442  4.537197   -13.27439
0.5307927  6.000611   -13.21342
-0.4448171  -1.438413   -12.90854
-2.639939  0.02500153   -19.98171
1.567378  3.927441   -12.35976
3.152744  -1.804267   -1.62805
2.664939  -2.414023   -10.59146
1.201524  -0.2189007   -15.71342
-0.8716464  7.464026   -13.64024
-3.005793  5.634758   -9.310976
-0.6277442  -7.292071   -0.3475618
0.7746949  -1.072559   0.6890235
-1.176524  -3.511584   6.054877
-1.908232  -1.804267   6.908536
-1.2375  -1.438413   10.9939
-3.7375  1.000611   12.82317
-3.981402  -4.853047   12.51829
-4.16433  -7.292071   15.32317
-2.822866  -13.02378   14.89634
-2.396037  -11.19451   13.79878
-2.639939  -19.12134   6.054877
-6.786281  -15.34085   -1.140245
-11.90823  -13.26768   2.457316
-17.39604  -10.70671   -7.115854
-10.44482  -6.682316   -0.4085374
-4.71311  -2.779877   8.859756
-0.9935977  -9.243291   26.2378
-2.030183  -13.63354   7.030487
-9.225306  -7.414022   0.2012186
-3.920427  1.976221   11.17683
-5.566769  -2.048169   7.518291
-8.493598  3.317684   1.542682
-9.591159  14.04939   5.384146
-8.249695  15.75671   9.591463
-2.76189  15.39085   30.68902
-0.01798773  23.07378   45.20122
-1.176524  10.2689   41.05488
-9.225306  -0.3408523   16.35975
-13.79848  -6.072559   8.798779
-9.71311  -5.09695   14.16463
-6.908232  5.146953   21.72561
-0.8106709  -4.731096   28.7378
14.61616  1.85427   64.71342
12.66494  2.342075   75.20122
2.908841  14.65915   81.35976
-1.664329  2.707928   96.35976
-0.932622  3.317684   114.3476
9.73811  21.97622   106.9085
15.7747  25.75671   94.71342
15.83567  4.293294   104.0427
23.88445  0.8786602   110.5061
29.67714  1.488416   138.311
25.22591  37.09817   164.2256
23.5186  21.73232   184.7134
22.17714  55.63476   209.1037
18.70152  39.65915   218.1281
9.494207  36.24451   243.5549
27.66494  26.24451   220.0793
31.99421  21.73232   235.0793
35.59177  1.85427   261.5427
45.22591  11.12256   268.189
41.62835  -0.2189007   254.2866
42.17714  -21.80427   211.4817
11.44543  30.39086   200.6281
6.140549  24.29329   190.8719
10.04299  16.24451   147.8841
-4.71311  -1.438413   106.8476
-9.530183  5.87866   84.04269
0.5917683  11.00061   96.66463
15.40884  16.97622   122.0305
25.40884  24.29329   167.6402
32.60397  38.56159   181.9085
33.7625  41.73232   178.189
25.59177  39.90305   153.311
24.98201  1.366465   130.2012
21.07957  30.025   126.4207
14.37226  12.22012   129.9573
13.15274  -3.633535   132.8841
11.56738  0.8786602   133.4939
3.091768  -19.7311   134.2256
3.823476  0.3908553   147.1524
5.469817  -12.90183   153.25
9.067378  -3.267681   171.7256
8.33567  6.976221   199.7134
10.83567  10.51281   190.2012
67.11616  90.75671   166.2988
-2.152134  13.31768   146.9695
-9.286281  20.63476   130.3232
-14.53018  26.61037   118.6159
-8.371647  27.34208   149.1037
0.3478656  11.97622   184.4085
-19.71311  22.34208   188.25
-16.78628  -3.14573   157.7622
-2.944817  -25.2189   147.0915
-5.26189  -41.19451   100.872
-2.457012  -18.26768   106.0549
-2.457012  -6.072559   93.55488
-0.5667682  -38.14573   95.56708
0.3478656  -39.975   86.29878
3.884451  -36.56036   68.37196
1.506402  -31.07256   90.14024
2.421037  -13.51158   124.8963
16.32347  -21.07256   114.5915
13.45762  -10.34085   82.09146
8.33567  -1.560364   52.70122
6.506402  -2.048169   75.81097
6.201525  -5.09695   73.25
2.908841  -7.17012   71.84756
3.579573  -3.755486   72.33537
7.482012  -17.41402   75.75
10.65274  19.90305   92.03049
20.28689  21.36646   104.2866
26.81128  -29.73109   102.3963
20.59177  -0.9506083   84.65244
12.96982  -31.80427   82.33537
5.896646  -21.80427   81.66463
4.433231  -36.31646   69.28658
3.213719  -16.19451   66.42073
3.213719  -3.877438   57.70122
-4.042378  -10.58475   49.16463
-8.554573  -11.43841   18.67683
-13.85945  -25.09695   20.38415
-8.615549  -23.26768   24.77439
-4.530183  -30.95061   25.14024
-0.2009149  -39.24329   33.06707
3.274695  -24.975   48.4939
2.421037  -35.82866   61.11585
-0.1399393  -15.82866   60.62805
-0.2618904  10.39086   58.92073
4.921037  -12.41402   59.53049
-2.091159  -18.99939   40.9939
-8.249695  1.000611   40.93292
-8.981402  -5.340852   34.59146
-8.615549  -3.14573   45.93292
-5.078963  -1.804267   45.87195
2.908841  3.439636   56.84756
8.884451  -11.92622   78.06708
13.94543  -6.682316   72.64024
8.701525  -3.389632   74.40854
1.018598  -5.218901   68.43293
-3.615549  -2.779877   41.96951
-4.469207  -6.560365   21.05488
-1.969208  -3.877438   1.908536
-5.078963  -3.023779   -9.006098
-4.408232  -9.731096   1.420731
0.4698172  -8.023779   -6.445123
1.567378  5.756709   -15.77439
4.128353  1.610367   -9.432928
6.140549  15.025   8.006097
9.799086  -10.70671   10.9939
6.018598  -13.75549   12.45732
4.494207  3.073782   14.71341
3.945427  4.659148   3.067072
2.421037  1.85427   6.786585
-0.6887197  3.927441   2.82317
-1.603354  6.85427   -5.896342
-1.2375  6.732319   -5.286586
0.7746949  8.561586   -11.68902
2.360061  -0.5847545   1.176828
0.896646  -16.80427   4.164633
-0.8716464  -5.828657   -11.32317
-0.6277442  0.5128064   -17.66463
-3.493598  2.342075   -14.85976
-2.578964  -1.682315   -23.45732
-2.091159  8.927441   -31.62805
-1.603354  -4.853047   -27.54268
-0.5057926  4.293294   -37.96951
1.2625  7.098172   -55.71342
-1.054573  31.85427   -69.67683
-7.396037  18.19573   -83.76219
-15.50579  11.48842   -76.81097
-19.10335  4.293294   -65.65244
-26.42043  8.927441   -80.59146
-29.46921  3.317684   -75.16463
-26.78628  4.293294   -70.22561
-20.01799  9.90305   -79.06707
-12.88384  21.73232   -93.33537
-8.249695  43.31768   -110.8354
-22.21311  54.29329   -132.1159
-30.01799  31.36646   -96.75
-25.74969  12.22012   -57.05488
-16.78628  7.098172   -53.45732
-19.10335  -6.19451   -47.42073
-22.21311  -10.2189   -40.34756
-32.70092  -9.243291   -58.39634
-45.01799  -28.38963   -85.77439
-57.45701  -28.63353   -109.189
-68.06677  -23.14573   -106.2012
-78.06676  -34.60915   -107.6037
-96.90823  -60.46281   -101.689
-96.42043  -98.51158   -68.09146
-97.45701  -108.8774   -75.83537
-88.24969  -93.26768   -76.32317
-74.83506  -66.31646   -70.04268
-58.55457  -30.58475   -47.84756
-51.35945  -4.243291   -35.71342
-50.01799  -8.023779   -52.11585
-50.87165  -0.3408523   -60.04269
-66.2375  -12.53597   -70.77439
-72.82287  -18.63354   -79.61585
-86.60336  -28.63353   -79.67683
-104.1643  -24.60914   -81.5061
-114.6521  -9.731096   -82.05488
-118.4326  -10.4628   -79.37195
-107.2131  -4.731096   -61.87195
-89.34725  17.58598   -53.7622
-69.71311  26.48842   -48.15244
-70.87164  51.97622   -42.29878
-80.38384  76.97622   -51.44512
-96.4814  71.24451   -69.12804
-100.8716  65.26891   -90.71342
-106.1765  57.82988   -111.2622
-109.5912  27.09817   -112.1768
-119.896  40.025   -106.1402
-129.4692  62.70793   -85.28658
-126.5424  80.51281   -82.11585
-121.6643  70.26891   -72.84756
-114.1643  34.2933   -76.81097
-103.7375  26.85427   -59.85976
-90.13994  24.5372   -47.54269
-76.54237  37.70793   -41.44512
-79.10336  33.19573   -39.06708
-85.56676  29.65915   -54.79878
-89.04237  41.73232   -64.31097
-78.61555  38.56159   -63.15244
-68.79848  24.29329   -56.32317
-65.01799  18.80549   -38.5183
-54.71311  23.31768   -31.38415
-46.11555  20.51281   -32.60366
-37.82286  25.14695   -29.79878
-22.21311  3.561587   -12.42073
-12.27409  -16.07256   0.01829195
-8.432622  -8.633535   -7.420732
-2.639939  -2.292072   -11.75
-2.274086  8.561586   -12.42073
6.018598  13.56159   -11.68902
13.09177  -4.487194   -9.006098
24.92104  -6.316462   -12.60366
38.88445  -17.41402   -4.493903
57.84787  -12.41402   -2.115855
88.57957  -15.2189   4.530487
123.5186  -28.63353   24.34756
178.2747  -27.29207   30.56707
244.982  -15.09695   57.70122
318.0308  5.025002   78.79878
373.5186  1.976221   99.34756
404.2503  10.14695   112.0915
433.7625  22.09817   137.3354
448.9454  116.7323   139.1037
407.9088  122.7079   104.1037
303.1527  186.6104   -5.10366
285.2869  199.5372   103.8598
247.7869  94.53719   65.62805
213.4576  23.80549   29.77439
175.043  -8.755486   21.72561
159.0674  -37.77988   17.27439
153.6405  -18.26768   15.9939
143.1527  -24.36524   20.44512
129.6161  -45.09695   11.48171
104.1893  -25.82866   0.9329259
98.94543  -57.53597   41.84756
76.20152  -20.95061   -4.250001
59.61616  -27.53597   17.03049
50.89665  -20.58475   30.87195
42.11616  -26.92622   34.53049
34.79909  -38.38963   35.20122
34.86006  -18.02378   26.11585
30.10397  -7.901828   9.103658
19.79908  -19.48719   8.981707
13.57957  -22.77988   -4.859757
7.725915  -16.56036   1.725609
4.006402  -10.70671   -1.750001
2.116158  -7.535975   -6.689025
-1.908232  -8.267681   -11.93293
-5.444817  3.317684   4.835365
-9.469208  -2.657925   20.07927
-14.04238  8.439636   16.29878
-22.09116  -3.14573   20.93293
-23.37165  -15.58475   11.54268
-28.67653  5.268904   8.859756
-32.21311  18.80549   10.44512
-26.66433  7.707929   -12.17683
-30.01799  5.87866   -14.12805
-33.9814  11.12256   -16.38415
-30.07896  6.85427   -6.384147
-25.56677  1.85427   -9.006098
-23.43262  4.171343   -7.420732
-24.95701  5.634758   -3.091464
-30.32286  -11.31646   -5.591464
-34.65213  -7.17012   -18.88415
-37.45701  -13.51158   -28.09146
-43.55457  -4.487194   -44.06708
-54.40823  -14.36524   -55.28658
-56.7253  -26.43841   -84.25
-78.06676  -24.36524   -98.88415
-85.74969  -31.43841   -118.3354
-95.44482  -54.73109   -106.9939
-77.21311  -59.85305   -42.05488
-101.8473  -44.73109   -120.6524
-105.6887  -5.706706   -173.0915
-105.9326  -10.09695   -193.4573
-117.8838  -18.51158   -214.311
-138.7985  -23.38963   -258.5183
-150.079  11.36646   -311.5671
-135.3839  9.537197   -346.811
-134.2253  36.00061   -363.1525
-117.9448  22.58598   -328.2134
-77.27409  83.43964   -304.7988
-58.43262  49.7811   -319.5549
-131.6034  56.85427   -323.7012
-65.93262  55.26891   -277.7256
-48.06677  73.19573   -373.8842
-59.40823  59.5372   -382.1159
-51.17653  78.56158   -368.7012
-45.93262  84.7811   -318.8842
-33.06677  86.48842   -290.8354
-13.37165  79.17134   -235.3476
-4.957012  73.19573   -180.8354
2.23811  61.73232   -139.4329
-6.847256  71.61037   -127.7866
-2.030183  20.75671   -131.2012
-3.066768  2.464026   -123.7012
-15.62774  11.12256   -122.4207
-21.90823  15.025   -115.2866
-15.62774  -1.682315   -94.0061
-13.61555  -3.267681   -70.34756
-12.21311  -8.267681   -62.35976
-5.444817  -19.12134   -49.67683
-2.396037  -24.12134   -20.77439
-3.432622  -17.04817   -26.20122
-8.066769  0.5128064   -26.01829
-8.798475  5.025002   -12.11585
-3.798476  -0.4628034   5.993901
0.8356705  -2.414023   38.25
7.78689  -11.68232   86.90854
14.61616  -43.38963   183.0061
37.60397  -51.31646   293.8597
57.54299  -5.09695   384.2866
77.36006  39.29329   457.0915
74.98201  58.07378   462.4573
75.28689  60.63476   415.628
60.83567  42.95183   365.8719
44.73811  5.634758   380.567
48.15274  0.02500153   436.1768
52.23811  11.48842   523.3719
4.73811  62.09817   654.0427
41.99421  -98.63354   724.1037
-19.65213  -71.56036   549.2256
4.31128  -15.2189   379.4695
-21.96921  -52.65792   376.8475
-30.93262  -53.02378   330.3841
-25.07896  -59.12134   290.689
-31.17653  -51.56036   243.7988
-29.40823  -53.02378   204.8963
-15.44482  -10.09695   181.4207
6.689329  -9.974998   163.189
27.42104  -3.14573   157.8841
41.68933  23.68354   151.7866
48.39665  21.12256   147.3354
42.36006  -37.77988   138.1281
12.72591  87.70793   -224.5549
59.31128  2.82988   -39.4939
33.21372  -63.14573   34.10366
18.39664  -59.12134   48.61585
7.969817  -57.53597   27.51829
1.567378  -43.02378   -2.17683
1.323475  -9.243291   -45.83537
5.713719  21.24451   -73.27439
5.83567  19.29329   -87.11585
19.18933  52.22012   -109.9207
19.43323  44.17134   -161.811
2.299085  44.29329   -210.7744
-18.43262  46.73232   -251.5061
-33.67653  59.7811   -309.7988
-45.01799  70.39085   -356.3232
-64.83506  4.049392   -386.872
-56.78628  -49.85305   -461.6281
-62.39603  -3.755486   -493.3964
-86.84725  82.70793   -488.0305
-61.78628  82.58598   -460.4085
-62.33506  87.58598   -417.7866
30.16494  -145.7067   -396.0793
-74.34725  23.68354   -379.1281
-95.20091  39.29329   -440.4695
-81.66433  39.65915   -451.689
-42.33506  47.95183   -406.6281
-21.66433  -9.12134   -374.6159
-50.81067  39.65915   -364.433
-61.4814  51.48841   -354.7988
-44.46921  46.85427   -305.9573
-6.481402  13.07378   -179.7988
-42.03018  35.87866   -138.8232
-20.01799  15.14695   -115.0427
-19.71311  6.488416   -91.62804
-40.01799  16.97622   -108.8841
-38.9814  9.659147   -112.9085
-34.2253  -3.14573   -87.42073
-29.95701  9.415245   -79.9817
-23.12774  6.366465   -60.77439
-21.90823  5.268904   -41.44512
-10.81067  -2.535974   -9.615854
6.079573  6.488416   38.85976
22.54299  3.927441   100.0183
43.03079  11.00061   168.9817
45.10397  -18.14573   267.3963
73.39664  -21.80427   405.9329
89.06738  23.68354   516.1158
112.7259  49.17134   554.7134
264.6772  69.53719   602.1525
141.0186  44.5372   688.5549
146.9942  43.92744   644.3476
103.5796  -156.0726   577.6403
81.5064  -56.80427   537.7622
22.96982  -263.3896   310.0793
-217.3351  -120.7067   482.8841
72.23811  -177.1701   235.4451
20.71372  -188.7555   445.2012
-11.90823  -184.6091   320.567
-4.957012  -161.8043   219.8963
-2.091159  -73.14573   181.5427
7.847866  -101.4384   168.25
12.11616  -89.48719   144.1037
4.982012  -47.04817   93.31097
2.421037  -40.2189   72.82317
5.225915  -26.92622   62.94512
3.701525  -4.365242   52.03049
0.4698172  -9.974998   46.2378
-8.310671  -12.65792   27.82317
-17.27409  -13.14573   12.76219
-17.27409  -11.56036   -24.06707
-25.81067  -11.68232   -45.28658
-35.20092  -42.29207   -51.9939
-46.96921  -85.34085   -38.45732
-47.63994  -84.24329   -21.93293
-3.005793  13.07378   17.76219
-35.56677  -37.90183   -8.518293
-32.27409  -30.70671   -3.70122
-68.79848  -0.8286572   -110.6524
-68.55457  -13.75549   -173.6402
-7.883842  34.90305   -21.2622
-10.62774  47.70793   -20.34756
-3.432622  21.00061   -25.04268
-0.07896328  19.04939   -38.88415
4.799086  36.12256   -53.88415
15.83567  45.39085   -66.2622
20.7747  60.26891   -74.12804
21.87226  53.43964   -76.9939
-100.2009  5.025002   -273.1525
-100.8107  -117.414   -384.4939
-131.8473  -147.1701   -430.6525
-135.6887  113.0738   -347.7866
97.11616  10.39086   -342.2988
-56.05457  60.87866   -12.54268
0.6527438  13.56159   27.39634
-5.200915  -9.487194   10.14024
-0.2618904  -5.09695   -18.51829
-1.847256  -2.657925   -48.88415
-4.652134  -2.414023   -61.93293
-12.09116  -13.63354   -10.40854
-46.05457  -14.85305   -37.17683
-51.29847  -22.53597   -45.10366
-5.383842  -14.85305   -0.8963423
-14.89604  6.610367   14.46951
-5.26189  -6.072559   14.28658
-3.18872  -3.877438   10.07927
-2.883842  -10.58475   7.945121
-2.396037  -2.535974   10.38415
1.2625  -23.26768   45.93292
16.99421  -18.38963   73.73781
21.93323  3.195733   87.94512
33.57957  34.5372   144.4695
18.88445  18.19573   157.5183
30.10397  14.29329   180.3841
24.79908  36.85427   202.6402
31.14055  2.951831   223.4939
33.57957  -45.2189   215.1402
27.54299  -52.41402   199.5915
23.82347  -31.07256   166.8476
43.09177  -37.29207   199.2866
82.48201  -72.41402   285.3232
82.66494  -51.43841   345.1402
70.83567  18.56159   358.7988
55.34787  51.61037   289.2256
7.116158  20.2689   195.9939
13.03079  48.56159   216.7866
34.18933  52.82988   254.5915
39.06738  43.80549   302.0915
39.73811  80.87866   280.689
24.92104  80.63476   261.3597
30.34787  10.87866   231.6646
35.22591  -53.63353   187.0305
35.95762  -42.53597   152.2744
32.84787  -20.09695   123.9817
24.18933  -9.365242   115.3232
17.11616  -14.48719   119.2866
14.31128  -19.48719   108.189
15.53079  -23.14573   98.67683
13.5186  -9.243291   89.22561
13.7625  -16.43841   91.54269
14.92104  1.366465   91.42073
20.95762  4.049392   97.45732
19.12835  0.02500153   100.9939
13.2747  -15.58475   99.10366
9.189329  -14.60914   100.5061
3.274695  -17.04817   89.89634
3.274695  -10.4628   85.2622
1.994207  -19.36524   84.46951
3.274695  -13.14573   70.87196
6.201525  0.5128064   58.25
9.799086  -19.60914   40.62805
6.933231  12.46403   22.03049
10.53079  3.317684   24.77439
17.05518  -4.365242   38.18903
17.96982  -8.999389   49.65244
16.62835  -0.7067056   50.93292
8.945427  -3.389632   41.11585
-1.786281  -11.92622   28.18902
-6.786281  -4.487194   16.54268
-5.993598  -13.26768   20.5061
-6.481402  -15.58475   22.51829
-6.603354  -5.828657   29.16463
-4.896037  -7.17012   23.85975
-5.566769  -4.487194   14.59146
-5.749695  -8.267681   17.57927
-6.603354  -8.14573   9.34756
-4.286281  -8.633535   18.37195
-1.908232  -9.974998   13.12805
-4.16433  -10.09695   16.2378
-6.298476  -1.438413   18.55488
-4.896037  -15.82866   11.11585
-3.676525  -3.023779   19.89634
-3.310671  2.82988   22.33537
0.2259145  6.976221   23.79878
-2.578964  10.75671   19.40854
-1.481403  8.439636   4.34756
-0.01798773  8.073782   4.103658
-1.359451  5.512806   3.371951
-0.3838415  -0.09694958   -2.237806
2.603963  -4.365242   -3.15244
2.78689  -9.974998   1.664633
2.542988  -4.365242   7.945121
0.5307927  -2.414023   6.542682
-4.042378  -3.389632   18.43293
-9.103354  -4.243291   13.37195
-10.07896  -10.09695   12.51829
-6.969208  -4.12134   11.11585
-6.176525  0.02500153   5.201219
-3.798476  1.122562   10.14024
-6.115549  1.610367   5.749999
-8.066769  15.14695   -6.323172
-11.29848  -19.24329   -7.481708
-12.63994  -7.657926   -12.54268
-6.542378  -2.901828   -6.445123
-1.908232  8.561586   -15.22561
1.384451  8.927441   -11.14024
1.140549  17.09817   -9.920732
-1.725305  13.43964   1.969512
-4.347256  -1.19451   11.78658
-3.920427  -4.609145   9.042682
3.213719  11.48842   9.042682
10.40884  2.707928   1.115853
9.73811  6.976221   -13.27439
10.04299  4.90305   -20.04268
11.81128  -0.2189007   -36.5061
8.7625  0.7567086   -45.46951
10.10396  -3.267681   -42.90854
11.56738  -6.926218   -38.64024
6.81128  -6.438413   -31.56707
4.677135  -6.682316   -25.89634
1.140549  -8.633535   -21.9939
-3.127744  -26.68232   -24.4939
-3.310671  -21.80427   -12.66463
-5.749695  -22.29207   -13.33537
-10.93262  -33.63353   -26.20122
-2.517988  -48.75549   -19.25
11.7503  -19.24329   -42.78658
11.87226  -15.58475   -48.57927
12.60396  -11.07256   -50.22561
15.34787  1.366465   -67.11585
8.823476  10.63476   -76.56707
3.030793  1.366465   -75.16463
-0.8106709  4.293294   -68.27439
2.908841  7.585977   -89.9817
4.982012  21.36646   -96.81097
11.62835  42.95183   -130.4085
13.09177  72.82988   -184.0671
-8.615549  77.46403   -126.689
-19.53018  12.82988   -127.8476
-38.92043  0.02500153   -134.1281
-44.89603  -38.87744   -129.189
-33.92043  -23.02378   -107.3598
6.445427  -82.53597   -77.72561
27.48201  -71.92622   -87.11585
-34.28628  17.70793   -48.82317
-16.7253  26.24451   -48.27439
-20.81067  22.95183   -35.71342
-25.50579  24.65915   -35.34756
-23.85945  20.39085   -45.95732
-37.45701  56.00061   -79.55488
-44.83506  96.48842   -127.3598
-38.43262  92.70793   -112.5427
-28.79848  49.65915   -67.42073
-35.32286  43.92744   -46.14024
-28.92043  48.68354   -59.18903
-42.15213  -13.63354   -45.71342
-41.2375  -67.04817   -4.859757
-24.46921  -141.4384   -10.10366
-14.59116  20.14695   -33.7622
-6.359451  7.464026   -27.29878
-15.93262  15.39085   -7.786586
2.725914  26.48842   20.75
-30.13994  -12.41402   -46.81097
-37.03018  19.65915   -78.94512
-30.81067  40.26891   -91.5061
-31.05457  53.07378   -65.71342
-43.00579  22.95183   -38.03049
-48.9814  6.85427   -52.23781
-128.2497  -83.26768   -132.4207
-247.518  -197.414   -319.433
-85.26189  -419.1213   154.4085
7.908841  -40.34085   5.079268
9.189329  -46.80427   54.53049
14.43323  -60.82866   56.54268
-15.26189  -38.75549   49.83537
0.1649389  -55.34085   69.40854
-2.21311  -74.12134   81.05488
-5.322866  -75.58475   97.64024
-5.749695  -94.85305   116.6037
-57.88384  -233.3896   293.189
2.603963  -204.4872   189.8963
12.05518  -111.6823   111.7866
-24.65213  -31.56036   97.5183
-58.00579  -42.53597   144.4695
-69.16433  -12.53597   170.3841
-34.28628  -33.99939   140.9329
-17.82286  -3.999389   130.3232
-8.371647  5.390855   103.6159
-15.68872  -19.36524   104.1037
-11.17653  -60.34085   116.5427
-24.89604  -54.24329   119.0427
34.06738  -81.19451   121.9695
-30.81067  -77.53597   213.25
-1.786281  -100.2189   135.75
-23.18872  -128.2677   114.6524
18.15274  -96.19451   92.70122
13.33567  -8.14573   5.932926
7.055182  11.97622   1.542682
9.067378  13.19573   0.8109748
7.78689  1.732319   0.2012186
6.140549  -26.56036   -1.20122
5.347866  -19.12134   -4.371952
7.603963  -5.09695   -7.359757
4.494207  -6.926218   -5.347562
9.860061  7.707929   -12.29878
-2.396037  5.512806   -2.420732
-1.115549  5.025002   8.432926
-0.3838415  1.488416   -3.945123
-1.603354  -0.2189007   -0.5914642
-1.542378  0.3908553   -2.17683
1.201524  2.464026   0.8719504
-1.481403  -4.731096   0.5060968
0.28689  7.585977   2.701219
4.067378  14.41525   -3.091464
0.7137194  9.90305   0.6280479
1.750305  0.7567086   0.5670724
-0.07896328  12.46403   -1.140245
1.201524  -13.02378   2.884146
-0.7496953  5.025002   -0.2256105
-0.1399393  -11.80427   -1.079269
-1.969208  12.58598   2.091463
1.933232  -15.58475   -6.993903
-0.07896328  2.585977   0.9939017
-0.01798773  -1.19451   0.5060968
0.3478656  -1.682315   -3.396342
0.6527438  0.8786602   -1.445123
-2.457012  13.07378   0.9329259
0.4088411  -12.29207   -0.4695129
0.1039634  -15.82866   -2.847562
-0.1399393  0.02500153   2.030487
0.1039634  13.43964   2.274389
1.567378  -13.87744   -3.396342
2.482012  -10.95061   0.3231699
1.2625  -1.316462   -4.310977
0.2259145  1.732319   -1.993903
-0.7496953  -0.4628034   1.84756
0.896646  -3.267681   0.0792675
-1.298476  -0.8286572   5.32317
-2.457012  -5.462803   -1.20122
-1.664329  0.2689037   2.640243
-0.2009149  3.439636   -2.17683
0.7137194  -3.14573   4.34756
-1.908232  -0.4628034   0.5670724
-0.1399393  -0.4628034   -2.237806
0.6527438  -3.14573   1.969512
0.9576221  -2.535974   -6.628049
-0.5667682  12.95183   -1.018293
0.28689  -3.877438   2.274389
-2.091159  -1.682315   -2.237806
1.140549  -19.12134   -1.384147
0.1649389  6.732319   -0.1036594
-1.664329  2.464026   -0.7134154
-0.3838415  -10.34085   1.908536
-0.1399393  -1.682315   0.8109748
0.5917683  -1.682315   0.6280479
0.6527438  -0.09694958   -5.042684
-0.01798773  1.976221   3.006097
-2.21311  -0.9506083   -3.15244
-1.298476  0.6347575   -2.603659
-0.7496953  1.488416   1.725609
-0.5667682  3.195733   -1.384147
1.018598  -1.438413   3.920731
0.4698172  1.000611   -0.6524398
-0.2618904  -0.09694958   -3.823172
0.04298782  -0.3408523   1.908536
-0.4448171  -4.365242   -3.213415
-0.6887197  2.464026   -2.603659
1.201524  0.2689037   -1.993903
-0.07896328  -0.8286572   1.237804
0.3478656  -4.12134   -0.8353666
-2.152134  1.976221   -1.506098
0.2259145  2.464026   -1.20122
0.4088411  -0.09694958   -0.1646349
-0.1399393  0.7567086   0.9939017
-0.7496953  3.439636   1.481707
-0.9935977  2.951831   -1.993903
-0.5667682  1.732319   2.884146
-0.6277442  3.683538   -1.932928
-0.932622  -4.853047   -0.8963423
-1.298476  -1.682315   -1.62805
-5.017988  -0.8286572   0.5060968
0.4088411  -2.535974   2.030487
-0.07896328  4.049392   0.2012186
0.4088411  -0.3408523   3.615853
1.506402  -9.731096   -3.70122
2.116158  7.585977   1.84756
0.28689  -0.7067056   -0.286586
2.116158  -2.17012   -4.67683
0.7137194  11.73232   2.213414
1.445427  -9.609145   -4.12805
-0.8716464  15.39085   -2.237806
0.1649389  -8.877438   0.6280479
-0.932622  4.659148   -0.8353666
1.079573  0.5128064   -3.823172
0.28689  3.683538   -4.12805
0.3478656  -1.438413   -0.1036594
1.933232  -0.5847545   -2.603659
-1.786281  -3.267681   -2.115855
-0.6887197  -0.09694958   0.2621944
-1.969208  3.317684   -0.7134154
-1.786281  1.488416   -0.1646349
0.896646  -0.4628034   -2.603659
0.28689  -1.926218   0.6890235
-0.3838415  1.976221   3.128048
-0.2009149  -4.853047   -3.640245
0.28689  -8.999389   -0.1036594
-0.2009149  0.02500153   -2.969513
-2.030183  -2.292072   1.664633
-3.432622  2.098172   -6.628049
-3.066768  4.659148   -1.810976
-1.054573  -0.3408523   3.006097
-1.481403  0.6347575   -2.481708
-1.298476  -4.487194   2.518292
-0.932622  0.6347575   -0.7134154
0.04298782  -6.19451   -0.3475618
-0.8106709  11.36646   1.420731
1.628354  -10.2189   -4.554879
0.2259145  -0.9506083   1.237804
-1.054573  -3.755486   0.5670724
-2.030183  4.90305   -3.823172
-3.127744  -3.999389   -4.554879
-0.322866  4.049392   2.518292
-1.542378  3.195733   0.3841455
-0.322866  4.537197   -2.359757
-0.932622  -3.14573   2.396341
0.04298782  1.85427   -1.993903
2.177134  1.244514   0.01829195
-2.030183  0.7567086   -0.0426836
0.28689  0.5128064   -2.298781
0.4088411  6.366465   -1.262196
-1.298476  -1.926218   -1.140245
-0.2009149  -2.17012   -2.17683
-0.8106709  -2.779877   -1.445123
1.201524  4.415246   1.115853
-0.5667682  1.122562   2.152438
0.2259145  0.6347575   -2.420732
-0.5057926  0.7567086   1.786584
1.628354  0.3908553   -1.810976
-0.3838415  1.122562   0.3841455
1.567378  7.707929   0.6890235
-0.07896328  -1.072559   0.2012186
-1.969208  -4.243291   0.6890235
-0.8106709  3.317684   -0.7134154
-0.07896328  0.02500153   -3.396342
0.28689  3.683538   0.7499993
0.7137194  0.8786602   -2.054879
0.5307927  0.7567086   -0.4695129
1.201524  2.585977   -2.664635
-0.8106709  2.951831   3.006097
-1.664329  0.5128064   -1.445123
-3.7375  1.85427   -1.323171
-1.481403  -4.487194   0.9329259
-0.3838415  1.244514   -1.810976
-1.2375  1.976221   -1.445123
-0.2009149  -2.657925   0.5060968
-0.8716464  -0.3408523   -1.262196
0.8356705  -0.7067056   3.859756
0.28689  1.732319   -1.018293
-0.8106709  -1.804267   -4.615854
1.750305  -3.14573   -0.286586
0.6527438  -1.560364   5.506097
-0.01798773  0.7567086   0.3841455
0.1039634  0.5128064   -2.603659
1.140549  -1.926218   1.542682
0.3478656  -2.901828   -2.359757
1.2625  -0.9506083   4.164633
-3.066768  1.000611   1.359755
-1.115549  1.732319   0.7499993
-2.152134  1.244514   0.0792675
-0.932622  -0.5847545   0.0792675
-1.908232  1.366465   -0.5304886
-2.091159  0.6347575   1.359755
-0.4448171  -3.14573   -5.469513
-1.786281  0.5128064   -0.4695129
-0.7496953  1.85427   -0.5914642
-3.432622  1.488416   0.5060968
-1.542378  -3.023779   -1.62805
0.1039634  0.6347575   -0.1646349
0.896646  12.70793   0.2012186
1.933232  55.87866   -1.689025
35.40884  55.025   -87.60366
35.40884  198.4396   -239.0061
18.70152  299.1713   -240.7134
48.5186  326.2445   -375.5915
49.0064  390.7567   -515.3475
-12.03018  354.7811   -431.2622
-3.981402  137.7079   -271.5061
1.384451  23.56159   -118.6402
-7.578963  24.41525   -123.7012
0.5307927  28.68354   -120.4085
2.421037  32.09818   -102.8476
0.6527438  24.41525   -94.37195
-0.322866  15.14695   -70.71342
1.079573  15.51281   -54.79878
0.896646  12.58598   -37.29878
-0.6277442  7.342074   -26.56707
-0.07896328  3.195733   -20.65244
-1.359451  5.268904   -11.5061
-0.9935977  2.220124   -10.71342
-1.359451  3.805489   -13.7622
-0.01798773  4.415246   -22.72561
0.3478656  9.537197   -23.51829
-0.07896328  9.781099   -27.05488
1.201524  12.70793   -34.73781
-0.2009149  13.80549   -31.81098
-0.2618904  11.48842   -31.5061
0.7137194  19.17134   -35.40854
-1.176524  5.512806   -27.29878
-0.01798773  8.683538   -30.46951
0.2259145  3.683538   -23.94512
-1.603354  6.000611   -18.7622
-0.3838415  9.537197   -18.45732
0.04298782  1.488416   -16.87195
0.3478656  4.171343   -17.17683
-0.5667682  5.512806   -15.16463
0.1649389  1.732319   -19.4939
-0.5057926  1.000611   -14.73781
0.8356705  5.87866   -16.44512
0.1039634  9.537197   -20.46951
0.28689  9.537197   -17.84756
0.04298782  2.585977   -20.71342
-1.725305  4.293294   -21.07927
-0.1399393  9.415245   -17.78659
1.018598  6.366465   -21.01829
-0.4448171  1.488416   -14.37195
-0.2009149  6.122562   -14.67683
0.896646  9.293295   -13.27439
1.628354  1.85427   -17.11585
-0.9935977  11.24451   -12.84756
0.3478656  7.098172   -12.11585
1.201524  5.268904   -16.20122
0.4088411  2.707928   -10.71342
-2.883842  8.317684   -16.01829
0.04298782  8.073782   -12.29878
-1.176524  1.976221   -9.554878
1.506402  3.073782   -13.82317
-0.6887197  4.659148   -8.274391
-0.3838415  2.951831   -11.62805
-0.5057926  4.171343   -13.33537
0.6527438  16.12256   -12.60366
-19.04238  -2.779877   -19.0061
-12.82287  -2.901828   -50.10366
-4.896037  23.80549   -61.75
-5.871646  30.63476   -61.75
-2.822866  18.56159   -74.18903
-1.298476  56.73232   -97.35976
-1.420427  61.00061   -84.0061
-1.603354  54.90305   -103.1524
-1.2375  67.09818   -122.9695
-23.9814  128.3177   -203.5793
4.31128  67.34207   -178.7012
-49.53018  119.2933   -347.5427
-68.7375  129.6591   -363.1525
-44.65213  162.9518   -386.0793
-94.28628  144.7811   -478.1525
-88.06676  74.17134   -464.8598
-101.6034  62.46403   -434.9207
-74.28628  9.415245   -398.1525
18.33567  -248.3896   -81.81097
-8.310671  -34.975   -49.43293
-0.9935977  88.56158   -142.7866
10.34787  136.9762   -106.5671
24.55518  51.61037   -99.67683
34.12835  49.41525   -22.17683
44.06738  -2.535974   -8.518293
24.92104  4.049392   5.749999
13.03079  -3.877438   15.14024
14.31128  -31.92622   35.81097
13.09177  -22.90183   25.5061
13.33567  -16.43841   24.95732
-1.2375  -43.75549   69.40854
-0.5667682  -52.53597   59.65244
5.469817  -54.12134   50.81097
-1.054573  -37.17012   38.18903
-4.530183  -35.2189   31.78658
-5.017988  -22.53597   26.84756
-1.542378  -14.12134   12.03049
-1.420427  5.146953   2.884146
-1.725305  20.14695   9.774389
2.482012  -6.316462   13.98171
0.7746949  2.220124   -1.810976
-0.2618904  0.3908553   3.554877
-1.481403  -5.950608   1.115853
1.506402  -6.072559   -1.567074
-7.822866  -7.17012   4.408536
-7.944817  -5.340852   2.701219
-13.4936  -2.414023   0.8719504
-0.2009149  2.585977   20.87195
-7.517988  1.366465   -4.250001
-14.89604  -0.7067056   -9.554878
-16.96921  5.756709   -4.554879
-1.420427  10.14695   5.079268
-1.298476  8.80549   5.993901
-4.835061  3.805489   -5.10366
-9.103354  -17.90183   0.2012186
24.98201  -6.316462   18.06707
58.09177  49.65915   88.18903
65.10397  -25.58475   134.6524
42.42104  -66.56036   96.17683
30.89665  20.87866   75.20122
77.78689  76.48842   54.46951
-25.81067  -10.95061   66.29878
3.701525  12.22012   22.45732
1.750305  -8.389632   9.713414
-2.274086  10.87866   5.384146
-1.054573  -1.560364   11.90854
1.750305  -0.2189007   48.0061
4.799086  -2.414023   67.64024
4.677135  0.7567086   83.9817
1.018598  -0.9506083   89.95732
-9.71311  -9.853047   84.34756
-14.83506  -30.4628   100.811
-12.33506  -13.38963   70.2622
-12.39604  -16.07256   52.88415
-16.60335  -2.292072   23.4939
-87.27409  134.903   -47.78658
-39.04238  -7.048169   -53.70122
-58.67653  51.00061   -107.9695
-88.55457  23.92744   -48.94512
-138.4936  112.586   -117.2378
-185.1399  69.41525   -95.53049
-209.4082  58.68354   -88.09146
-203.3717  58.56159   -88.70122
-191.2985  32.82988   -60.95732
-183.9814  49.04939   -60.28658
-185.8717  40.87866   -70.46951
-197.8229  12.95183   -64.85976
-217.1521  30.025   -80.10366
-240.6887  17.46403   -87.42073
-243.4936  30.14695   -87.17683
-251.0546  5.146953   -70.95731
-237.2131  30.14695   -77.17683
-192.0302  22.58598   -74.79878
-155.9326  -13.38963   -61.32317
-114.7131  -28.99939   -47.66463
-86.17652  -30.4628   -29.79878
-96.29848  -10.4628   -32.96951
-66.11555  -0.5847545   -38.88415
-70.26189  -10.2189   -31.87195
-56.4814  4.781099   -37.17683
-47.09116  11.12256   -29.92073
-24.71311  11.97622   -17.90854
-13.24969  22.70793   -20.95732
0.6527438  22.22012   -14.31098
14.49421  40.63476   -23.51829
31.81128  63.19573   -23.45732
101.0186  54.04939   -27.96951
91.44543  57.95183   -17.35976
102.543  52.46403   -2.847562
112.2381  57.82988   4.34756
139.4332  58.07378   28.31097
187.421  41.61037   41.17683
249.1283  38.92744   71.66463
325.5308  37.82988   99.65244
411.0796  86.00061   112.3354
468.7625  128.4396   127.2134
467.543  164.2933   109.7134
447.2381  131.2445   96.29878
404.982  69.53719   88.12805
356.0796  -12.65792   80.68903
235.7137  -109.4872   35.20122
220.104  -58.87744   47.21342
192.9698  -5.09695   58.06707
180.5918  -79.73109   30.9939
134.0674  -29.36524   22.51829
121.8113  -29.36524   16.54268
103.4576  -24.85305   17.57927
91.07957  -18.02378   20.75
80.59177  7.220123   12.39634
41.5064  -9.243291   29.10366
32.72591  -13.14573   28.55488
23.09177  -7.17012   28.79878
15.83567  -7.535975   28.61585
1.506402  -4.609145   39.28658
-15.26189  -17.53597   81.54269
-34.10336  -34.36524   86.05488
-84.95701  -61.19451   127.0305
-132.6399  -60.2189   111.4817
-181.8473  -27.04817   60.0183
-250.3229  -5.706706   67.57927
-352.6399  44.5372   37.5183
-431.5424  90.39085   1.725609
-483.3107  25.39086   -30.46951
-473.9814  96.85427   -66.5061
-441.3594  56.73232   -64.61585
-408.2497  62.09817   -69.67683
-389.6521  31.97622   -46.68903
-322.396  106.0006   -35.10366
-261.7863  50.63476   -34.31097
-171.1156  86.48842   -23.33537
-121.2985  20.39085   -32.48171
-78.61555  42.09817   -12.78659
-55.68872  45.63476   -19.37195
-26.54238  40.75671   -19.0061
9.982012  30.2689   -16.81098
43.7625  30.51281   -35.46951
94.55518  70.14695   -31.2622
169.982  40.025   -16.14024
289.0064  47.70793   -13.64024
441.2625  72.22012   9.89634
565.7747  117.464   35.56707
619.982  136.7323   65.2622
565.7747  199.2933   112.8232
457.482  -64.975   63.92073
389.7381  -33.63353   40.32317
342.4211  -80.46281   57.09146
276.2015  -17.77988   46.72561
222.421  -53.63353   43.67683
165.8357  -48.26768   47.88415
130.3479  -38.63353   25.75
86.5064  -27.04817   8.554877
52.72591  -20.95061   16.54268
17.66494  0.3908553   9.591463
-3.554573  2.220124   13.37195
-39.65213  -41.80427   28.0061
-70.44482  -24.36524   66.35976
-97.63994  -59.60915   63.12805
-149.5302  -35.95061   44.59146
-210.6887  -46.80427   18.06707
-273.0058  4.171343   -3.274391
-378.8594  10.025   10.81098
-513.6765  45.87866   -35.10366
-531.8473  110.6348   -100.5915
-455.6887  133.4396   -49.25
-342.2741  65.63476   -40.77439
-280.2619  -35.2189   -11.44512
-193.7375  17.34208   12.51829
-148.6156  37.82988   -14.06707
-97.57896  41.85427   -0.8353666
-28.92043  49.17134   -4.981708
8.518598  12.22012   6.603658
52.05518  10.75671   -1.750001
119.6162  46.36647   -22.11585
240.8357  38.56159   -10.34756
376.6893  61.24451   -7.359757
513.0308  71.12257   -1.506098
533.2137  57.58598   24.10366
440.2259  -98.26768   -54.4939
365.043  -82.90182   -24.98171
258.3357  -125.5848   -6.871952
177.9088  -48.99939   -6.201221
89.73811  -57.53597   -10.40854
36.5064  -45.4628   -5.286586
0.8356705  -40.70671   -22.29878
-25.62774  -58.75549   -31.14025
-36.84726  -42.77988   -33.03049
-46.96921  -61.31646   -27.35976
-55.26189  -23.02378   -14.61585
-72.33506  -30.58475   -15.53049
-74.28628  -21.68232   -19.06707
-81.84725  4.90305   -12.96951
-108.9204  -31.07256   37.27439
-103.0058  -46.68232   88.0061
-93.31067  -66.07256   147.5183
-56.35945  -134.2433   184.3476
-89.34725  -158.8774   -13.82317
-105.2009  -12.41402   -321.689
-17.63994  20.025   -127.7256
-12.09116  11.12256   -76.93292
-4.530183  -20.09695   -47.72561
-2.944817  18.56159   -6.506098
-0.6887197  -12.04817   16.05488
-3.18872  -15.70671   36.42073
-5.200915  6.366465   32.27439
-4.591159  3.683538   22.64024
1.2625  2.220124   17.27439
-0.6887197  1.976221   -3.884147
-1.603354  1.366465   -13.09146
-2.21311  -3.267681   -20.40854
-2.457012  -3.14573   -17.35976
-0.5667682  3.195733   -21.14025
-0.6887197  3.561587   -8.213415
-2.274086  -0.4628034   -2.969513
1.384451  -16.68232   -1.750001
-0.9935977  18.07378   9.408536
-2.335061  0.5128064   1.115853
0.5917683  1.366465   -4.859757
-1.542378  -3.14573   -1.750001
0.4088411  0.7567086   -8.640244
0.1039634  -2.657925   -3.884147
-0.4448171  -0.3408523   0.3231699
1.384451  6.488416   1.603658
0.28689  -3.633535   -3.457318
-1.847256  -6.682316   -2.481708
1.445427  -2.901828   -0.5914642
1.201524  3.561587   -2.054879
0.7137194  -2.048169   -0.1036594
-1.176524  7.098172   -5.225611
0.04298782  0.6347575   -2.420732
0.6527438  2.464026   -0.1646349
0.28689  4.293294   -4.737805
-0.5667682  -0.2189007   0.0792675
-1.603354  1.732319   2.396341
0.3478656  -0.3408523   -0.4695129
-0.5667682  -0.09694958   -2.664635
-0.9935977  2.464026   -2.969513
-0.3838415  -0.7067056   -0.0426836
-3.005793  2.220124   -2.664635
-0.2009149  -13.99939   -2.847562
-0.9935977  11.24451   -2.054879
-0.322866  -6.682316   -4.371952
-0.6277442  4.415246   1.176828
1.079573  -9.243291   -6.689025
0.1649389  0.7567086   -1.689025
-1.176524  -0.8286572   -1.323171
0.5307927  -1.804267   -3.823172
1.994207  -11.07256   -1.932928
0.1649389  -17.90183   -3.274391
0.4088411  11.24451   0.9329259
0.6527438  -2.657925   -5.286586
1.81128  -14.85305   0.01829195
-1.908232  18.07378   3.189023
1.384451  -10.58475   -3.030488
0.7137194  -3.267681   -0.8353666
1.384451  -1.560364   -3.274391
-0.2009149  3.073782   -3.091464
-0.07896328  0.7567086   0.8109748
0.7746949  0.3908553   -2.359757
0.896646  -1.926218   1.786584
-1.176524  5.390855   -0.8353666
0.4698172  -1.316462   -4.798781
-0.8106709  -2.901828   -4.006098
-0.6887197  3.195733   -3.213415
-0.322866  3.195733   0.6280479
-0.5667682  2.098172   -5.042684
2.23811  -0.4628034   -1.993903
0.1649389  1.610367   -1.445123
0.5307927  0.1469526   -2.603659
-1.786281  3.439636   -0.7743911
-0.6887197  3.927441   -0.6524398
-0.3838415  -5.462803   1.115853
-0.6887197  2.707928   -2.298781
0.9576221  4.171343   -6.628049
-0.6887197  -7.17012   -0.7743911
-1.542378  9.537197   -1.20122
-5.505793  7.707929   1.237804
-0.4448171  -4.974998   -2.054879
3.33567  -3.755486   -1.689025
-1.420427  15.14695   0.2621944
1.201524  -6.438413   -0.6524398
0.4698172  -9.365242   1.542682
-2.396037  9.293295   -5.225611
1.689329  -13.75549   -1.20122
-1.664329  -4.487194   -2.237806
-0.6277442  2.098172   -2.847562
-0.5667682  -1.072559   2.457316
-0.5057926  -0.4628034   -2.786586
-0.2009149  3.561587   -3.15244
0.6527438  7.098172   -7.115854
0.1649389  0.6347575   -0.286586
0.896646  -3.14573   -1.445123
0.1649389  -3.755486   0.5670724
-0.2618904  0.7567086   2.335365
1.445427  4.415246   -4.12805
-0.3838415  0.1469526   -1.567074
-2.396037  -8.14573   -1.871952
0.9576221  -3.633535   -3.518293
-2.091159  -2.779877   1.664633
0.3478656  1.000611   1.176828
0.3478656  1.732319   -1.384147
-2.030183  4.171343   -0.1646349
-0.9935977  -2.901828   0.8109748
-1.420427  4.90305   -4.067074
-1.2375  1.000611   -4.493903
0.5917683  1.610367   0.445121
-0.8106709  2.220124   -4.12805
0.7746949  4.415246   -1.323171
-0.4448171  1.488416   -1.018293
0.896646  -2.779877   -1.932928
2.421037  -7.048169   3.859756
-0.1399393  -7.048169   -4.859757
2.360061  -0.4628034   -3.884147
-0.8716464  -0.5847545   1.786584
0.04298782  -4.609145   -3.335367
-0.6277442  0.6347575   -1.079269
-1.115549  1.488416   -3.213415
0.6527438  -6.438413   1.542682
-1.969208  -0.3408523   -3.518293
0.3478656  7.342074   -3.396342
-0.3838415  4.049392   1.420731
-0.6887197  8.683538   -4.189025
-0.5057926  -1.682315   0.0792675
0.7137194  -1.072559   -3.335367
0.3478656  0.7567086   -3.15244
-0.4448171  1.244514   0.2012186
-1.542378  2.220124   -2.542684
-1.2375  8.439636   2.213414
-0.8106709  10.87866   -5.408537
-0.8106709  3.195733   -1.445123
-2.517988  11.36646   -2.542684
-1.176524  8.927441   -0.4085374
2.421037  -10.34085   0.445121
-0.6277442  18.31768   -1.689025
0.3478656  -0.5847545   -2.542684
0.7746949  1.366465   -2.481708
-1.359451  2.342075   -2.298781
-2.396037  1.122562   0.6280479
1.323475  2.342075   -4.189025
-0.8716464  -0.5847545   -2.664635
-0.6887197  -4.609145   -0.3475618
-0.9935977  2.098172   -1.750001
0.7746949  6.244514   -4.12805
-1.054573  -3.877438   -1.932928
0.896646  0.6347575   -0.5304886
0.04298782  -3.267681   -3.457318
-0.7496953  0.8786602   0.9939017
-0.2009149  -2.048169   -2.420732
-0.1399393  -2.414023   -1.810976
-1.298476  6.976221   -0.1646349
-0.2618904  -7.17012   -7.908537
-0.6887197  3.683538   -1.018293
-0.01798773  -6.804267   -3.213415
1.384451  0.02500153   -1.932928
0.1649389  -5.828657   2.82317
-0.932622  -5.218901   -1.262196
-0.9935977  -1.072559   -1.140245
-0.2009149  0.8786602   -3.091464
-0.5667682  -3.633535   1.481707
0.6527438  -6.804267   -1.506098
0.5307927  1.122562   -2.847562
-0.8106709  2.464026   -1.20122
0.896646  4.049392   -1.689025
1.323475  -1.19451   -1.62805
0.5307927  0.3908553   -0.8353666
-0.2009149  3.073782   -1.871952
0.28689  -4.853047   2.945121
-1.298476  -3.14573   -2.298781
0.896646  -3.14573   -0.6524398
-0.8106709  1.000611   -2.603659
0.04298782  0.5128064   2.457316
-0.5667682  -3.14573   2.152438
1.2625  -0.8286572   -3.15244
-2.21311  2.82988   0.7499993
0.5917683  7.342074   -3.579269
-0.5057926  -3.023779   -1.810976
-0.5667682  0.6347575   -0.286586
0.6527438  -3.389632   -2.237806
0.2259145  -0.8286572   -0.3475618
-2.21311  1.488416   -0.3475618
-0.1399393  -0.2189007   -3.579269
-3.920427  7.707929   -2.664635
0.8356705  4.049392   -0.2256105
0.4088411  -10.82866   -1.750001
-0.322866  4.90305   -4.920732
0.04298782  -1.316462   0.9939017
-0.5057926  -0.9506083   -3.15244
-0.932622  1.244514   -0.9573178
-0.4448171  0.1469526   0.3231699
-1.054573  -4.487194   -2.72561
-0.2618904  -2.657925   2.091463
-1.298476  1.366465   0.3841455
-0.322866  -5.706706   -4.189025
0.896646  5.390855   1.29878
0.896646  -3.755486   -3.274391
0.04298782  0.5128064   0.7499993
-1.420427  3.317684   -4.432928
0.1039634  2.82988   1.786584
0.8356705  2.464026   -1.323171
-1.664329  0.8786602   -1.140245
-0.5057926  3.805489   0.3231699
1.079573  -0.4628034   -2.847562
0.5917683  9.659147   0.445121
1.2625  2.951831   0.445121
0.7137194  2.220124   -1.932928
0.5307927  -0.9506083   0.8109748
-0.8106709  -1.072559   -1.506098
0.1649389  4.049392   0.6280479
-1.054573  -2.048169   1.359755
0.6527438  -5.950608   -5.225611
0.7746949  0.6347575   2.640243
0.1649389  -2.779877   -4.798781
0.28689  0.02500153   -3.518293
-0.5057926  1.85427   -5.225611
-0.2618904  -3.389632   -1.140245
0.2259145  -2.048169   2.396341
0.1039634  6.122562   -3.640245
0.9576221  2.82988   1.725609
0.9576221  0.1469526   -1.506098
-0.6277442  -6.438413   -0.7134154
0.5917683  3.927441   -1.323171
0.04298782  3.439636   -3.457318
-0.932622  1.610367   1.908536
0.3478656  1.366465   -0.7743911
0.6527438  -0.5847545   0.5060968
-0.7496953  -12.90183   -5.042684
0.8356705  -4.974998   -3.030488
-1.054573  1.488416   1.054877
-0.07896328  0.1469526   -1.932928
-0.01798773  -0.4628034   1.29878
-0.932622  4.049392   -0.8353666
1.079573  -2.048169   -1.810976
-0.5667682  -2.779877   0.1402431
0.1039634  -2.535974   -2.054879
0.8356705  4.171343   1.054877
-0.5057926  -1.19451   -1.810976
-0.4448171  -10.82866   -3.884147
0.4088411  1.122562   -1.993903
-2.030183  -1.926218   -2.542684
-0.1399393  0.7567086   2.213414
-1.2375  5.390855   -5.591464
-0.01798773  2.464026   3.371951
0.5917683  -5.584755   -1.810976
0.5917683  3.195733   -2.72561
0.1649389  -3.633535   0.8719504
0.1039634  -3.267681   -2.298781
-1.359451  4.537197   0.2012186
-0.4448171  2.342075   2.152438
-0.07896328  -0.09694958   -3.640245
-1.115549  3.683538   2.396341
-2.578964  4.537197   -3.884147
-0.2618904  -7.535975   1.84756
0.8356705  -1.072559   -4.250001
-0.8716464  -0.2189007   -2.969513
0.7137194  -5.584755   0.3231699
-1.847256  1.732319   -3.640245
-0.2009149  0.6347575   -0.1036594
1.140549  -3.999389   -0.7743911
-0.07896328  4.659148   0.9329259
-1.847256  -0.3408523   1.969512
0.28689  2.585977   -0.8353666
-1.298476  2.220124   2.82317
-0.6277442  1.732319   -1.20122
-1.786281  -7.779877   1.84756
0.3478656  -6.316462   -4.920732
1.201524  -8.633535   1.969512
-1.298476  -3.389632   1.115853
0.04298782  7.098172   -4.737805
1.201524  -4.974998   -0.6524398
-0.9935977  7.585977   -2.115855
0.5307927  -1.072559   -2.72561
-1.054573  -1.804267   4.286584
0.4088411  -6.19451   -3.823172
-0.4448171  1.244514   1.420731
-5.932622  15.75671   6.359756
-12.21311  4.171343   3.798779
-9.896036  3.683538   7.030487
-0.7496953  6.488416   10.20122
3.213719  24.04939   12.51829
3.091768  23.92744   24.10366
2.908841  -0.3408523   44.89634
6.933231  3.439636   42.03049
1.323475  18.31768   41.29878
-3.127744  -4.853047   50.68903
-7.274086  -25.09695   43.92073
-0.6887197  -3.755486   27.39634
49.79909  -36.68232   74.22561
56.20153  11.61037   113.372
58.15274  -30.70671   118.189
63.94543  -14.7311   108.6768
48.09177  -4.731096   121.9695
42.84787  -11.56036   126.8476
38.64055  -13.99939   144.1646
49.86006  70.14695   173.7378
68.2747  -0.7067056   182.8841
70.83567  8.073782   186.2378
70.10397  23.31768   183.4329
66.20152  9.537197   189.7744
63.94543  16.12256   187.3963
60.83567  17.09817   182.5793
52.66494  14.90305   174.1646
47.60397  -11.56036   153.0671
45.95762  21.73232   131.3598
37.05518  17.09817   123.0061
26.93323  14.41525   109.4695
29.43323  -23.02378   82.45732
20.04299  7.82988   63.55488
20.65274  -14.85305   67.45732
20.65274  -17.17012   55.07927
11.7503  -5.218901   38.61585
7.969817  0.3908553   20.87195
6.994207  6.732319   12.51829
7.299086  1.366465   17.51829
7.78689  9.049392   15.93293
6.994207  5.87866   21.35975
6.079573  10.025   21.2378
2.177134  9.049392   21.29878
6.933231  -0.4628034   26.54268
6.384451  -3.389632   27.82317
2.78689  0.3908553   21.48171
1.994207  4.90305   7.945121
1.506402  -3.267681   7.152438
-0.2009149  -0.09694958   3.676828
-0.9935977  2.342075   -1.871952
-1.359451  2.82988   3.371951
3.7625  4.415246   4.286584
2.969817  8.80549   5.384146
0.1039634  9.049392   5.32317
1.323475  9.415245   -3.762196
-1.359451  8.80549   -9.615854
-3.18872  7.707929   -21.44512
-5.078963  7.220123   -27.17683
-6.66433  13.68354   -31.2622
-6.847256  11.48842   -29.4939
-9.591159  26.85427   -39.31097
-13.9814  29.90305   -66.0183
-13.9814  37.58598   -74.9817
-12.70091  39.5372   -80.16463
-15.13994  36.00061   -91.87195
-17.51799  46.73232   -106.5671
-21.96921  46.73232   -122.0549
-21.90823  47.95183   -114.8598
-24.65213  44.17134   -117.1768
-23.7375  37.34208   -102.9085
-22.39604  36.85427   -99.18903
-19.40823  17.70793   -104.9817
-28.12774  35.26891   -84.67683
-30.13994  36.48842   -97.4817
-43.00579  52.95183   -126.9329
-46.11555  46.24451   -159.6159
-49.04238  -2.048169   -176.2622
-49.2253  -27.77988   -160.8963
-56.66433  -28.02378   -111.5671
-49.34726  -33.14573   -98.64024
-46.17653  -8.023779   -84.18903
-30.93262  4.415246   -105.8963
-23.7375  -6.926218   -119.128
-21.66433  19.90305   -100.8354
-25.32286  2.951831   -88.03049
-15.26189  -27.04817   -83.33537
-27.94482  -28.38963   -105.8963
-39.65213  -41.56036   -129.0061
-45.20091  -14.7311   -139.7988
-39.95701  -27.53597   -104.9817
-25.26189  -37.29207   -86.07927
-26.54238  -25.58475   -88.57927
-23.37165  9.781099   -79.0061
-22.03018  26.36646   -69.85976
-16.96921  19.7811   -63.15244
-13.31067  27.82988   -55.46951
-13.61555  25.2689   -75.89634
-13.61555  12.95183   -99.0061
-20.74969  -18.14573   -119.6768
-41.7253  5.756709   -143.2134
-44.65213  16.48841   -140.0427
-36.2375  10.87866   -122.7256
-30.50579  21.36646   -104.0061
-26.96921  22.34208   -84.31097
-18.24969  29.41525   -66.93292
-18.00579  16.97622   -71.68903
-19.65213  11.48842   -59.43293
-15.87165  14.41525   -51.32317
-16.05457  11.61037   -48.57927
-18.67653  19.5372   -36.14024
-3.798476  8.927441   -3.70122
6.140549  5.512806   30.93292
15.71372  17.46403   67.57927
22.60396  -2.901828   99.40854
26.07957  11.24451   123.1281
32.54299  8.80549   145.0793
37.42104  16.97622   161.1768
42.29909  43.56159   163.7988
35.59177  42.46403   136.8476
30.65274  25.2689   115.811
28.64055  27.82988   102.5183
31.93323  18.80549   99.40854
40.16494  0.1469526   118.8598
53.57957  -8.389632   158.0061
62.42104  9.049392   209.7134
71.32348  -7.901828   274.8354
77.05518  6.976221   278.128
60.95763  -3.389632   232.6402
42.66494  3.439636   167.0915
33.64055  -20.4628   109.1646
28.2747  -17.29207   95.75
29.92104  -8.389632   89.53049
31.93323  -6.560365   95.38415
35.71372  -26.80427   119.3476
44.37226  -35.4628   126.9085
14.67713  -20.70671   30.20122
33.5186  -33.14573   -44.4939
47.54299  -42.29207   -35.40854
34.25031  -39.73109   53.79878
30.95762  -39.12134   97.45732
24.31128  -23.14573   73.85976
11.38445  -10.09695   28.25
9.189329  -4.853047   20.5061
7.360061  -13.02378   17.21341
8.884451  -13.26768   22.94512
8.518598  -11.56036   33.37195
12.36006  -1.560364   44.28658
11.14055  -13.02378   51.17683
10.95762  0.3908553   54.77439
11.5064  -0.5847545   63.06708
9.128353  -4.12134   49.34756
6.2625  2.585977   27.70122
4.372256  -6.438413   15.01829
-0.6277442  -9.731096   0.5060968
1.201524  -1.926218   1.664633
2.664939  -10.58475   -0.1646349
0.5917683  -10.70671   -1.567074
4.799086  -14.36524   9.103658
3.640549  -6.682316   13.61585
-0.9935977  8.683538   18.98171
0.3478656  15.51281   15.75
4.982012  -8.023779   3.737804
1.506402  -0.8286572   0.6280479
1.323475  7.82988   1.359755
-1.542378  -13.99939   8.128048
-0.01798773  -2.17012   -0.7134154
1.506402  6.244514   6.420731
1.018598  8.927441   1.29878
-1.481403  -0.4628034   -10.83537
-2.700915  6.976221   -1.384147
-0.7496953  12.09817   -7.908537
-0.5057926  8.317684   -6.993903
-1.115549  11.97622   -2.786586
4.31128  8.683538   -2.847562
4.067378  -0.5847545   -3.457318
-1.603354  15.025   -12.29878
-1.2375  5.87866   -14.73781
-1.115549  -2.292072   -18.15244
-0.07896328  -9.609145   -11.07927
-1.664329  2.82988   -4.859757
-1.969208  2.342075   -9.432928
-1.542378  4.659148   -3.762196
-2.091159  0.6347575   -13.57927
-7.335061  5.512806   -19.92073
-9.652134  4.781099   -20.77439
-9.652134  8.683538   -30.34756
-7.76189  11.61037   -19.61585
-8.310671  8.561586   -22.60366
-7.639939  9.293295   -14.0061
-6.359451  5.512806   -11.93293
-4.71311  10.39086   -7.664635
-7.21311  3.439636   -10.71342
-6.115549  -4.487194   -19.31098
-10.26189  9.537197   -18.57927
-10.32287  0.5128064   -28.94512
-10.01799  -6.682316   -26.68903
-10.07896  -4.609145   -37.90854
-10.07896  20.87866   -38.09146
-9.652134  17.34208   -31.68903
-8.981402  6.366465   -36.14024
-6.542378  13.31768   -36.93293
-2.517988  11.12256   -36.0183
-4.225305  15.75671   -49.06708
-6.176525  11.00061   -75.10366
-2.639939  11.73232   -96.68903
-1.908232  29.90305   -94.4939
4.860061  10.2689   -84.85976
2.664939  20.2689   -92.66463
0.2259145  21.73232   -101.2012
-8.310671  45.14695   -121.1402
-8.249695  31.73232   -113.3963
-6.603354  3.073782   -106.3841
-4.530183  -32.65792   -92.42073
-10.68872  -7.535975   -97.72561
-14.71311  -6.316462   -104.189
-19.04238  -12.65792   -107.3598
-21.54238  16.85427   -97.60366
-12.76189  -16.31646   -75.71342
-18.06677  5.390855   -61.44512
-16.05457  11.48842   -80.16463
-20.9936  -1.682315   -93.39634
-22.57896  -10.82866   -96.5061
-18.61555  -38.38963   -78.70122
-22.94482  -14.24329   -67.60366
-22.15213  -6.682316   -24.98171
3.945427  -102.6579   180.4451
7.542988  -107.2921   160.2622
-12.82287  -19.12134   15.01829
-26.42043  12.09817   -59.67683
-27.76189  5.87866   -63.09146
-31.35945  9.293295   -85.28658
-21.54238  14.5372   -74.43292
-15.56677  -23.51158   -60.16463
-14.65213  8.561586   -40.16463
-7.76189  0.3908553   -17.84756
-4.530183  -4.243291   -17.35976
-6.298476  11.85427   -17.54268
-5.871646  4.90305   -25.71342
1.994207  -31.43841   -39.18903
-10.20091  23.19573   -38.64024
-7.944817  5.390855   -34.0061
0.3478656  -25.09695   -26.68903
-6.542378  -11.31646   -30.46951
-9.774086  5.512806   -29.12805
-12.82287  -0.4628034   -23.64025
-7.883842  8.195733   -14.73781
-6.603354  1.610367   0.3231699
-3.981402  1.488416   10.56707
-5.017988  -1.072559   6.115853
-10.93262  -15.2189   8.432926
-8.7375  -0.3408523   -0.1646349
-7.457012  -4.365242   -0.286586
-14.2253  -6.682316   2.518292
-15.07896  -2.901828   -3.70122
-21.42043  12.70793   0.6280479
-24.16433  6.610367   8.067072
-19.40823  -16.80427   11.17683
-15.74969  7.82988   16.42073
-13.31067  -23.87744   26.11585
-27.09116  -2.779877   38.55488
-26.60336  -25.2189   42.45731
-27.21311  2.82988   52.03049
-29.95701  10.75671   53.55488
-44.59116  -2.657925   61.66463
-51.7253  -16.43841   65.20122
-46.05457  -5.706706   68.31097
-48.85945  25.39086   74.77439
-45.9936  11.00061   65.81097
-46.35945  4.049392   42.76219
-45.81067  13.31768   21.48171
-49.89603  9.90305   12.88415
-45.13994  7.220123   8.128048
-23.24969  10.51281   3.737804
-24.59116  24.7811   28.37195
-0.01798773  57.58598   35.0183
4.067378  -11.19451   -17.72561
22.90884  -30.2189   -34.85976
8.152743  -3.14573   -60.10366
23.94543  53.07378   2.457316
-13.79848  -9.243291   -15.22561
-4.103354  -34.36524   -37.96951
-11.17653  -6.19451   -21.2622
-7.335061  0.8786602   -12.23781
-4.896037  -0.5847545   -10.77439
3.33567  0.5128064   -12.48171
11.5064  8.927441   -8.457317
6.81128  12.09817   -7.969513
9.555182  5.146953   -17.42073
14.0064  10.51281   -15.40854
19.61616  13.80549   -7.969513
40.83567  10.14695   2.030487
67.60397  13.80549   19.59146
83.21372  24.29329   30.32317
89.86006  27.46403   30.07927
85.89664  14.65915   15.01829
86.0186  26.97622   16.11585
84.98201  4.537197   10.38415
89.86006  25.75671   20.68902
93.2747  23.43964   17.33537
96.07957  8.439636   -11.2622
88.82348  20.14695   -25.95732
81.68933  21.85427   -49.12805
71.62836  15.75671   -53.33537
55.40884  25.2689   -67.96951
31.44543  19.5372   -82.90854
24.98201  2.342075   -74.4939
17.23811  -34.12134   -67.42073
3.457622  -15.95061   -91.32317
-13.37165  -29.60915   -93.82317
-6.66433  -92.65793   3.859756
-23.18872  -100.3409   17.27439
-34.28628  -56.80427   -52.35976
-28.92043  -29.24329   -94.67683
-28.31067  -26.68232   -73.09146
-37.88384  -0.8286572   -54.67683
-40.01799  -23.38963   -49.61585
-45.50579  -46.19451   -45.22561
-37.76189  -8.999389   -11.44512
-26.96921  -6.926218   18.18902
-10.62774  -9.12134   41.78658
3.213719  -13.63354   70.20122
13.09177  -16.43841   95.07927
10.16494  20.87866   142.7622
39.06738  3.561587   203.25
47.17714  10.14695   259.3475
49.31128  13.31768   241.2378
38.5186  21.36646   217.3354
25.89664  -9.243291   174.1646
18.39664  -14.60914   129.8354
19.43323  -35.82866   115.2012
10.28689  -38.99939   102.3963
9.982012  -49.60915   94.22561
40.04299  -47.17012   103.1281
0.04298782  -58.75549   57.09146
-22.70092  -29.975   -8.518293
-1.481403  -11.43841   -68.45731
-15.74969  -14.48719   -42.11585
-10.74969  -6.19451   -2.298781
-11.2375  0.02500153   0.5060968
-21.17653  -3.14573   -31.14025
-33.24969  12.34208   -75.16463
-33.55457  -3.14573   -55.83537
-30.44482  -1.316462   -51.07927
-56.42043  -16.68232   -77.17683
-81.42043  -48.26768   -135.1037
-107.396  -67.41402   -169.3719
-91.78628  -47.65792   -168.5793
-81.11555  -106.5604   -89.43292
9.006402  -23.02378   -24.18903
-7.517988  -20.4628   9.34756
0.8356705  8.561586   6.786585
-3.127744  1.610367   5.810975
-4.347256  5.390855   -8.579269
-0.07896328  -1.072559   -13.09146
-1.2375  -4.12134   -16.01829
-1.359451  -2.779877   -22.66463
-2.700915  0.5128064   -15.28659
-2.335061  10.2689   -18.51829
-1.054573  6.366465   -13.15244
-2.152134  -3.023779   -5.164635
0.8356705  -1.926218   -1.750001
-1.908232  1.610367   2.335365
-2.091159  11.24451   0.5060968
-0.4448171  -6.926218   3.249999
-1.542378  -4.974998   -3.884147
-0.6887197  7.342074   -2.603659
-0.932622  7.342074   -6.018293
0.04298782  3.439636   -10.83537
-0.9935977  0.2689037   -4.067074
-1.054573  -2.535974   -6.384147
-0.9935977  -1.682315   -6.871952
-1.786281  7.82988   -2.359757
0.4088411  1.000611   -8.945123
0.1649389  -6.804267   -4.67683
0.04298782  6.610367   -3.335367
1.140549  -12.90183   -1.810976
1.445427  -15.95061   -6.384147
-2.21311  18.80549   -2.17683
0.4088411  -5.950608   -2.237806
-2.457012  2.464026   -6.506098
-2.152134  -1.926218   -3.335367
-5.322866  4.293294   -8.457317
-0.322866  3.927441   -2.542684
-0.6887197  1.488416   0.9329259
0.8356705  -1.682315   -2.969513
-0.2618904  2.342075   -1.810976
-0.7496953  1.244514   2.274389
0.4698172  2.585977   0.5670724
-1.481403  -5.462803   -3.884147
-0.3838415  11.73232   -1.445123
1.445427  -1.438413   -1.750001
1.018598  -4.974998   -6.384147
-0.4448171  0.2689037   -0.286586
-0.6887197  5.756709   -0.7743911
-0.6277442  1.85427   -4.493903
0.6527438  1.85427   3.249999
-0.5057926  -4.487194   -4.737805
0.4088411  0.3908553   -1.567074
-0.8106709  -5.340852   -1.384147
-1.2375  0.5128064   -3.396342
-0.5667682  0.02500153   -3.884147
-0.01798773  2.82988   -4.981708
-3.005793  12.58598   -1.140245
-1.359451  6.122562   -4.250001
0.3478656  -3.389632   -1.20122
-0.2009149  -5.09695   -3.030488
0.5307927  2.220124   -3.457318
-0.8716464  -2.292072   -2.908537
0.04298782  -10.2189   -6.567074
-0.4448171  4.293294   0.6280479
1.079573  4.049392   0.5060968
0.7746949  2.464026   -0.9573178
0.1649389  0.3908553   0.7499993
0.04298782  6.000611   -3.457318
-0.6277442  1.610367   -0.7743911
0.1039634  1.122562   -5.591464
1.018598  1.610367   -2.298781
-0.6887197  -3.267681   -1.323171
-1.2375  3.317684   -0.6524398
0.4088411  -5.828657   -1.445123
1.2625  -0.8286572   -3.457318
0.9576221  -0.09694958   -4.493903
-1.2375  -13.14573   1.176828
0.28689  1.610367   -3.762196
0.7137194  -4.12134   1.054877
-0.1399393  17.70793   1.054877
-0.6277442  0.2689037   4.34756
1.384451  -0.3408523   -1.140245
-0.5057926  -3.023779   -1.871952
1.201524  -2.292072   -0.8963423
-0.07896328  0.02500153   -2.908537
-0.2618904  0.2689037   -4.737805
0.5917683  17.09817   -2.115855
-1.969208  -4.487194   -0.4085374
0.4698172  -1.682315   -4.067074
-0.2618904  -1.316462   -1.445123
-1.2375  10.025   -3.762196
-0.322866  0.7567086   -4.920732
-0.4448171  -5.09695   0.6280479
-0.6277442  -3.267681   -0.9573178
-0.4448171  -1.804267   0.9329259
0.6527438  2.220124   -0.286586
0.1649389  -8.999389   -1.932928
-1.969208  -4.487194   -0.4085374
0.4698172  -1.682315   -4.067074
-0.2618904  -1.316462   -1.445123
-0.2009149  4.781099   -1.506098
-0.932622  -3.755486   -4.920732
-1.298476  5.390855   -0.1646349
-0.2009149  -7.901828   8.554877
-0.932622  8.80549   29.95732
-15.68872  5.512806   -12.96951
-29.34726  7.707929   -14.12805
-4.957012  -23.26768   -19.18903
3.33567  -3.755486   22.09146
23.94543  -22.29207   74.04269
-14.59116  -1.072559   18.18902
-1.664329  4.659148   0.0792675
15.7747  -7.292071   49.89634
45.10397  -16.92622   114.7744
36.93323  -26.92622   108.7988
25.34787  -5.218901   89.59146
31.0186  -48.51159   124.7744
-4.957012  -23.26768   -19.18903
3.33567  -3.755486   22.09146
23.94543  -22.29207   74.04269
20.65274  -8.877438   71.29878
25.95762  -6.804267   67.15244
32.78689  -12.17012   109.4085
61.07957  -30.09695   179.4695
76.2625  -45.58475   160.8719
69.06738  -42.53597   183.1281
74.06738  -41.31646   170.2622
58.03079  -32.41402   108.8598
47.60397  -23.02378   106.6646
29.49421  0.02500153   107.5183
57.17714  -50.09695   142.7012
52.48201  -42.29207   97.27439
40.40884  -18.87744   98.85976
42.90884  -3.267681   100.2012
32.54299  0.6347575   80.93293
29.61616  -29.48719   64.95732
27.23811  16.73232   57.57927
58.03079  -32.41402   108.8598
47.60397  -23.02378   106.6646
29.49421  0.02500153   107.5183
32.54299  -28.99939   92.88415
32.17714  -17.77988   76.60366
26.5064  0.6347575   56.72561
17.96982  -12.41402   34.89634
10.10396  -1.072559   23.92073
10.65274  28.56159   15.26219
7.603963  -0.8286572   -10.95732
6.201525  10.87866   -7.237806
5.896646  -5.706706   2.701219
7.847866  14.04939   -6.810977
4.006402  20.63476   -14.61585
7.23811  -8.511584   3.249999
5.103963  8.80549   6.725609
0.5307927  -6.072559   -15.53049
4.250305  6.610367   -10.40854
5.957622  12.34208   -9.12805
14.0064  1.244514   0.9329259
6.201525  10.87866   -7.237806
5.896646  -5.706706   2.701219
7.847866  14.04939   -6.810977
0.7746949  4.659148   -6.262196
5.042988  8.561586   -7.115854
10.83567  10.87866   -5.469513
12.90884  6.366465   9.34756
12.54299  -4.243291   7.39634
6.201525  5.634758   -12.78659
-10.93262  24.7811   -49.92073
-25.93262  35.14695   -114.7378
-62.82286  69.7811   -255.3476
-88.4936  91.48842   -368.2134
-14.04238  21.36646   -85.53049
-42.03018  45.63476   -180.8354
-76.60336  92.46403   -312.7866
-91.54237  81.61037   -355.1646
-82.70091  66.12256   -306.3232
-81.35945  85.025   -239.7988
-61.66433  42.70793   -129.25
-25.93262  35.14695   -114.7378
-62.82286  69.7811   -255.3476
-88.4936  91.48842   -368.2134
-81.05457  69.53719   -338.8232
-88.43262  90.51281   -286.6281
-49.77409  38.92744   -204.7378
-58.18872  48.07378   -121.0793
-40.01799  23.43964   -133.9451
-34.34726  19.7811   -127.8476
-19.89604  4.90305   -99.9817
-12.15213  8.317684   -73.15244
-6.786281  18.68354   -38.15244
12.29908  1.000611   24.22561
-17.15213  3.683538   -80.04268
-10.20091  19.17134   -57.42073
1.689329  10.75671   -12.35976
23.82347  -5.828657   61.29878
31.93323  31.73232   137.2134
57.66494  38.31768   229.9573
94.49421  55.51281   324.6524
-12.15213  8.317684   -73.15244
-6.786281  18.68354   -38.15244
12.29908  1.000611   24.22561
29.92104  2.951831   92.5183
45.28689  35.87866   177.0305
77.96982  62.34208   276.2378
128.7015  -6.804267   325.628
80.7747  -10.95061   242.0305
58.94543  -37.53597   134.5915
61.75031  -41.56036   144.0427
71.44543  -71.80427   170.3841
79.49421  -21.56036   169.5305
66.14055  -32.65792   115.75
65.40884  -46.43841   165.6281
81.20152  -44.48719   179.6524
68.70152  1.976221   155.1402
54.61616  -33.87744   73.79878
35.7747  -21.19451   17.39634
11.87226  -20.34085   -19.79878
-18.7375  9.293295   -75.34756
71.44543  -71.80427   170.3841
79.49421  -21.56036   169.5305
66.14055  -32.65792   115.75
44.73811  -29.12134   47.70122
22.48201  -7.535975   1.237804
-2.944817  -6.19451   -40.83537
-37.03018  6.122562   -125.5915
-82.94482  -17.77988   -232.4817
-140.2009  -49.48719   -296.3842
-220.2009  7.82988   -370.6525
-226.4204  49.5372   -310.8354
-168.4326  65.75671   -193.0305
-125.1399  24.7811   -124.4939
-246.0546  22.09817   -368.6403
-189.7131  52.58598   -238.3963
-154.6521  49.41525   -147.1768
-123.4936  32.95183   -121.628
-71.96921  16.97622   -90.16463
-71.84725  -3.999389   -43.03049
-95.07896  6.000611   -39.43293
-226.4204  49.5372   -310.8354
-168.4326  65.75671   -193.0305
-125.1399  24.7811   -124.4939
-97.33506  10.75671   -96.32317
-58.00579  23.31768   -61.56708
-88.24969  7.220123   -41.56708
-81.78628  4.171343   -19.67683
-32.09116  -13.51158   28.43293
1.81128  -1.804267   45.38415
18.03079  7.585977   20.01829
34.37226  5.146953   23.92073
38.33567  21.48842   15.56707
35.59177  20.75671   20.75
24.43323  6.000611   18.85975
33.2747  20.87866   21.60366
36.99421  19.41525   19.89634
38.45762  19.7811   29.83536
47.72591  11.61037   28.92073
47.17714  15.51281   14.40854
69.12836  5.756709   15.38415
34.37226  5.146953   23.92073
38.33567  21.48842   15.56707
35.59177  20.75671   20.75
44.18933  10.39086   25.5061
46.81128  21.73232   22.33537
53.70153  22.22012   17.21341
77.48201  10.87866   24.28658
91.75031  10.87866   41.66463
122.9088  2.220124   66.4817
148.2747  -8.023779   83.0061
148.5186  -42.29207   82.88415
135.2259  -24.85305   84.34756
131.6893  -80.34085   7.640244
165.3479  -25.70671   89.65244
140.8357  -38.26768   80.38415
106.8113  -31.19451   68.31097
75.40884  -14.12134   60.68903
57.29909  -20.34085   66.66463
43.7625  -5.584755   49.34756
40.53079  -8.389632   44.77439
148.5186  -42.29207   82.88415
135.2259  -24.85305   84.34756
131.6893  -80.34085   7.640244
67.48201  -26.07256   55.93292
46.14055  -22.77988   57.27439
43.15274  -11.43841   42.39634
34.86006  -11.56036   39.89634
27.78689  -3.14573   34.53049
19.67714  -5.340852   18.55488
16.2625  -25.09695   2.579268
10.40884  -22.17012   5.87195
9.250305  -8.023779   25.07927
15.7747  4.537197   -18.03049
15.46982  -23.87744   7.091463
9.189329  -16.68232   9.957316
2.725914  -7.048169   15.87195
-33.4936  -5.950608   11.11585
-87.70091  -21.31646   14.95732
-136.1765  13.56159   2.579268
-178.6765  37.95183   -44.61585
10.40884  -22.17012   5.87195
9.250305  -8.023779   25.07927
15.7747  4.537197   -18.03049
-63.79847  -4.609145   16.05488
-109.8351  -16.31646   4.835365
-160.4448  16.00061   -20.83537
-196.4204  90.51281   -61.56708
-250.018  82.95183   -76.14024
-229.5912  177.464   -78.5183
-171.7253  46.00061   -83.5183
-120.7497  33.68354   -59.18903
-55.9936  26.24451   -35.65244
-20.68872  32.95183   -34.43293
-138.9814  21.85427   -73.88415
-83.37164  31.12256   -41.14024
-33.18872  22.82988   -32.29878
-9.835061  21.36646   -38.5183
18.5186  23.19573   -33.03049
37.84787  20.87866   -21.75
60.04299  21.61037   -22.90854
-120.7497  33.68354   -59.18903
-55.9936  26.24451   -35.65244
-20.68872  32.95183   -34.43293
5.774695  25.75671   -29.55488
24.73811  27.70793   -27.78659
51.75031  5.756709   -21.9939
77.48201  19.90305   -17.66463
139.0064  11.61037   14.28658
214.7381  -23.51158   75.68903
206.7503  -52.17012   94.77439
123.1527  -51.43841   70.68903
66.93324  -23.38963   35.20122
35.16494  -1.19451   35.9939
157.9698  -65.82866   84.65244
86.99421  0.02500153   52.64024
49.55518  -27.90183   35.9939
28.03079  -30.2189   34.22561
15.89665  -5.09695   10.56707
1.201524  -1.804267   1.176828
-6.176525  -1.19451   -1.871952
123.1527  -51.43841   70.68903
66.93324  -23.38963   35.20122
35.16494  -1.19451   35.9939
20.95762  -12.90183   22.70122
6.933231  -1.560364   4.591463
-1.298476  -5.706706   3.493902
-10.68872  0.3908553   -8.518293
-23.55457  -13.75549   -19.55488
-32.51799  3.683538   -14.25
-32.33506  -3.267681   -10.59146
-24.40823  7.220123   -3.091464
-23.85945  20.2689   -29.55488
-52.45701  7.464026   -177.1768
-28.12774  4.90305   -1.750001
-24.71311  16.61037   -15.53049
-38.61555  14.17134   -126.0183
-57.63994  -13.99939   -120.5305
-12.03018  -295.3409   66.29878
-103.0668  -450.5847   -57.42073
-78.9814  -203.8774   -113.3354
-24.40823  7.220123   -3.091464
-23.85945  20.2689   -29.55488
-52.45701  7.464026   -177.1768
-17.70091  -140.8286   -19.0061
-34.16433  -310.8287   19.28658
-79.10336  -276.6823   -69.37195
54.37226  94.53719   -55.10366
-17.51799  -37.90183   -36.62805
3.457622  22.46403   51.78658
4.433231  11.61037   39.22561
3.884451  4.171343   36.90854
0.9576221  -0.2189007   1.29878
-1.542378  0.02500153   -14.31098
3.640549  -8.511584   44.53049
0.5917683  4.659148   14.77439
-0.4448171  2.464026   -11.14024
-1.420427  7.82988   -20.04268
-0.322866  -0.8286572   -3.274391
1.384451  2.82988   10.07927
1.750305  -11.07256   4.713414
3.884451  4.171343   36.90854
0.9576221  -0.2189007   1.29878
-1.542378  0.02500153   -14.31098
-0.8106709  0.02500153   -10.04268
-1.664329  5.634758   6.420731
0.6527438  -2.048169   5.932926
-0.322866  -10.34085   -0.6524398
0.1039634  -2.414023   -2.847562
0.04298782  0.8786602   -0.3475618
1.201524  -1.316462   5.018292
-0.6277442  5.87866   0.8109748
-0.2009149  -2.048169   -5.896342
-1.847256  6.610367   -1.20122
0.5917683  8.80549   2.396341
-1.359451  3.439636   -1.262196
-0.5057926  -2.901828   0.2012186
0.04298782  4.90305   -1.018293
