-109.9868  127.2182   -7.220801
-110.8338  128.2996   -7.04375
-110.7237  128.7016   -6.986328
-110.5754  128.5867   -7.125098
-109.9725  128.2709   -7.216016
-109.6662  128.5197   -6.976758
-109.5274  129.0078   -7.03418
-109.4939  128.7207   -7.144238
-109.8098  128.6824   -7.015039
-110.5084  129.0461   -7.000684
-110.652  129.4959   -6.986328
-110.829  130.1945   -6.952832
-111.0204  131.5152   -7.230371
-109.3073  130.0988   -6.866699
-109.2786  129.2854   -6.962402
-109.1925  129.7447   -7.139453
-109.6471  130.2615   -7.431348
-109.982  131.3143   -6.976758
-110.518  130.9219   -6.742285
-110.3553  131.5727   -7.010254
-109.269  132.1373   -7.388281
-109.5992  132.434   -6.780566
-109.5992  132.1373   -7.177734
-109.5801  133.4771   -7.05332
-110.1064  134.4438   -7.51748
-109.4461  134.0609   -6.790137
-108.3072  132.9316   -7.862012
-108.0967  132.2522   -7.469629
-108.4604  132.7977   -7.34043
-108.2163  133.8408   -7.393066
-108.379  134.6543   -7.297363
-108.5752  134.8074   -7.345215
-108.6757  134.2715   -7.483984
-107.288  133.123   -7.641894
-105.6419  130.0797   -8.158691
-107.1875  128.7781   -7.952929
-106.5271  128.2326   -7.038965
-107.7234  126.175   -8.857325
-108.6805  124.9213   -7.680176
-109.6471  124.0408   -7.19209
-110.1782  123.2369   -7.455274
-108.7331  120.2605   -6.421679
-109.7236  117.9445   -6.742285
-110.1352  113.4752   -6.517383
-110.5419  110.6328   -5.675195
-111.5994  111.9152   -5.780469
-112.3172  112.2502   -5.177539
-113.8532  110.5563   -5.010058
-112.834  107.1492   -4.598535
-111.9344  101.8951   -5.072266
-111.8147  101.7898   -4.923926
-112.8388  101.541   -4.531543
-113.3604  98.59336   -4.943067
-113.5422  97.01426   -4.76123
-113.6666  96.48789   -4.933496
-112.1354  94.83223   -4.833008
-111.4367  91.54004   -5.187109
-111.5946  90.64043   -5.325879
-112.1258  91.3582   -5.158399
-112.6761  93.76035   -4.694238
-112.3172  94.07617   -4.670312
-112.4464  93.57851   -4.804297
-113.8532  96.66972   -4.062598
-115.4897  99.158   -3.670215
-116.2075  101.0051   -4.679883
-115.4563  102.2301   -4.254004
-114.5088  104.1154   -4.368848
-113.657  105.3883   -4.947852
-112.4129  107.5129   -5.359375
-110.3313  109.0059   -6.081933
-108.5848  109.8576   -6.58916
-107.9053  112.6139   -6.206347
-108.1637  115.6094   -7.03418
-107.8239  122.7488   -6.426465
-108.8814  118.1934   -7.464844
-109.336  124.2227   -7.50791
-108.1924  126.2707   -7.416992
-106.4697  126.3951   -7.680176
-105.3165  126.2037   -7.48877
-105.8142  125.8018   -7.134668
-105.728  126.6152   -7.469629
-106.1108  127.1129   -7.761523
-104.7662  128.1465   -7.723242
-103.5173  119.4184   -8.029492
-105.8668  115.0734   -6.110644
-108.8623  116.6334   -8.307032
-110.4366  117.5809   -6.909766
-111.3841  116.6047   -5.813965
-114.6332  116.5473   -6.201562
-114.8677  114.4896   -5.97666
-112.6521  110.1447   -5.388086
-110.3936  104.2877   -5.890527
-110.4701  102.8426   -5.306738
-110.7524  103.4646   -4.952637
-112.7431  101.6846   -4.756445
-114.8485  101.6654   -4.206152
-115.6907  100.651   -3.660645
-114.9729  98.11485   -4.474121
-114.3413  95.85625   -4.651172
-114.327  94.30586   -4.74209
-113.8867  94.88008   -4.364062
-111.5516  94.04746   -4.895215
-110.9008  92.68848   -5.732617
-110.9486  94.74609   -5.340234
-111.0539  96.52617   -5.646484
-112.3842  98.66035   -5.292383
-114.7289  100.8998   -4.081738
-115.6859  102.0004   -4.431055
-115.6142  102.9383   -5.053125
-116.064  105.7137   -4.73252
-114.7624  107.3885   -5.234961
-113.145  108.0871   -5.938379
-111.3506  109.226   -6.412109
-109.7523  111.3027   -6.407324
-107.9818  113.5039   -6.483887
-109.0011  118.7771   -6.187207
-109.4365  120.8348   -6.464746
-108.9963  124.5002   -7.455274
-108.5656  127.9168   -7.082031
-108.7953  127.7445   -7.661035
-108.6087  130.7018   -7.450488
-107.6325  133.2475   -8.436231
-107.8526  135.8984   -8.106054
-107.6182  137.4775   -8.244824
-106.4458  137.2   -8.340528
-104.6897  137.4584   -8.139551
-104.0054  136.2334   -8.613281
-104.4265  136.3578   -8.737696
-104.6849  138.827   -8.833399
-105.8333  139.2002   -8.72334
-105.3452  137.5063   -8.943457
-106.6563  136.176   -7.82373
-105.9434  134.3481   -8.211329
-104.6418  131.5248   -9.058301
-107.3263  129.3619   -8.010351
-108.3934  130.0318   -7.354785
-109.5418  130.6348   -7.512695
-109.7284  129.4576   -7.641894
-107.2114  123.6293   -7.421777
-107.5751  116.4994   -6.7375
-109.5083  112.5564   -6.718359
-113.681  113.8676   -6.220703
-114.8772  115.7146   -5.81875
-113.8724  112.9775   -5.919238
-112.7383  105.3787   -6.254199
-112.3603  103.8187   -5.919238
-113.7145  103.7326   -4.655957
-114.2695  102.7947   -5.52207
-112.9728  102.0004   -5.435937
-112.3603  98.80391   -4.914355
-111.9152  96.48789   -5.19668
-111.5324  96.27734   -5.297168
-111.1113  96.40176   -4.990918
-107.5655  100.2107   -5.383301
-110.7764  94.23887   -5.933594
-114.2408  89.425   -5.526855
-113.8628  87.97031   -4.679883
-112.3411  91.69316   -5.268457
-111.4989  92.95644   -5.005273
-110.8769  92.77461   -5.211035
-110.1447  92.55449   -5.474219
-109.3743  91.34863   -5.732617
-110.2021  92.2291   -5.550781
-111.03  93.68379   -5.148828
-111.164  94.4207   -5.325879
-112.2645  94.66953   -5.139258
-112.7383  95.53086   -4.861719
-112.1449  95.56914   -5.120117
-112.4512  96.28691   -5.943164
-112.4512  97.09082   -5.402442
-111.9535  97.54063   -5.134473
-111.0443  99.04317   -5.330664
-110.9965  101.7133   -5.249316
-112.3268  103.4168   -4.660742
-112.0253  104.9576   -5.172754
-111.5324  105.8668   -5.766113
-111.8578  107.5512   -5.479004
-112.2885  109.7619   -5.947949
-112.0684  113.0828   -5.80918
-113.0732  116.8152   -5.507715
-112.7813  117.399   -6.072363
-112.1306  118.5475   -6.593946
-110.8721  119.5619   -6.450391
-109.872  121.9353   -6.742285
-109.4557  123.6389   -6.919336
-108.714  124.3758   -7.570117
-108.1254  126.3664   -6.809278
-109.1398  130.4434   -6.948047
-109.8385  133.7355   -7.297363
-108.8814  135.2764   -7.881152
-107.5129  135.5252   -7.871582
-106.4267  135.8219   -7.756738
-105.6132  136.3865   -7.866797
-104.0771  136.4918   -8.517578
-103.8235  135.7836   -8.350098
-106.4506  137.8316   -8.431445
-107.7282  140.808   -8.225683
-107.8335  141.4301   -8.28789
-107.8  140.052   -8.374023
-108.6087  139.2193   -8.225683
-108.513  138.693   -8.254395
-108.1589  138.7121   -8.412305
-108.0488  137.9848   -8.407519
-107.1109  136.4822   -8.488867
-105.3835  134.7979   -6.976758
-104.4456  129.716   -8.005567
-107.7091  130.0127   -9.134863
-109.293  132.9125   -7.536621
-110.3074  133.7355   -7.890723
-111.2645  132.166   -7.000684
-111.9392  131.1228   -7.220801
-111.1448  129.7639   -8.10127
-110.5897  126.4238   -6.043653
-109.6088  123.457   -7.125098
-108.5082  121.3611   -7.292578
-107.8  119.8012   -6.637012
-107.0631  116.8918   -7.015039
-110.1639  115.083   -7.067676
-112.7909  114.4322   -6.536523
-112.8818  114.9299   -6.29248
-113.7336  113.8197   -5.837891
-114.2887  113.657   -6.081933
-113.5661  112.4129   -5.622559
-112.7526  108.9867   -5.368945
-111.9057  107.2736   -5.632129
-110.9821  104.527   -5.445508
-109.6566  101.7803   -5.756543
-108.7235  100.4978   -6.182422
-110.3218  98.94746   -5.780469
-111.5276  99.11973   -6.072363
-112.901  100.6988   -5.813965
-112.968  102.3449   -4.947852
-111.9583  99.80879   -4.995703
-112.322  97.42578   -5.435937
-113.3651  97.98086   -5.177539
-113.9394  98.69863   -4.914355
-112.5517  96.82285   -5.431152
-111.3506  95.95195   -5.66084
-111.0348  96.95683   -6.498242
-110.7764  99.29199   -5.368945
-111.5372  100.0385   -4.73252
-112.8005  101.0912   -4.655957
-113.7767  102.3354   -4.536328
-113.9489  103.4264   -5.268457
-114.705  104.7471   -5.086621
-114.0351  105.4553   -5.746973
-113.1881  106.776   -5.545996
-112.9058  109.8863   -5.67998
-112.4033  110.8816   -5.105762
-110.6615  112.0205   -6.517383
-109.5609  113.7527   -6.546094
-109.3695  115.8773   -6.378613
-110.4127  119.3035   -5.775683
-109.604  120.8635   -6.330762
-108.8145  123.2178   -6.833203
-109.226  125.3424   -6.785352
-109.0872  127.2373   -7.775879
-109.4604  128.893   -7.737597
-108.0105  130.3764   -7.938574
-106.24  129.3906   -8.378809
-106.0438  128.8164   -8.340528
-106.5702  129.6395   -8.402735
-106.7568  129.5246   -8.350098
-105.3452  128.5389   -8.527148
-105.0581  127.4   -8.656347
-108.068  125.8879   -7.574903
-108.3359  125.0936   -6.770996
-109.1016  126.9215   -8.173047
-108.4077  123.8303   -7.129883
-109.6519  120.9018   -7.02461
-110.762  121.677   -6.613086
-111.14  119.2557   -6.464746
-111.3697  117.6191   -6.770996
-112.4272  116.5951   -6.297266
-113.5374  114.5088   -5.746973
-113.614  111.6186   -6.278125
-112.7718  109.5131   -6.483887
-111.3075  107.3789   -6.029297
-110.4414  105.0916   -5.823535
-111.7382  102.6703   -6.225488
-112.1976  102.8617   -5.392871
-112.2023  103.0818   -5.837891
-112.4942  101.3113   -5.81875
-110.5658  100.7562   -5.033984
-109.4557  95.10976   -5.574707
-110.7046  93.85606   -5.627344
-111.7573  95.33945   -5.153613
-111.3793  97.32051   -5.268457
-109.5418  92.65977   -5.431152
-109.8672  90.9084   -5.770898
-110.4318  90.01836   -5.349805
-110.5132  88.61153   -5.507715
-111.073  89.66426   -5.273242
-110.829  88.43925   -5.249316
-110.2165  87.08984   -5.431152
-110.2213  86.40078   -5.407227
-109.6088  87.06113   -5.330664
-108.714  84.22832   -5.857031
-109.3408  82.44824   -5.421582
-108.9006  83.07988   -5.450293
-109.2738  81.92188   -4.943067
-110.0634  83.34785   -4.794726
-109.092  82.92676   -5.479004
-109.1111  81.49121   -5.144043
-109.3217  81.45293   -5.474219
-109.6279  82.56309   -5.316308
-109.5131  81.92188   -5.230176
-108.5561  81.4625   -5.445508
-107.3741  80.16093   -5.890527
-108.4364  80.62032   -5.402442
-109.671  82.40039   -5.110547
-109.7476  83.26172   -5.158399
-109.6136  83.09902   -5.440722
-110.4558  83.96035   -5.49336
-112.7383  86.67832   -4.526758
-114.3509  87.99902   -4.009961
-114.3461  88.56367   -4.895215
-114.705  90.04707   -4.995703
-114.37  92.32481   -5.167969
-113.1259  94.88965   -5.770898
-111.4989  96.00938   -5.938379
-109.5992  96.75586   -5.775683
-108.8384  100.3639   -6.311621
-109.7523  104.3547   -6.27334
-109.2164  108.0201   -6.278125
-108.2594  109.8959   -6.44082
-109.1303  114.1834   -6.091504
-111.231  117.5617   -6.809278
-111.6473  118.7293   -6.450391
-111.6042  122.0598   -6.708789
-110.4318  125.6199   -6.421679
-109.6758  126.2611   -7.263867
-107.4746  127.8307   -7.828516
-109.2738  133.1422   -7.49834
-109.1877  134.5682   -8.048633
-108.6805  135.1328   -8.015137
-107.0822  138.4059   -8.201757
-106.4027  143.0666   -8.077344
-106.7425  147.335   -7.919434
-74.50967  131.7928   -9.378906
-97.37793  138.224   -8.307032
-119.5811  158.1685   -5.297168
-122.5144  160.3219   -5.359375
-109.4365  149.517   -6.053223
-100.8998  149.1438   -6.560449
-103.3307  145.507   -7.866797
-100.0624  152.1871   -4.488477
-106.6898  155.4506   -5.828321
-105.7041  154.0342   -6.120215
-100.4644  156.6182   -7.19209
-107.2928  160.7334   -5.833106
-100.6988  158.4652   -7.852441
-99.52647  157.5561   -8.378809
-106.6372  160.3793   -6.512598
-100.1294  155.1252   -7.895508
-103.4455  157.2498   -7.704102
-102.8474  154.9051   -7.364356
-99.17236  155.8334   -8.048633
-102.3689  155.4602   -6.780566
-102.1631  158.8863   -7.206445
-104.6897  151.3066   -6.900195
-106.1587  153.9289   -5.785254
-104.7806  151.8617   -5.703906
-102.4646  155.1826   -5.718262
-101.1869  156.8383   -4.880859
-104.2542  155.9961   -4.206152
-102.833  153.5461   -5.072266
-102.187  154.5318   -5.201465
-103.1058  157.3264   -5.04834
-105.8381  160.542   -4.722949
-104.3068  159.7764   -4.842578
-103.9527  157.7666   -4.823438
-104.4552  156.1684   -4.450195
-98.2584  148.3207   -2.545703
-108.3838  157.2594   -9.560742
-107.0009  157.4986   -4.201367
-102.9957  154.8189   -4.550683
-104.3403  155.3836   -4.043457
-104.948  153.9289   -4.191797
-104.7231  152.4455   -4.684668
-104.0149  151.6895   -4.344922
-104.0963  152.8475   -3.51709
-105.0437  153.259   -3.81377
-104.1106  152.9145   -3.387891
-103.9623  151.7277   -4.005176
-105.1682  150.7898   -3.919043
-105.4457  150.7324   -3.445313
-105.8381  151.2588   -3.483594
-106.6994  150.8377   -3.919043
-106.3692  147.4211   -3.82334
-105.9529  150.9621   -3.196484
-106.1252  151.2205   -2.928516
-105.7615  150.1773   -3.244336
-106.13  150.943   -2.674902
-105.862  148.7609   -2.847168
-105.3835  148.4068   -2.751465
-105.2974  148.4068   -2.90459
-103.79  148.4068   -3.105567
-106.0486  150.0146   -2.416504
-108.3599  151.2205   -1.789648
-106.7138  148.627   -1.741797
-104.0819  146.8086   -6.517383
-112.7574  132.2234   -0.2057617
-112.1976  143.7939   -2.60791
-106.5654  140.4635   -2.837598
-102.1009  132.6541   -0.05742187
-92.55928  107.8383   -30.31875
-90.79356  103.5029   -5.914453
-156.8  224.2994   1.052734
-117.6431  129.9361   15.7623
-105.7376  127.4096   -3.890332
-105.5031  133.0082   -3.66543
-109.0441  141.8033   1.545605
-109.8098  132.8168   -0.9331055
-109.7141  132.6158   -1.277637
-108.001  134.6064   -1.603027
-107.8144  135.3529   -1.737012
-110.9534  130.0127   -0.5311524
-109.5849  132.0225   -0.9378906
-108.2115  133.458   -1.430762
-109.2547  133.4867   -1.158008
-109.9294  131.4674   -0.4689453
-109.3313  132.2522   -1.143652
-109.2068  132.8647   -1.210644
-108.7475  133.9461   -1.172363
-108.0153  135.2668   -1.100586
-107.2066  136.7693   -1.588672
-107.5751  135.9654   -1.507324
-108.7092  133.927   -1.239355
-109.47  132.7498   -1.052734
-109.4557  132.9125   -1.119727
-117.2842  119.7533   -2.775391
-103.3354  143.6791   -4.545898
-111.3554  130.1275   -0.08134766
-110.7429  131.5535   -1.655664
-108.2977  135.9941   -0.1579102
-107.6995  136.2908   -0.3110352
-108.6374  136.4344   -0.6459961
-109.1111  137.8986   -0.3780273
-112.0396  148.4451   0.7225586
-116.4372  155.7664   2.009766
-113.5565  152.5699   1.339844
-111.2022  151.2109   -0.2057617
-108.202  149.1725   -3.186914
-104.5844  147.8709   -3.579297
-103.2493  152.3211   -2.220313
-103.0914  154.0916   -3.440527
-98  151.0961   -4.90957
-95.30595  151.5268   -6.005371
-97.37315  156.2258   -4.76123
-98.13877  159.451   -4.579394
-98.41152  164.5137   -4.689453
-101.2778  169.8061   -6.024512
-100.4644  169.9305   -5.254102
-98.78955  168.8586   -6.148926
-97.27266  168.5141   -7.278223
-98.64121  168.6002   -4.153516
-94.37764  164.6859   -8.292676
-94.7126  166.5426   -8.479297
-93.52588  168.5906   -8.10127
-93.28184  171.4521   -8.488867
-92.83681  171.2607   -8.436231
-92.20518  172.1221   -8.345312
-92.521  173.548   -8.546289
-92.59756  175.1367   -8.823828
-92.86074  176.6584   -8.622851
-93.31055  176.0938   -8.728125
-93.31055  176.2373   -8.823828
-92.43486  175.4525   -9.144434
-91.91328  175.2037   -9.254492
-91.52568  174.218   -9.34541
-91.99463  175.2324   -9.613379
-92.37744  175.6822   -9.79043
-92.19082  176.9742   -9.81914
-92.32002  177.9312   -9.570313
-92.80811  178.6107   -9.517675
-91.54482  178.783   -9.64209
-91.52568  178.582   -10.23066
-90.98018  176.9455   -9.991406
-90.81748  176.266   -10.07275
-90.99453  176.8977   -10.20195
-91.09981  177.7686   -10.21631
-91.3917  177.5676   -10.23066
-90.90361  178.5342   -10.16846
-90.87968  178.9266   -10.34072
-90.86055  177.893   -10.1876
-91.11416  178.783   -10.15889
-91.21944  178.3332   -10.16367
-91.38213  177.8547   -10.2833
-90.83183  178.9553   -10.29287
-89.92744  178.4959   -9.996191
-90.21455  177.9217   -10.10625
-90.2959  178.3619   -9.991406
-90.5543  179.2137   -10.23066
-90.29111  179.2807   -10.2498
-90.30547  179.185   -10.16367
-90.42031  178.6203   -10.03926
-90.83662  178.7639   -10.06797
-91.00889  179.6443   -10.16846
-90.58779  179.3285   -10.21152
-90.46816  180.1611   -10.60869
-90.12363  179.6635   -10.13018
-89.9705  178.716   -10.47949
-89.88438  178.8309   -10.40771
-89.38194  179.0893   -10.42207
-89.2001  179.6539   -10.58477
-89.50156  179.5199   -10.73789
-89.17139  179.5678   -10.66611
-88.64024  179.6826   -10.39814
-88.99434  179.4816   -10.53691
-89.06612  179.7783   -10.61348
-89.54463  179.874   -10.53691
-89.75996  180.4004   -10.76182
-88.97998  180.5918   -10.6374
-88.47276  180.4004   -10.65654
-88.57324  180.4482   -10.5417
-88.9082  179.9697   -10.70439
-88.9417  179.7879   -10.75225
-88.99434  179.8645   -10.59434
-89.19531  180.0463   -10.71875
-88.63545  180.5057   -10.77139
-88.69287  180.6205   -10.68525
-88.4919  180.965   -10.61826
-88.77901  180.5344   -10.56084
-89.31973  179.7879   -10.65654
-89.70254  180.6492   -10.57998
-89.61641  180.2568   -10.56084
-90.11885  179.7783   -10.69961
-89.96094  180.8789   -10.61826
-90.50166  177.3857   -10.11582
-93.48759  174.1414   -10.79053
-96.34434  171.1363   -10.46035
-97.30615  168.715   -10.47471
-93.11914  169.4807   -9.015234
-89.8126  167.8537   -7.909863
-93.66943  158.7141   -8.718554
-99.62695  155.1922   -9.173144
-102.9048  155.2113   -9.948339
-103.0723  157.4508   -7.9625
-102.7899  160.1783   -6.57002
-103.7278  161.0014   -7.216016
-106.2113  159.6232   -7.885938
-110.1878  157.9102   -8.292676
-112.767  152.0531   -9.02959
-110.2548  143.6982   -8.527148
-106.4745  138.894   -7.330859
-101.7946  131.8598   -6.914551
-102.1105  126.5387   -8.187403
-106.2735  124.7777   -8.479297
-110.9582  129.6586   -9.058301
-113.547  130.7783   -9.053515
-112.5947  130.5869   -8.139551
-111.7525  126.3186   -8.426661
-113.3412  121.8779   -8.972168
-115.485  118.1072   -9.541601
-116.1645  117.0258   -8.948242
-113.3843  115.2553   -8.871679
-111.3697  109.8672   -8.397949
-111.6473  101.0434   -6.354688
-108.2594  102.8521   -7.345215
-106.8621  105.5127   -7.421777
-109.7045  103.3977   -7.316504
-111.5803  102.9383   -8.321386
-112.3985  99.42598   -10.5082
-108.6948  106.3453   -10.5082
-109.3073  97.93301   -8.441015
-108.4316  85.8457   -10.30723
-111.8674  85.01308   -9.254492
-114.4896  88.99434   -8.330957
-114.0111  88.01817   -7.976855
-114.1786  85.99883   -8.756836
-112.1593  87.59707   -8.785547
-113.0158  93.08086   -9.005664
-113.3077  99.05273   -9.646875
-113.5757  103.0148   -9.66123
-113.0732  102.7756   -9.383692
-113.6618  99.5791   -10.45557
-113.6331  95.96152   -10.39336
-112.9536  99.78008   -8.354883
-109.9533  101.5697   -9.043945
-107.6469  108.5943   -12.45098
-104.7662  111.9822   -8.546289
-104.1011  116.5186   -9.737793
-104.4982  119.9064   -8.053418
-104.7375  122.5861   -8.149121
-104.9098  126.5674   -9.067871
-106.4984  131.6492   -10.55127
-107.4842  137.1043   -10.60869
-111.8482  149.9477   -8.134766
-111.7717  149.0863   -11.17334
-112.9871  150.6559   -10.91973
-111.9439  153.9959   -12.94863
-109.1781  156.2449   -10.88623
-105.3883  158.5035   -12.08731
-100.7036  158.1111   -11.671
-95.7749  156.4076   -10.30723
-93.24834  153.9672   -9.378906
-91.05196  156.4076   -9.17793
-89.53506  162.3029   -10.02969
-91.35342  167.49   -7.503125
-95.35381  165.7195   -6.742285
-104.6944  167.0977   -10.25937
-108.0823  169.1266   -9.776074
-104.4504  165.8057   -8.441015
-103.4264  158.4939   -8.11084
-104.5748  152.4168   -8.632421
-104.46  148.3016   -8.641993
-102.2779  143.9758   -8.972168
-99.91406  141.7746   -7.65625
-103.5556  143.4016   -7.594043
-108.2259  147.8709   -8.469727
-110.4175  150.1486   -7.909863
-109.2403  149.8041   -7.929004
-107.666  146.3301   -6.794922
-107.3311  142.6359   -7.139453
-106.7377  143.4494   -6.627441
-105.9721  141.7555   -5.790039
-106.5176  136.798   -5.656054
-108.9197  134.1758   -6.407324
-108.6757  134.3959   -5.239746
-108.3646  133.9461   -4.76123
-110.6137  133.3719   -4.952637
-113.279  133.3527   -6.455176
-113.9346  132.4914   -5.172754
-112.4416  130.1084   -4.708594
-111.03  126.9406   -5.182324
-108.3407  124.9596   -5.144043
-108.8575  122.4139   -4.952637
-109.7523  121.4664   -5.866601
-110.8003  124.3184   -2.622266
-109.5657  136.2334   -3.909473
-112.6809  138.7504   -4.067383
-96.20557  112.9488   -10.47949
-96.14336  104.3643   -7.058105
-103.4024  111.2166   -4.153516
-156.8  153.1537   30.64893
-103.4646  124.8543   -7.651465
-97.94736  127.7732   -3.651074
-121.1936  174.8209   8.283106
-105.9912  142.6072   0.1052734
-105.0868  141.4492   1.516895
-105.8285  138.7025   0.5359375
-107.0918  135.8219   -0.2296875
-109.427  131.5822   0.4354492
-113.681  123.2848   0.6220703
-109.293  131.3908   0.3110352
-108.1302  133.6303   0.4019531
-107.1062  135.5826   0.1244141
-107.3933  135.0754   0.3923828
-108.2498  133.7068   0.2583984
-109.0585  132.1756   0.4450195
-109.5514  131.0271   0.4210938
-109.3935  131.3047   0.3541016
-108.647  132.5967   0.4019531
-108.0967  133.6111   0.1914063
-108.0249  133.7164   0.2918945
-108.2833  133.257   0.2679687
-108.6565  132.6445   0.5263672
-108.8862  132.1469   0.4067383
-108.9102  132.2043   0.2823242
-108.781  132.3479   0.3875977
-108.5656  132.9699   0.368457
-108.4651  133.0848   0.2249023
-108.4699  132.9029   0.4402344
-108.6613  132.6158   0.4545898
-108.7475  132.3   0.3828125
-108.7092  132.3479   0.3588867
-108.6326  132.9986   0.5167969
-108.6422  132.8455   0.2583984
-108.5608  132.7498   0.2344727
-108.7475  132.5297   0.3636719
-108.6613  132.7785   0.3780273
-108.5943  132.8647   0.2775391
-108.6326  132.6445   0.3349609
-108.6996  132.5871   0.3014649
-108.5896  132.6924   0.4833008
-108.6183  132.6158   0.2918945
-108.6278  132.6541   0.2536133
-108.6805  132.4436   0.3588867
-108.6326  132.6158   0.3110352
-108.6709  132.5488   0.3541016
-108.6613  132.6828   0.3014649
-108.6661  132.5871   0.3923828
-108.5943  132.5871   0.4641601
-108.7427  132.5871   0.3253906
-108.7235  132.8647   0.153125
-108.6853  132.8551   0.2679687
-108.6661  132.5584   0.2918945
-108.6135  132.8551   0.368457
-108.7235  132.5775   0.3349609
-108.3503  133.5633   0.8374023
-108.3694  133.6207   0.794336
-108.3694  133.8217   0.9043945
-108.3359  133.7451   0.7847656
-108.3694  133.6494   0.6794922
-108.379  133.6303   0.8517578
-108.3024  133.659   0.7799805
-108.3024  133.8982   0.7847656
-108.3742  133.6973   0.8326172
-108.4556  133.6303   0.6316406
-108.4077  133.7643   0.6986328
-108.4269  133.7547   0.8134766
-108.4269  133.6398   0.8900391
-108.4412  133.6494   0.8517578
-108.2929  133.7834   0.7751953
-108.3551  133.6685   0.7799805
-108.3503  133.6781   0.6747071
-108.4316  133.6111   0.8374023
-108.3742  133.8408   0.6699219
-108.379  133.6016   0.736914
-108.3455  133.7643   0.7847656
-108.3646  133.726   0.6651367
-108.4077  133.6781   0.8086914
-108.4843  133.6207   0.8230469
-108.3742  133.5537   0.765625
-108.3551  133.7451   0.8613281
-108.3934  133.592   0.6890625
-108.3216  133.6398   0.8374023
-108.3886  133.7164   0.6842774
-108.3646  133.726   0.7177734
-108.3551  133.6494   0.794336
-108.3503  133.5346   0.703418
-108.3694  133.5728   0.8134766
-108.3886  133.6303   0.8661133
-108.3551  133.5441   0.7608398
-108.4029  133.7164   0.7751953
-108.2977  133.6494   0.7704102
-108.3264  133.7355   0.7082031
-108.3359  133.7164   0.7082031
-108.3312  133.659   0.7225586
-108.2737  133.6781   0.7704102
-108.379  133.6685   0.7751953
-108.3455  133.7643   0.6842774
-108.3886  133.4771   0.9139649
-108.3646  133.6973   0.7129883
-108.4029  133.8313   0.7177734
-108.5082  133.7164   0.6555664
-108.4269  133.6494   0.7608398
-108.3981  133.7643   0.7608398
-108.4029  133.7164   0.7129883
-108.3742  133.7164   0.6507813
-108.3551  133.5537   0.8948242
-108.4029  133.7738   0.7895508
-108.4269  133.8695   0.5933594
-108.3455  133.659   0.6507813
-108.2546  133.6494   0.7416992
-108.3407  133.6494   0.7225586
-108.3216  133.7547   0.8039063
-108.3742  133.592   0.7751953
-108.3742  133.8217   0.8661133
-108.4508  133.8887   0.827832
-108.4556  133.7068   0.8374023
-108.4173  133.8121   0.7273437
-108.4029  133.6877   0.8900391
-108.3981  133.6207   0.6842774
-108.3599  133.6303   0.5933594
-108.4173  133.6303   0.6412109
-108.4221  133.7164   0.6794922
-108.3407  133.7068   0.7225586
-108.3455  133.86   0.7082031
-108.2977  133.6303   0.7847656
-108.3168  133.6973   0.703418
-108.3551  133.8217   0.6794922
-108.4173  133.7355   0.8613281
-108.3503  133.7164   0.7177734
-108.3551  133.5824   0.7082031
-108.4125  133.6303   0.7704102
-108.3646  133.6398   0.6794922
-108.3455  133.7068   0.7177734
-108.3503  133.5633   0.6842774
-108.3981  133.5824   0.8469726
-108.3694  133.4963   0.8661133
-108.3981  133.592   0.6316406
-108.3886  133.8504   0.6603516
-108.3312  133.7355   0.6794922
-108.4029  133.8408   0.8708984
-108.3742  133.8695   0.7991211
-108.3599  133.726   0.8326172
-108.3312  133.6398   0.8230469
-108.3312  133.7164   0.7799805
-108.4125  133.7547   0.8374023
-108.4077  133.5154   0.7225586
-108.3742  133.5441   0.6459961
-108.4029  133.6781   0.7560547
-108.4508  133.6877   0.5359375
-108.4604  133.6303   0.6938477
-108.4508  133.659   0.7464844
-108.4508  133.6973   0.6555664
-108.3599  133.8217   0.7895508
-108.2689  133.7451   0.7608398
-108.2737  133.6973   0.8230469
-108.3599  133.7738   0.7273437
-108.3934  133.8025   0.7895508
-108.4173  133.592   0.736914
-108.2689  133.7547   0.7895508
-108.3838  133.6973   0.736914
-108.5465  133.2953   0.8852539
-108.6374  133.726   0.9522461
-108.1015  134.3385   0.459375
-108.2115  133.9174   0.8613281
-108.8384  132.8551   0.7608398
-108.0536  133.9844   0.827832
-108.135  133.8791   0.3636719
-107.9388  134.2619   0.9043945
-108.6613  133.5537   1.052734
-108.5226  133.1709   0.7847656
-108.1876  134.1184   0.9953125
-108.6135  133.3527   0.7225586
-109.0824  132.3287   0.6125
-107.4172  134.0896   0.5646484
-107.5368  133.8217   0.2631836
-107.867  137.1043   1.167578
-106.5463  136.9129   0.2583984
-107.5751  139.5926   1.119727
-106.9052  136.8172   1.091016
-107.9914  132.1564   0.7895508
-107.422  133.5346   1.019238
-108.1828  131.9459   1.143652
-107.9196  129.8213   2.545703
-107.4555  125.0457   0.9857422
-110.1304  125.1318   1.033594
-109.8433  125.8783   1.550391
-109.7667  123.8303   1.335059
-109.9629  117.6   -0.397168
-110.8242  109.7236   -0.9953125
-111.9104  110.8434   -0.2057617
-110.9821  112.6809   1.325488
-110.6902  104.948   0.7608398
-110.5371  99.68437   -0.4928711
-111.6855  99.3877   -0.5981445
-110.6328  101.34   -0.4498047
-110.1639  100.4978   0.5167969
-110.5945  100.6701   -0.2057617
-111.3458  101.2539   0.2536133
-111.6808  98.26797   -0.4928711
-114.4801  99.94277   1.05752
-115.461  101.0146   0.9953125
-114.7385  99.75137   0.3588867
-108.4364  100.9859   -2.349512
-104.9098  94.22929   -3.569726
-106.953  96.72715   -2.885449
-109.4126  101.9334   -1.397266
-111.4511  104.6035   -0.3253906
-112.3938  103.5412   -0.08134766
-112.4751  102.5746   -0.5598633
-113.8724  100.7275   -0.6220703
-115.4275  101.34   0.1483398
-117.6909  103.3307   0.2775391
-117.1406  107.0727   0.1387695
-113.0158  110.9678   -1.593457
-111.1496  109.9629   -1.631738
-110.7955  110.0299   -3.258691
-108.7283  113.992   -3.933398
-105.1825  114.2982   -5.450293
-104.9815  114.3174   -5.053125
-106.2975  117.7053   -5.081836
-107.5799  120.9975   -3.83291
-109.6566  123.2465   -4.555469
-108.4508  125.8783   -4.340137
-106.776  127.0842   -4.143945
-109.5753  126.3664   -4.325781
-110.0442  127.0938   -4.713379
-107.4938  126.4334   -4.411914
-108.5848  126.0123   -5.053125
-115.1835  125.5912   -6.742285
-113.3843  125.9166   -5.823535
-109.4222  127.4383   -6.163281
-107.5129  126.1272   -5.971875
-107.5416  127.8881   -5.5125
-109.2116  130.4242   -4.947852
-110.0921  130.1563   -4.876074
-110.963  139.8797   -3.550586
-111.4559  138.9897   -4.871289
-109.848  132.3   -5.067481
-110.4797  131.898   -5.574707
-109.4461  133.5633   -6.436035
-108.2402  134.7404   -6.26377
-107.9627  133.324   -6.670508
-108.3264  133.0273   -6.766211
-108.7235  133.6303   -7.21123
-108.4651  135.3434   -7.168164
-108.2259  136.4631   -7.110742
-107.7713  139.4586   -7.220801
-108.8145  138.9514   -7.015039
-109.0441  139.8127   -6.842773
-109.0106  141.3152   -7.522265
-108.6326  142.5977   -6.890625
-105.6706  143.5547   -8.55586
-105.8429  141.5258   -8.421875
-107.1684  143.4686   -7.058105
-104.7375  140.6166   -8.833399
-108.2642  143.7652   -7.728027
-107.3789  140.54   -9.03916
-107.8718  139.6021   -7.05332
-106.1204  136.4152   -9.383692
-106.8047  134.2906   -8.460156
-104.6897  135.9559   -8.503222
-104.5222  137.3244   -8.613281
-107.2641  136.109   -7.728027
-110.1208  136.5492   -7.483984
-111.0826  138.157   -7.321289
-110.2356  135.4199   -7.766309
-111.3793  128.6154   -7.158594
-111.9104  122.9881   -6.809278
-110.7907  124.2131   -6.565234
-109.2068  121.9066   -8.886035
-108.4939  119.8777   -6.139356
-108.2642  121.0453   -5.263672
-108.8623  120.7199   -5.938379
-110.7907  121.4473   -3.330469
-111.0204  122.8445   -3.258691
-112.6187  119.026   -2.521777
-112.7478  115.1021   -2.445215
-112.4655  113.7336   -3.488379
-111.92  113.7432   -2.828027
-110.3983  112.0014   -1.842285
-108.001  104.9289   -3.191699
-108.6565  102.699   -3.191699
-111.3171  102.7469   -2.469141
-113.2264  101.8186   -2.636621
-113.7575  102.3354   -1.545605
-110.7907  102.2875   -1.344629
-110.8577  98.76563   -2.186816
-111.9009  96.20078   -2.74668
-113.1737  97.77988   -1.631738
-113.4704  98.73692   -1.148438
-112.9488  95.73183   -1.737012
-110.4845  92.02812   -3.119922
-107.8574  89.11875   -4.804297
-109.9198  89.09004   -4.220508
-111.4989  94.81309   -2.392578
-111.8387  97.29179   -2.028906
-113.2503  95.83711   -1.440332
-113.7097  94.24844   -1.181934
-114.2312  94.20058   -1.84707
-114.4896  95.68398   -2.004981
-115.7099  100.1246   -2.306445
-115.7242  100.8041   -2.875879
-115.8773  99.158   -3.316113
-113.8293  100.2777   -4.809082
-110.1304  103.7805   -4.249219
-109.0537  112.4416   -6.680078
-105.9099  116.3367   -8.900391
-104.4265  117.6191   -6.536523
-106.5367  122.4234   -6.694434
-107.7139  124.0408   -7.196875
-108.9245  128.1943   -6.861914
-108.2689  131.7641   -7.04375
-108.7331  131.3525   -7.421777
-108.3599  132.4627   -8.828613
-105.4409  132.7594   -8.388379
-106.4554  131.1037   -8.283106
-105.0246  131.8693   -8.479297
-104.4265  133.0082   -7.680176
-104.4887  134.2236   -7.383496
-104.1633  136.7789   -6.89541
-107.6517  134.3289   -6.311621
-110.073  131.8119   -6.426465
-110.3792  131.5344   -6.57002
-105.7854  125.5051   -7.000684
-106.8478  114.1355   -7.550977
-109.8433  104.1729   -12.50361
-117.8536  110.4605   -6.235059
-117.5234  114.9969   -4.785156
-116.1453  118.5762   -4.402344
-112.1976  113.8293   -5.297168
-110.7764  107.6852   -5.871387
-110.4223  105.4361   -5.464648
-111.9918  108.202   -5.05791
-113.9489  110.049   -4.847363
-116.442  110.3074   -4.306641
-117.332  109.6949   -4.158301
-117.1646  110.7764   -4.359277
-116.3846  111.7334   -4.943067
-113.2216  112.5852   -5.301953
-105.8907  115.0352   -6.239844
-107.398  116.0592   -5.474219
-110.0155  116.1166   -5.81875
-110.3936  119.7533   -6.890625
-112.3411  123.2848   -6.641797
-111.5851  124.0791   -7.326074
-106.0486  127.3234   -7.723242
-107.0727  129.4002   -7.182519
-109.0681  132.4244   -7.058105
-109.403  134.482   -7.21123
-112.7239  135.2381   -7.747168
-106.4745  136.5014   -8.216113
-103.3642  132.0416   -8.393164
-105.4074  132.702   -8.0917
-105.7472  135.1998   -7.818945
-106.2496  135.2381   -7.900293
-108.6326  134.0992   -7.809375
-109.3456  134.6543   -7.64668
-109.6423  131.9842   -8.034277
-110.3648  128.9025   -8.019922
-108.8527  127.8881   -8.28789
-107.9675  124.95   -7.790235
-109.7906  121.2846   -7.483984
-108.7762  119.1504   -7.651465
-107.3215  118.5283   -7.637109
-109.159  117.868   -6.483887
-109.8002  116.1645   -6.388184
-112.0396  113.2742   -6.239844
-112.5564  107.8287   -5.900098
-115.2361  107.4555   -5.66084
-115.6046  113.8484   -4.086524
-113.4417  108.6422   -4.904785
-112.9775  103.5699   -5.780469
-111.475  102.0004   -6.086719
-111.6473  100.7467   -5.952734
-113.4178  101.9621   -5.474219
-114.6715  103.6656   -5.014844
-115.0591  104.1059   -4.9
-113.1833  104.6801   -5.684766
-112.5852  103.2063   -5.440722
-113.0015  105.9625   -5.392871
-114.0303  107.6564   -5.388086
-114.3796  107.7713   -5.732617
-108.9867  108.3646   -6.732715
-105.6945  107.6182   -6.866699
-108.1637  104.4121   -7.263867
-111.2405  111.7621   -6.622656
-112.5134  118.4326   -5.928809
-112.7909  117.3225   -6.311621
-112.5325  118.6527   -6.933692
-113.4561  121.4664   -7.216016
-114.3365  125.4764   -7.20166
-106.0678  126.8354   -8.321386
-106.3692  124.3566   -9.211426
-108.2259  126.2994   -8.503222
-107.1684  130.673   -9.259277
-105.6563  136.9129   -8.71377
-106.4649  137.1139   -8.847754
-106.9435  137.4584   -9.106153
-107.867  143.3154   -8.627637
-107.6182  146.5885   -8.613281
-107.1205  149.0098   -8.560644
-107.4507  149.249   -8.790332
-107.221  150.5506   -8.55586
-106.3692  149.4117   -9.599024
-105.752  150.6176   -9.35498
-106.3022  147.1436   -8.933887
-105.3691  151.3736   -9.278418
-98.92354  159.2404   -8.58457
-101.809  152.3785   -9.072657
-104.4695  152.3689   -10.0249
-104.46  155.7856   -9.780859
-105.0103  157.6805   -9.436328
-106.2161  157.9006   -9.871778
-106.264  159.4414   -9.933985
-105.2878  159.2309   -10.40293
-101.474  160.676   -10.22109
-100.3926  160.7813   -10.22109
-100.7706  157.2785   -10.77617
-99.62695  159.9008   -11.04414
-98.85176  162.4369   -10.13496
-96.76064  164.5902   -10.39336
-96.45918  168.1504   -10.09668
-98.96181  168.4088   -10.5082
-100.3064  167.8059   -10.91016
-99.84707  168.6289   -10.83838
-99.34463  168.16   -10.96279
-98  168.3035   -10.95322
-94.5164  170.1602   -10.56084
-93.9709  170.6387   -10.27373
-96.08115  169.4041   -10.84316
-96.20078  171.0693   -10.99629
-97.70332  165.8535   -12.36484
-97.52148  171.3469   -10.58955
-94.65996  175.9885   -10.91494
-93.15263  175.7397   -10.39336
-92.85596  175.175   -10.44121
-91.94678  176.5531   -9.230566
-91.36299  174.9262   -11.55137
-91.72666  176.7637   -10.35029
-90.44424  178.3045   -10.04883
-89.99922  178.4385   -10.24502
-90.2959  179.6826   -10.40293
-90.70742  180.2473   -10.60391
-91.20029  181.6158   -10.79531
-91.96592  179.3094   -11.30254
-91.68359  178.2949   -11.28818
-91.17159  175.7301   -11.36953
-89.17617  174.1031   -11.1207
-87.53487  174.6869   -11.1207
-86.04189  178.2758   -10.55127
-85.25713  186.0947   -9.685156
-87.53487  182.9652   -11.30732
-87.04678  186.1809   -10.5417
-85.85527  183.7691   -10.08711
-85.3959  183.7213   -9.421972
-85.72607  185.0229   -8.972168
-84.79775  183.6064   -9.359766
-82.72578  183.3863   -9.182714
-81.91709  183.6256   -9.110937
-81.03184  185.0229   -9.010449
-81.6252  185.8459   -9.063086
-82.39082  187.0518   -9.283203
-83.58711  184.6879   -9.460254
-83.89815  183.415   -9.656446
-82.99854  184.1232   -9.297559
-82.69707  185.8746   -9.16836
-82.72099  184.7645   -9.63252
-81.67783  186.2478   -9.608594
-82.09414  187.5686   -9.699512
-81.48643  188.0088   -10.01533
-81.49121  187.1953   -10.56563
-81.49599  191.4445   -9.924414
-82.30947  190.7172   -10.23545
-82.73535  185.798   -11.4748
-81.73525  187.0805   -10.01533
-80.56289  187.0326   -9.8
-78.66797  189.2816   -9.469824
-78.38086  187.8748   -10.01055
-76.42851  188.2002   -9.737793
-76.83047  187.0039   -9.594238
-76.48116  186.8986   -9.498535
-76.08398  184.8506   -9.603808
-74.71543  183.4246   -9.565527
-72.93535  182.9748   -9.436328
-73.06455  180.8119   -9.718653
-74.42354  178.9361   -9.795215
-74.88291  178.7639   -10.23066
-74.09336  181.3957   -10.39814
-72.76787  185.5875   -10.02969
-73.66748  188.0662   -10.24502
-74.62451  191.1287   -10.53213
-74.45703  194.6314   -10.92451
-74.56709  196.2201   -10.93408
-75.23701  196.4689   -11.35518
-75.76338  194.8707   -11.62793
-76.27061  191.7891   -11.671
-76.25625  187.626   -11.77148
-75.5624  184.9846   -11.49873
-74.16514  183.8361   -11.43652
-72.79659  183.5012   -11.04893
-71.97353  184.0467   -10.73311
-71.98311  185.3961   -10.69004
-71.62422  187.0135   -10.69961
-71.38975  188.4969   -10.4125
-72.32285  189.54   -10.84316
-73.60049  188.8797   -11.24512
-74.36133  189.1477   -11.28818
-74.51924  189.6166   -11.24033
-74.85899  189.4443   -11.34561
-74.32784  190.1525   -11.2834
-74.59102  190.2004   -11.13027
-75.03603  191.1479   -10.73311
-74.65322  193.7127   -10.70439
-72.90664  193.885   -10.30723
-74.58144  191.9518   -10.17324
-77.54824  188.1906   -10.60869
-78.09853  184.6783   -10.06318
-77.99805  176.8211   -9.000879
-79.24697  171.5957   -10.15889
-84.75948  172.9451   -9.402832
-89.08525  167.9877   -10.85273
-90.09971  178.7447   -10.22588
-93.08086  186.2574   -9.259277
-98.08614  173.4619   -7.273438
-98.47852  169.4424   -7.761523
-96.22471  165.1645   -7.393066
-92.32959  149.3639   -7.723242
-92.26738  137.5828   -10.85752
-101.7611  139.516   -8.220899
-110.8912  138.0039   -9.713867
-119.8107  139.2672   -12.04902
-126.4143  133.4771   -11.31211
-120.2462  122.835   -10.14932
-114.2791  114.9777   -11.23076
-110.4749  110.7477   -11.8959
-113.1498  106.0199   -11.88633
-117.6622  103.2828   -12.66152
-118.1551  98.81348   -13.98223
-113.8149  94.80351   -14.90576
-109.1159  89.28145   -15.59482
-107.4698  90.12363   -14.94883
-107.8718  93.60722   -13.91523
-107.8335  93.28184   -13.93437
-106.4123  91.33907   -14.09707
-105.6754  89.20488   -14.54209
-103.5603  89.59727   -13.73818
-102.9239  87.1377   -13.76689
-106.3357  85.79785   -14.4751
-107.0535  84.72598   -14.58037
-106.3501  81.41465   -15.51348
-106.0582  77.06016   -16.01592
-105.9386  76.38066   -15.83887
-109.5035  77.50996   -15.28379
-109.2451  77.44297   -15.37949
-106.819  73.77754   -16.07334
-105.3835  72.70567   -16.21211
-103.3307  73.93066   -15.79102
-104.0245  72.67696   -15.36514
-105.8859  71.3084   -16.32217
-106.0343  71.8539   -16.12598
-106.3166  70.77246   -16.35088
-106.4458  68.60957   -16.20254
-105.9003  68.31289   -18.08311
-104.7423  70.2748   -16.28389
-106.0104  68.91582   -16.38437
-105.0964  68.37032   -17.23135
-101.6463  67.5377   -17.35576
-99.4164  67.16445   -16.9873
-99.73701  68.16933   -16.64277
-103.1297  67.56641   -16.61406
-105.6371  66.65723   -17.19785
-107.0105  66.08301   -16.91553
-106.8382  67.04961   -17.14043
-106.4602  67.14531   -17.03994
-105.4983  67.90137   -16.28867
-103.8762  67.80566   -16.86768
-102.522  66.46582   -16.86768
-99.59824  69.26035   -17.03516
-102.2636  69.55703   -15.93457
-106.9865  71.48067   -16.21689
-109.8959  72.275   -15.23594
-112.6474  77.14629   -15.28379
-115.5041  76.85918   -15.39385
-116.8296  80.783   -14.6043
-116.2697  93.37754   -14.28848
-112.6521  94.45898   -14.10664
-109.3552  86.0084   -16.94902
-103.3402  85.43418   -16.9251
-94.0666  97.56934   -17.19785
-85.71651  101.4549   -11.1542
-89.28145  104.4121   -13.60898
-91.82236  126.0123   -12.16387
-96.47832  143.526   -13.6999
-104.6418  163.3078   -14.53252
-116.2458  165.442   -12.43184
-108.0919  176.3426   -12.96777
-118.9159  187.5111   -13.51328
-123.9738  189.7506   -13.3123
-112.9345  180.1133   -12.97734
-92.82725  175.7875   -12.44141
-86.82188  173.6438   -10.30244
-84.38145  174.5816   -9.943555
-82.86934  176.9934   -8.646777
-80.85957  184.4391   -8.441015
-79.09385  183.1279   -8.589355
-78.14639  185.0229   -7.450488
-79.25655  183.0514   -9.220996
-79.34746  181.5297   -10.40293
-80.08916  182.1996   -11.37432
-81.35722  184.9846   -12.30264
-92.2961  189.0807   -16.46572
-80.62032  184.6783   -12.77637
-72.43291  185.0707   -11.48916
-79.7207  182.592   -12.44619
-81.74483  180.7354   -14.17363
-82.92197  183.5777   -14.13057
-83.39571  184.9176   -13.99658
-83.3  185.5109   -14.33633
-82.63008  185.6353   -14.06836
-80.74951  185.9512   -13.47021
-81.23759  187.1475   -13.15918
-81.30937  187.7887   -13.35537
-79.19434  188.4107   -13.15918
-79.19434  186.133   -13.07783
-78.42871  187.291   -13.00127
-78.1416  185.6641   -13.06348
-78.02197  183.6734   -12.69023
-77.09843  184.0754   -12.66631
-77.61523  183.1279   -12.9582
-78.41914  184.8697   -12.85293
-78.4957  185.798   -12.92949
-77.59131  186.8604   -12.67588
-77.39034  186.6785   -12.86728
-78.29472  187.7025   -13.16397
-78.49092  188.6978   -13.16397
-78.63448  188.3438   -13.24053
-79.02207  186.9752   -13.16875
-79.18955  186.0086   -13.10654
-78.41914  184.9367   -12.91035
-78.28037  185.9225   -12.85771
-78.44785  186.3723   -12.46533
-79.64414  186.6307   -12.58975
-80.32363  185.7023   -12.62324
-80.44804  183.8648   -12.65674
-82.34297  180.5535   -12.94863
-84.85996  178.6012   -12.6041
-86.48213  176.3904   -12.20215
-85.27627  173.3375   -11.79062
-85.30498  171.1363   -11.025
-83.23301  168.8873   -9.766504
-88.47754  163.7193   -9.666016
-93.56416  165.4516   -9.953125
-96.76543  165.2602   -9.857422
-99.31592  164.0256   -9.278418
-103.8522  157.135   -2.244238
-105.5127  164.6572   -7.364356
-108.2929  159.3074   -6.550879
-106.7377  151.1344   -7.546191
-103.6943  144.7031   -7.158594
-103.4694  140.1189   -7.464844
-108.9484  135.3816   -9.316699
-108.6518  142.9613   -5.488574
-112.3603  147.5168   -3.593652
-114.3317  148.8758   -3.249121
-112.9584  146.0717   -3.478809
-108.9006  141.1047   -4.182227
-111.0252  137.4584   -4.110449
-110.5323  136.4918   -4.005176
-106.2688  132.8359   -4.60332
-107.9962  132.4723   -4.349707
-110.9486  134.5299   -3.459668
-111.7573  135.7262   -2.593555
-112.5756  138.1187   -2.076758
-111.8961  140.4635   -1.914063
-107.6756  137.7838   -1.928418
-103.3689  138.8844   -3.98125
-100.4404  130.0223   -5.010058
-100.517  129.6395   -5.641699
-102.2396  134.2906   -5.751758
-107.666  135.6018   -1.282422
-147.6747  184.9367   15.22637
-112.0396  120.1648   -1.205859
-111.341  129.5246   1.052734
-107.0248  139.2672   -0.4258789
-103.0531  142.8656   -0.2392578
-103.3642  149.0289   0.8661133
-103.3785  150.7516   0.4067383
-103.0292  149.2395   0.1674805
-103.8475  147.3924   0.06699219
-105.7472  143.9471   0.3588867
-107.7474  139.985   0.3875977
-109.1542  137.3148   0.5120117
-109.5849  136.4152   0.5981445
-109.0633  137.3531   0.6268555
-107.9483  139.5256   0.3253906
-106.7616  141.6215   0.4928711
-105.8381  143.1623   0.2871094
-105.5558  143.8801   0.2536133
-105.795  143.593   0.2775391
-106.4219  142.3393   0.3301758
-107.0727  140.9611   0.3828125
-107.6277  139.8605   0.3732422
-107.8335  139.5543   0.4689453
-107.8048  139.4777   0.5694336
-107.4555  140.2338   0.4306641
-107.0487  140.9229   0.3253906
-106.7521  141.4492   0.397168
-106.6324  141.6311   0.3780273
-106.7616  141.3535   0.4210938
-126.1989  108.2402   3.301758
-109.6375  135.8219   -0.1196289
-99.86143  152.8762   -0.9331055
-104.9672  152.3498   1.033594
-105.0007  147.5742   0.6029297
-106.5176  145.2008   0.1626953
-106.9674  144.8371   -1.038379
-105.5318  147.1627   1.272852
-99.72744  155.24   -0.4880859
-102.4885  156.1301   2.569629
-102.0961  155.0391   2.225098
-101.9908  155.8238   0.2249023
-102.0865  155.8143   1.024023
-100.584  158.6088   2.497852
-101.6798  156.8   2.521777
-102.3497  155.9195   1.804004
-101.5745  157.3742   1.68916
-101.3209  158.0728   2.411719
-101.1726  158.6184   1.636523
-100.8663  159.2787   1.569531
-100.3687  159.9773   2.349512
-99.46426  161.6904   2.536133
-99.32549  161.6426   2.751465
-99.54082  161.5947   2.186816
-101.1869  159.0682   1.143652
-101.8712  158.1781   -0.2201172
-100.3926  160.274   0.04785156
-96.24863  167.2699   5.04834
-94.6791  169.1361   2.378223
-95.33467  168.1504   1.081445
-94.5164  168.9352   3.689355
-94.15752  169.0117   3.818555
-93.36318  170.275   3.258691
-92.34873  171.8254   3.952539
-91.60225  172.3422   3.904687
-90.49687  173.8352   3.689355
-89.66426  174.5434   4.474121
-89.6834  174.0457   4.268359
-88.2957  175.6631   4.981348
-86.16631  178.4289   6.29248
-85.36719  179.3764   6.976758
-77.58652  171.634   6.804492
-71.5333  165.8344   5.187109
-77.9167  171.0311   5.435937
-89.02305  189.2625   2.837598
-79.13692  177.2518   3.636719
-77.16543  183.3481   0.1818359
-75.60547  185.9607   4.105664
-79.07471  190.4397   8.039063
-76.55293  192.057   7.708887
-73.54785  187.7504   2.75625
-73.83974  186.1139   3.942969
-73.57656  185.9895   4.962207
-74.18906  184.6305   3.387891
-75.40928  182.6111   2.799316
-75.46191  180.5631   2.387793
-58.29756  166.0066   2.579199
-77.33769  197.5887   7.65625
-74.3709  186.2191   3.82334
-73.0789  184.9846   2.354297
-72.89707  184.8506   3.445313
-72.76787  184.774   4.469336
-72.94971  184.7836   4.58418
-73.00713  184.4486   4.053027
-72.88271  184.7932   4.009961
-72.36592  184.975   4.206152
-72.46162  184.9176   3.942969
-72.54297  184.9941   3.545801
-72.57646  184.9367   3.588867
-72.68174  185.0037   3.598438
-72.53819  184.975   3.799414
-71.6625  184.64   4.076953
-69.41826  184.2859   5.517285
-72.58125  184.3434   4.569824
-74.84941  185.1568   2.234668
-72.10274  184.7166   3.976465
-69.99248  184.7549   5.392871
-70.19346  184.4295   4.340137
-74.24648  185.1186   3.354394
-76.21318  185.1186   2.454785
-72.84444  184.9559   3.741992
-72.6626  184.9941   3.82334
-72.70567  185.0994   3.81377
-72.22715  185.2047   3.564941
-71.94482  184.8889   3.579297
-70.21738  184.6113   4.675097
-76.3376  185.5779   1.746582
-73.14111  185.0898   3.244336
-72.70088  185.1568   3.737207
-71.34668  185.0994   4.373633
-71.41367  185.0324   4.244433
-73.96895  185.2047   2.90459
-73.01192  185.1473   2.966797
-72.68652  185.1855   3.316113
-72.55254  185.0803   3.277832
-72.05967  185.1473   3.694141
-71.38975  185.1281   3.483594
-72.83486  185.2238   3.115137
-73.99766  185.1664   2.387793
-72.72959  185.2525   2.966797
-72.79179  185.3004   3.225195
-72.69609  185.4918   2.966797
-72.60996  185.2143   3.095996
-72.73916  185.0898   3.124707
-72.66738  185.3004   3.416602
-72.74394  185.2908   3.306543
-72.68652  185.2334   3.363965
-72.74394  185.0994   3.478809
-72.71045  185.1568   3.215625
-72.6626  185.1473   3.186914
-71.7582  185.1664   3.675
-73.52393  185.1186   2.684473
-72.85879  185.2908   3.52666
-72.65303  185.176   3.689355
-72.69131  185.0516   3.536231
-72.72002  185.0707   3.464453
-72.61475  185.0229   3.450098
-72.63389  184.9463   3.488379
-72.72002  185.0994   3.598438
-72.70567  185.1855   3.373535
-72.66738  185.2143   3.287402
-72.61953  185.1377   3.186914
-72.63867  185.2813   3.129492
-72.69131  185.2621   3.206055
-72.68652  185.2047   3.20127
-72.73438  185.243   3.282617
-72.70567  185.2047   3.402246
-72.60996  185.109   3.177344
-72.65303  185.1186   3.048145
-72.70088  185.109   2.971582
-72.62431  185.3004   3.076855
-72.65303  185.2047   3.349609
-72.65781  185.2908   3.124707
-72.60039  185.3961   3.110352
-72.66738  185.1951   3.182129
-72.64346  185.4631   3.320899
-72.64346  185.5014   3.119922
-72.71523  185.3004   3.191699
-72.61953  185.2717   3.129492
-72.65303  185.2813   3.21084
-72.70088  185.2717   2.995508
-72.69131  185.4152   3.024219
-72.69131  185.2621   3.273047
-72.70088  185.2813   3.282617
-72.6626  185.1473   3.215625
-72.76308  185.2047   2.861523
-72.63867  185.1855   3.143848
-72.52861  185.3004   3.52666
-72.62431  185.1951   3.320899
-72.73916  185.2334   3.249121
-72.60518  185.1951   3.383106
-72.57646  185.3291   3.411816
-72.67216  185.2525   3.35918
-72.6626  184.9367   3.253906
-72.6626  185.31   3.167773
-72.74394  185.3674   2.75625
-72.5956  185.3004   3.033789
-72.57646  185.2047   3.177344
-72.67696  185.2813   3.07207
-72.71045  185.1855   3.459668
-72.63389  185.3291   3.545801
-72.68652  185.3195   3.320899
-72.60518  185.109   3.416602
-72.65303  185.2525   3.316113
-72.78701  185.2238   3.100781
-72.82051  185.176   3.005078
-72.72481  185.2047   2.918945
-72.68174  185.377   2.952441
-72.73916  185.377   3.024219
-72.71523  185.3387   3.263477
-72.68174  185.2908   3.277832
-72.72002  185.3578   3.383106
-72.70088  185.3004   3.435742
-72.72959  185.1281   3.282617
-72.70567  185.1281   2.962012
-72.60996  185.3291   3.086426
-72.64346  185.1186   3.225195
-72.71523  185.3004   3.134277
-72.7583  185.2908   3.07207
-72.62431  185.1568   3.445313
-72.70088  185.1951   3.354394
-72.78701  185.2238   3.340039
-72.72481  185.243   3.301758
-72.71523  185.3865   3.354394
-72.69131  185.2047   3.296973
-72.73916  185.243   3.263477
-72.70088  185.109   3.043359
-72.68652  185.1664   3.507519
-72.6291  185.31   3.430957
-72.74394  185.0994   3.20127
-72.71523  185.109   3.057715
-72.67216  185.3195   3.320899
-72.63867  185.2334   3.84248
-72.70567  185.0803   3.531445
-72.60518  185.2621   3.292187
-72.63389  184.975   3.320899
-72.64824  185.2908   3.354394
-72.74873  185.2143   3.191699
-72.71045  185.0611   3.512305
-72.67216  185.042   3.464453
-72.73916  185.109   3.574512
-72.76308  185.1281   3.469238
-72.73916  185.176   3.545801
-72.64824  185.2334   3.311328
-72.71045  185.1473   3.330469
-72.75352  185.3961   3.148633
-72.68174  185.109   3.349609
-72.65781  185.2334   3.363965
-72.69131  185.2621   3.445313
-72.69131  185.1377   3.608008
-72.72002  185.1664   3.536231
-72.73438  185.0707   3.445313
-72.60996  185.176   3.354394
-72.60996  185.2621   3.249121
-72.71523  185.3004   3.153418
-72.68652  185.2143   2.885449
-72.60518  185.2908   2.947656
-72.72002  185.2525   3.014648
-72.72481  185.31   3.287402
-72.61475  185.243   3.292187
-72.73916  185.4344   3.569726
-72.72959  185.3195   3.340039
-72.60996  185.3195   2.942871
-72.63389  185.3004   2.966797
-72.61475  185.2238   2.866309
-72.69609  185.2525   2.861523
-72.67696  185.243   2.823242
-72.6291  185.0803   3.20127
-72.73438  185.1855   3.349609
-72.68174  185.1664   3.430957
-72.67216  185.2238   3.225195
-72.60996  185.1951   3.22041
-72.69131  185.4344   3.162988
-72.68174  185.1664   3.282617
-72.76787  185.1377   3.22041
-72.6291  185.1855   3.330469
-72.65303  185.1186   3.153418
-72.64824  185.109   3.37832
-72.70088  185.1473   3.450098
-72.69131  185.1951   3.469238
-72.60996  185.2621   3.325684
-72.70567  185.2047   3.263477
-72.68174  185.109   3.421387
-72.52861  185.243   3.335254
-72.64346  185.31   3.158203
-72.63867  185.1473   3.550586
-72.70088  185.2238   3.608008
-72.63389  185.0994   3.387891
-72.64824  185.1281   3.301758
-72.6626  185.2334   3.407031
-72.63867  185.0037   3.244336
-72.7583  185.2143   3.397461
-72.74394  185.2334   3.440527
-72.77266  185.2621   3.464453
-72.73438  185.1473   3.21084
-72.67216  185.0229   3.402246
-72.60518  184.9941   3.488379
-72.70567  185.0994   3.363965
-72.71045  185.243   3.239551
-72.71523  185.1186   3.215625
-72.62431  185.2908   3.426172
-72.6626  185.31   3.239551
-72.6291  185.2525   3.277832
-72.72002  185.31   3.301758
-72.70088  185.2334   3.325684
-72.68174  185.109   3.354394
-72.69609  185.2717   3.349609
-72.65303  185.377   3.435742
-72.67216  185.1664   3.344824
-72.64824  185.2621   3.316113
-72.6626  185.1855   3.158203
-72.67216  185.0898   3.239551
-72.67216  185.0611   3.354394
-72.69131  185.1377   3.588867
-72.66738  185.0037   3.320899
-72.69131  185.1473   3.244336
-72.60518  185.3195   3.402246
-72.62431  185.0133   3.373535
-72.69609  185.109   3.320899
-72.6626  185.1855   3.182129
-72.65781  185.0611   3.206055
-72.66738  185.377   3.225195
-72.61953  185.2813   3.387891
-72.67696  185.2908   3.301758
-72.63389  185.176   3.411816
