0.9998322  0.000191473   0.0007972369 -0.0183008
0.9993156  0.0001809933   0.001911765 -0.03694199
0.9984527  -7.163033E-05   0.002855697 -0.05553451
0.9971353  -0.001147226   0.001093176 -0.07562181
0.9951341  -0.002959247   -0.001449322 -0.09847447
0.9924585  -0.00525808   -0.002141716 -0.122449
0.9893709  -0.007279968   -0.003360808 -0.1451926
0.9860659  -0.009722943   -0.004391917 -0.1660133
0.9827021  -0.01118681   -0.005356109 -0.1847782
0.9795372  -0.01246396   -0.006035052 -0.2007863
0.976423  -0.01314584   -0.004971971 -0.215408
0.9731004  -0.01397415   -0.005668743 -0.229887
0.9695477  -0.01503301   -0.005380569 -0.2443817
0.9654657  -0.01641913   -0.005375964 -0.2599567
0.9607871  -0.01811888   -0.005442973 -0.2766412
0.9552203  -0.02089028   -0.006820309 -0.2950782
0.9493091  -0.023848   -0.008444909 -0.3133244
0.9434909  -0.02694518   -0.009730703 -0.3301577
0.9378362  -0.02961361   -0.01045553 -0.3456542
0.9329259  -0.03228265   -0.01153234 -0.3584328
0.9287872  -0.03400314   -0.01175804 -0.3688629
0.9256991  -0.0346022   -0.01094598 -0.3765158
0.9231168  -0.03493547   -0.01037261 -0.3827889
0.9205547  -0.03511053   -0.009078226 -0.3889267
0.9177808  -0.03536909   -0.008088656 -0.3954267
0.9142873  -0.03610726   -0.007743904 -0.4033796
0.9103063  -0.03641989   -0.006128983 -0.4122844
0.9061769  -0.03797635   -0.005955363 -0.4211482
0.9024734  -0.03944138   -0.005604533 -0.4288992
0.8995689  -0.04060072   -0.004931918 -0.43486
0.897626  -0.04062518   -0.003400239 -0.4388686
0.8963996  -0.04033877   -0.002554034 -0.4414001
0.8956791  -0.03909745   -0.0009911428 -0.4429778
0.8958588  -0.03778797   0.0003714291 -0.4427289
0.8969023  -0.03594099   0.00117409 -0.4407644
0.8981308  -0.03376979   0.002433181 -0.4384231
0.8996331  -0.03187116   0.002609636 -0.4354741
0.9013824  -0.0289955   0.004715189 -0.4320263
0.9036327  -0.02573617   0.00681702 -0.4274801
0.9062291  -0.02274126   0.008058615 -0.4220981
0.9091531  -0.01911689   0.0085017 -0.4159362
0.9127896  -0.01531155   0.009254752 -0.408038
0.9169395  -0.01055476   0.01072983 -0.3987423
0.9217813  -0.005421826   0.01171018 -0.3874955
0.9268707  -4.111918E-05   0.01316201 -0.3751499
0.9318492  0.005648679   0.01432392 -0.3625191
0.936915  0.01172673   0.01617524 -0.3489858
0.941637  0.0175862   0.01746506 -0.3357166
0.946126  0.02313619   0.01902159 -0.3224104
0.9498219  0.02810902   0.02047648 -0.3108518
0.952964  0.03232333   0.0217394 -0.3005697
0.9557911  0.036447   0.02211258 -0.2909399
0.9581556  0.03989615   0.02281158 -0.2825345
0.9602507  0.04263779   0.02316981 -0.2748882
0.9617719  0.04561586   0.02335328 -0.2690141
0.963049  0.04804152   0.02353983 -0.2639593
0.9639688  0.04973075   0.02359917 -0.2602578
0.9646484  0.05130284   0.02386102 -0.2573947
0.9649338  0.05221818   0.02265029 -0.256248
0.964597  0.05258478   0.02141409 -0.2575439
0.9638103  0.05219769   0.02027383 -0.2606417
0.9623736  0.05065457   0.01928389 -0.2662692
0.9600796  0.04836102   0.01965282 -0.2748132
0.9568937  0.04545109   0.02099153 -0.2860909
0.9528196  0.0416977   0.0212919 -0.2999045
0.9482117  0.03621021   0.01861466 -0.3150188
0.9432233  0.03081786   0.01808735 -0.3302315
0.9378103  0.025882   0.01767826 -0.3457304
0.9319011  0.02015941   0.01619937 -0.3617894
0.9262803  0.01522194   0.01559848 -0.3762043
0.9207776  0.01037193   0.01467593 -0.3896737
0.9153472  0.006035713   0.01442628 -0.4023616
0.910532  0.001736324   0.01325424 -0.4132226
0.9063646  -0.002473068   0.01159378 -0.4223301
0.9024983  -0.006030973   0.01078469 -0.4305163
0.899015  -0.009143301   0.01079548 -0.4376894
0.8951393  -0.01169364   0.01004763 -0.4455198
0.8912866  -0.01466141   0.009963439 -0.453094
0.887485  -0.01697583   0.01025844 -0.4604096
0.8842539  -0.01980041   0.009585206 -0.4664881
0.8818347  -0.02202216   0.008954266 -0.4709591
0.8800429  -0.02342565   0.009291212 -0.4742253
0.8786052  -0.02437891   0.009868204 -0.4768241
0.8760666  -0.02583278   0.01032029 -0.481387
0.873332  -0.02756398   0.0109293 -0.4862222
0.8711063  -0.02922383   0.01129072 -0.4900941
0.8692563  -0.03017833   0.01231777 -0.493286
0.8673816  -0.03129245   0.01275745 -0.4964947
0.865496  -0.03259503   0.01330146 -0.4996772
0.863741  -0.03329617   0.01428982 -0.5026317
0.862122  -0.03430575   0.01476354 -0.5053225
0.860869  -0.03487198   0.01544039 -0.5073956
0.8601544  -0.03509143   0.01598327 -0.5085741
0.8597  -0.0349912   0.01716786 -0.5093102
0.8598626  -0.03451877   0.01875105 -0.5090119
0.8598275  -0.03403697   0.01975405 -0.5090656
0.8595926  -0.03378194   0.02084332 -0.509436
0.8592945  -0.03343739   0.02191876 -0.5099162
0.859017  -0.03293194   0.023222 -0.5103588
0.8586948  -0.03306376   0.02370937 -0.5108698
0.8587499  -0.03272168   0.02449716 -0.510762
0.8593088  -0.0319248   0.02558354 -0.5098183
0.8600857  -0.03117566   0.02685851 -0.5084873
0.8609883  -0.02991236   0.02869819 -0.5069329
0.8626177  -0.02835648   0.0302539 -0.5041542
0.8643923  -0.02673695   0.0316421 -0.5011087
0.8662999  -0.02530835   0.03274875 -0.4978067
0.8674712  -0.02425954   0.0339754 -0.4957325
0.8686829  -0.02327872   0.0348933 -0.4935895
0.8703821  -0.02206361   0.03586534 -0.4905728
0.8723001  -0.0206216   0.03678852 -0.4871486
0.8747752  -0.01893689   0.03712421 -0.4827334
0.8774223  -0.01663074   0.03802682 -0.47792
0.8812883  -0.01318278   0.03955197 -0.4707363
0.8869537  -0.009343022   0.04043606 -0.4599899
0.8935648  -0.003983063   0.04222821 -0.4469261
0.9014663  0.002154916   0.04372966 -0.4306292
0.910044  0.009066823   0.04614833 -0.411835
0.9186277  0.01656607   0.04915624 -0.3917045
0.9264011  0.02377427   0.05097883 -0.372313
0.9330554  0.02983311   0.05174908 -0.3547386
0.9388356  0.03525988   0.05250875 -0.3385074
0.9439088  0.04044104   0.05364624 -0.3233
0.9486297  0.04500888   0.05332309 -0.3085976
0.9526569  0.04895527   0.05257124 -0.2954393
0.9562338  0.05185611   0.0501854 -0.2835653
0.9593404  0.05528639   0.04983977 -0.27226
0.9622909  0.05750445   0.0474818 -0.2616006
0.9653172  0.06052242   0.0461803 -0.2497339
0.9685092  0.06298297   0.04355923 -0.2369084
0.971219  0.06552051   0.04126618 -0.2252507
0.9738495  0.06748603   0.03668496 -0.2138149
0.9760743  0.06916481   0.03262371 -0.2035457
0.9780483  0.07053053   0.02956124 -0.1938376
0.9793206  0.07106964   0.02730936 -0.1874415
0.9805489  0.07117296   0.02518647 -0.181174
0.9815895  0.07155793   0.02250476 -0.1756564
0.9825992  0.07175384   0.01984129 -0.1701661
0.9814368  0.0724499   0.01400542 -0.1770216
0.9780359  0.07149723   0.002427535 -0.1957751
0.9780165  0.06986527   -0.004014369 -0.1964346
0.9784161  0.06883512   -0.01367441 -0.1943624
0.9794183  0.06726249   -0.02233498 -0.1889889
0.9803865  0.06644349   -0.02966136 -0.1831606
0.9809704  0.06531415   -0.03239858 -0.1799485
0.9807284  0.06616269   -0.03717936 -0.1800332
0.9804963  0.06519449   -0.03970554 -0.1811074
0.980453  0.06353772   -0.04117844 -0.1816017
0.9798506  0.06227892   -0.04247297 -0.1849599
0.9798408  0.06159232   -0.04221961 -0.1852997
0.9795915  0.06051823   -0.04412396 -0.1865237
0.9787804  0.05896297   -0.04451497 -0.1911299
0.9780718  0.05808356   -0.04581188 -0.1946874
0.9773564  0.05642813   -0.04535718 -0.1988291
0.9762325  0.05431435   -0.04575275 -0.2047604
0.9751801  0.05199416   -0.04702295 -0.2100216
0.973992  0.04964368   -0.04818624 -0.2157617
0.9729254  0.0473765   -0.05060717 -0.2204782
0.9717254  0.04536676   -0.05477721 -0.2251465
0.9703857  0.04261049   -0.05790775 -0.2306132
0.9691671  0.03990983   -0.06031467 -0.2355514
0.9680831  0.03724318   -0.06164876 -0.2400573
0.9672972  0.03409963   -0.06326821 -0.2432497
0.9664617  0.03187683   -0.06362663 -0.2467535
0.9656544  0.0298313   -0.06319014 -0.2502575
0.9646845  0.02816667   -0.0613116 -0.25462
0.963449  0.02618749   -0.05900343 -0.2599977
0.9623957  0.02456864   -0.05599888 -0.2646793
0.961447  0.02233233   -0.05390241 -0.2687292
0.9608065  0.02071597   -0.05231205 -0.27145
0.9602606  0.0197178   -0.05024831 -0.2738355
0.9594392  0.01871371   -0.04935923 -0.2769296
0.957651  0.01832006   -0.05188007 -0.2826259
0.9565356  0.01644498   -0.05011915 -0.2868054
0.9561793  0.01522527   -0.04944566 -0.288174
0.9557273  0.01359615   -0.0498429 -0.289683
0.9552851  0.01238857   -0.0505596 -0.2910678
0.9548019  0.01124265   -0.05130107 -0.2925663
0.9542342  0.01041807   -0.05135677 -0.2944333
0.9536574  0.00933534   -0.05165213 -0.2962812
0.9530036  0.0081149   -0.05219728 -0.2983182
0.9523019  0.007322681   -0.05222417 -0.3005663
0.951556  0.0063421   -0.05311122 -0.3027875
0.9504288  0.005244012   -0.05312058 -0.3063262
0.9494067  0.004032043   -0.05351176 -0.30943
0.9483649  0.002613768   -0.05398418 -0.3125428
0.9474595  0.001511282   -0.05470573 -0.3151592
0.9466658  0.0009601066   -0.05451104 -0.317571
0.9460372  0.0004462649   -0.05289892 -0.3197111
0.9456118  0.0001260797   -0.05200094 -0.3211142
0.9452818  0.0004546929   -0.05121356 -0.3222101
0.9451402  0.0006557397   -0.05116538 -0.3226326
0.9449171  0.001290443   -0.05118243 -0.3232806
0.9446824  0.001920375   -0.05135 -0.323936
0.944409  0.002744404   -0.05113212 -0.3247611
0.9437321  0.003377147   -0.05137486 -0.3266786
0.9428474  0.003888647   -0.05127637 -0.329233
0.9418793  0.004690524   -0.05017284 -0.3321505
0.9415136  0.006137034   -0.05053929 -0.3331069
0.9410469  0.007673372   -0.05154487 -0.3342378
0.937181  0.008505103   -0.04619589 -0.3456667
0.9310068  0.009278284   -0.03277164 -0.3634093
0.9267318  0.01091803   -0.02387471 -0.3748055
0.9239781  0.01347268   -0.01792905 -0.3817872
0.9212597  0.02053826   -0.01508617 -0.3881124
0.9184754  0.01094336   -0.02516409 -0.3945249
0.9176974  -0.004641455   -0.03864395 -0.3953689
0.9133792  -0.01426532   -0.0474485 -0.4040835
0.9154027  -0.01093216   -0.04700627 -0.3996361
0.9170634  -0.009941189   -0.04574989 -0.3959832
0.9178414  -0.01126036   -0.04628806 -0.3940786
0.9188478  -0.01066761   -0.04609929 -0.3917649
0.9194562  -0.009632837   -0.04583081 -0.3903934
0.9202707  -0.008495453   -0.04514733 -0.3885759
0.9208872  -0.007864594   -0.04545227 -0.3870904
0.9211374  -0.00768706   -0.04667242 -0.3863529
0.9217198  -0.006580783   -0.04574838 -0.3850927
0.9226898  -0.005589309   -0.0450955 -0.382856
0.9235625  -0.004959951   -0.04480848 -0.3807885
0.9244322  -0.003970846   -0.04413548 -0.3787628
0.9255035  -0.002824463   -0.04326386 -0.3762493
0.9266332  -0.002034341   -0.04235893 -0.3735671
0.9278678  -0.0008419623   -0.04094388 -0.3706538
0.9290955  0.0001153316   -0.03999772 -0.3676707
0.9300729  0.0009829842   -0.03863 -0.365337
0.9308303  0.001666723   -0.03820162 -0.3634458
0.9310533  0.002363706   -0.03762961 -0.36293
0.9313827  0.002705066   -0.03759224 -0.3620852
0.9316834  0.003066411   -0.03728092 -0.3613403
0.9321024  0.003530683   -0.03644213 -0.3603396
0.9330807  0.002631282   -0.03881266 -0.357557
0.9342633  0.001601709   -0.04034339 -0.3542908
0.9354347  0.0009147191   -0.04065496 -0.3511527
0.9373052  7.371289E-05   -0.04026192 -0.3461762
0.9392353  -0.0005461901   -0.04004951 -0.3409292
0.9408716  0.000147034   -0.03847435 -0.3365714
0.9425253  0.0005563009   -0.03788536 -0.3319796
0.9444454  0.0007835188   -0.03803167 -0.3264595
0.9476672  0.003767226   -0.03676349 -0.3171138
0.9525498  0.008485138   -0.03663032 -0.3020514
0.9578633  0.01385793   -0.03818204 -0.2843378
0.9627079  0.01975994   -0.0393231 -0.2669395
0.9670222  0.02679438   -0.03774497 -0.2504503
0.9703387  0.03332581   -0.03464749 -0.2369211
0.9733378  0.03956323   -0.0308435 -0.2238235
0.9760568  0.04602203   -0.03060453 -0.2103767
0.9778062  0.05031488   -0.03281235 -0.2007162
0.9791227  0.05439262   -0.03042926 -0.1934792
0.9800511  0.05716969   -0.0307154 -0.1878506
0.980786  0.05931629   -0.03226142 -0.1830286
0.9813941  0.06187226   -0.03497537 -0.1783651
0.9822305  0.06533053   -0.03648008 -0.1721169
0.9831823  0.06905387   -0.03845597 -0.1646373
0.9840605  0.07346746   -0.03938773 -0.1570864
0.9848835  0.08020154   -0.03593234 -0.1492687
0.9848235  0.08596694   -0.03628324 -0.1463417
0.9848937  0.08849601   -0.03672742 -0.1442352
0.9849317  0.08989765   -0.03672034 -0.1431067
0.984866  0.0909476   -0.03800388 -0.1425593
0.9848726  0.09143278   -0.03991139 -0.1416795
0.9848607  0.09111468   -0.04132124 -0.1415631
0.9847283  0.09042193   -0.04236428 -0.142616
0.9844964  0.08956964   -0.04465934 -0.1440469
0.9843059  0.08866098   -0.04619697 -0.1454199
0.9842132  0.08786535   -0.04767369 -0.1460523
0.9840617  0.08725506   -0.04975654 -0.146743
0.9839246  0.08633   -0.05166765 -0.1475465
0.9836495  0.08521648   -0.05294013 -0.1495636
0.9832018  0.08378705   -0.05399121 -0.1529019
0.9827029  0.08202411   -0.05497326 -0.156669
0.982105  0.08000439   -0.0554824 -0.1612165
0.981589  0.07808252   -0.05550769 -0.165242
0.9811495  0.07619481   -0.05560669 -0.1686649
0.9807215  0.07462792   -0.05624761 -0.1716164
0.9806027  0.0733738   -0.05764881 -0.1723694
0.9804978  0.07224122   -0.06041476 -0.172497
0.9805029  0.07164553   -0.06178269 -0.1722319
0.9804431  0.07090476   -0.06283557 -0.1724977
0.9801534  0.06986745   -0.06448024 -0.1739545
0.9798024  0.06889438   -0.06527597 -0.1760111
0.9793614  0.06781077   -0.06606007 -0.1785747
0.9789521  0.06665538   -0.06619743 -0.1811842
0.9784127  0.06540407   -0.06660458 -0.1843764
0.9779838  0.06435328   -0.0663509 -0.1870932
0.9775832  0.0631773   -0.06668396 -0.1894543
0.9772086  0.06197847   -0.06716596 -0.1916006
0.9769393  0.06100885   -0.06756108 -0.1931398
0.9767987  0.06025522   -0.06766554 -0.1940486
0.9767841  0.05954067   -0.06703991 -0.1945591
0.9766586  0.05849168   -0.06715696 -0.1954651
0.9764513  0.05759872   -0.06713786 -0.1967682
0.9761712  0.05667163   -0.06718729 -0.1984035
0.975879  0.05582448   -0.06648895 -0.2003073
0.9755861  0.05497026   -0.06634017 -0.2020127
0.9752652  0.05427047   -0.06588557 -0.2038911
0.9749783  0.05358921   -0.06546812 -0.2055714
0.9747824  0.0529806   -0.06498011 -0.2068087
0.9746313  0.05235187   -0.06548024 -0.2075223
0.9746836  0.05194474   -0.06606138 -0.2071941
0.9749098  0.05205045   -0.06492765 -0.2064606
0.9750543  0.05202157   -0.06475954 -0.2058375
0.9751541  0.05182017   -0.06469955 -0.2054338
0.9751862  0.05157771   -0.06465302 -0.2053578
0.9752507  0.05138348   -0.06435113 -0.2051943
0.9752306  0.05117035   -0.06377161 -0.2055242
0.975248  0.05096527   -0.06361897 -0.2055396
0.9752356  0.05054207   -0.0632489 -0.2058172
0.9752787  0.04998434   -0.06307715 -0.2058012
0.9751831  0.04956061   -0.06312086 -0.206343
0.9750479  0.04913942   -0.06312621 -0.2070794
0.9749484  0.04870652   -0.0631687 -0.2076368
0.9748271  0.04846697   -0.06248336 -0.2084683
0.9747002  0.04815808   -0.06191928 -0.2092996
0.9746112  0.04781506   -0.06137947 -0.2099506
0.974355  0.04738605   -0.06121328 -0.2112815
0.9742351  0.04717274   -0.06031964 -0.2121377
0.9740947  0.04682008   -0.05996909 -0.2129578
0.9738935  0.04640681   -0.05994111 -0.2139741
0.9737062  0.04596422   -0.0591501 -0.2151389
0.9735152  0.04553145   -0.05861925 -0.2162379
0.9732462  0.04514651   -0.05809455 -0.2176666
0.972667  0.04440546   -0.05789125 -0.2204442
0.9719445  0.04360198   -0.05707421 -0.2239759
0.9710072  0.04299582   -0.05568242 -0.2284643
0.9699777  0.04231137   -0.05345067 -0.2334438
0.9686571  0.04137031   -0.05149043 -0.2394594
0.9666649  0.04062935   -0.04895905 -0.2480145
0.9641112  0.0402454   -0.04665334 -0.2582505
0.960669  0.03916805   -0.04530729 -0.2711608
0.9560561  0.037903   -0.04206958 -0.2876638
0.9505605  0.0357135   -0.0389091 -0.306015
0.9450836  0.03215193   -0.03457814 -0.3234001
0.9404346  0.02834025   -0.0309741 -0.3373723
0.9349394  0.02480705   -0.02779677 -0.352846
0.9282713  0.02116943   -0.02304169 -0.3705849
0.9209136  0.01766318   -0.01528698 -0.3890659
0.9132236  0.01423341   -0.003466364 -0.4071952
0.9061287  0.01051995   0.006299707 -0.4228242
0.8987948  0.005790169   0.01227542 -0.4381593
0.8914447  0.002306001   0.0190311 -0.4527238
0.8853139  0.0003263342   0.02618469 -0.4642559
0.8815371  0.0002949341   0.03161471 -0.4710549
0.8788998  0.0009211897   0.03810991 -0.4754808
0.8761059  0.002342516   0.04541911 -0.4799688
0.8722419  0.003098467   0.05182912 -0.4863107
0.8674661  0.002030203   0.05581501 -0.4943512
0.8628522  0.0003441721   0.05803904 -0.502113
0.8583426  -0.002252914   0.05991478 -0.5095616
0.8550339  -0.004594737   0.06297885 -0.5147132
0.8519295  -0.005979931   0.0669201 -0.5193284
0.8482701  -0.006529856   0.07049692 -0.5248098
0.8460962  -0.008479528   0.07263586 -0.52799
0.8431415  -0.01043301   0.07431927 -0.5324286
0.8398185  -0.01210295   0.07562464 -0.5374379
0.8370589  -0.01354076   0.07771342 -0.5413961
0.8334788  -0.01494755   0.08059409 -0.5464377
0.8294972  -0.01667217   0.08269992 -0.5521025
0.8137183  -0.03338464   0.09531761 -0.5724183
0.8076678  -0.03679117   0.09546202 -0.5806944
0.8026732  -0.04012439   0.09486021 -0.5874584
0.7982659  -0.04416002   0.09355327 -0.5933542
0.7953325  -0.04704387   0.09276219 -0.5971836
0.7930644  -0.04834439   0.09482203 -0.599767
0.7969761  -0.04563949   0.09814761 -0.5942331
0.8037512  -0.04554805   0.100377 -0.5846655
0.8062597  -0.04320209   0.1059153 -0.5803972
0.8072976  -0.03935843   0.1118668 -0.5781065
0.8079443  -0.03787375   0.115811 -0.5765235
0.8092837  -0.03849614   0.1179238 -0.5741706
0.8106241  -0.03883444   0.1187841 -0.5720759
0.8130766  -0.03984703   0.1186266 -0.5685477
0.8183671  -0.03988987   0.1181215 -0.5610092
0.8266646  -0.03736141   0.1190685 -0.5486824
0.8389663  -0.03257078   0.1208692 -0.5295897
0.853  -0.02655764   0.1252847 -0.505954
0.8678181  -0.01780778   0.1301494 -0.4792031
0.8824157  -0.008441454   0.1353996 -0.4504865
0.8965003  0.0001625387   0.1364367 -0.4215119
0.9093244  0.004525152   0.1329373 -0.3942542
0.9197306  0.01328128   0.1343002 -0.3686228
0.9280936  0.02034178   0.1355092 -0.3462164
0.93496  0.02780543   0.1384813 -0.3254222
0.9412498  0.03245345   0.1372536 -0.3068499
0.9470808  0.03475217   0.1318202 -0.2906092
0.9529365  0.03710687   0.1236144 -0.2743256
0.9582492  0.0408501   0.1182942 -0.2570919
0.9631166  0.04475168   0.1137418 -0.2397217
0.9686353  0.04748137   0.1042059 -0.2205277
0.9737617  0.04888523   0.09184777 -0.2023917
0.9778817  0.05004471   0.07936359 -0.1869346
0.9811311  0.05257982   0.06998744 -0.1723916
0.9837432  0.05406143   0.05997859 -0.160403
0.9854999  0.05588624   0.05488871 -0.1505118
0.9865623  0.05771074   0.05445865 -0.1428238
0.9870536  0.05795599   0.05517368 -0.1390048
0.9871007  0.05584271   0.05480194 -0.1396801
0.9864141  0.05248568   0.05419032 -0.1459311
0.9851121  0.04758624   0.05608616 -0.1553834
0.983212  0.04060289   0.05388117 -0.1695361
0.9803593  0.03232473   0.04696459 -0.1887988
0.9768304  0.02516013   0.04590672 -0.2075136
0.9734032  0.02041052   0.04878246 -0.2229124
0.9703099  0.0160669   0.05170054 -0.235728
0.9673286  0.01237292   0.05396446 -0.2474068
0.9643407  0.008989514   0.05625542 -0.2584597
0.9613836  0.005504205   0.05841357 -0.2688848
0.9582129  0.001411439   0.06021876 -0.279642
0.9544473  -0.003775831   0.06071387 -0.2921127
0.9499949  -0.00998312   0.05926337 -0.3064273
0.9457882  -0.01616003   0.0570266 -0.3193296
0.9418516  -0.02164953   0.05656342 -0.3305261
0.9381723  -0.02582438   0.0584714 -0.340216
0.9346144  -0.02912249   0.06037841 -0.3492881
0.931224  -0.03210958   0.06149989 -0.3577829
0.9283873  -0.03476205   0.06239631 -0.3646851
0.9256958  -0.03750975   0.0625393 -0.3711727
0.9228556  -0.04013922   0.06178484 -0.378033
0.9203618  -0.04283683   0.06111897 -0.3838798
0.917897  -0.0456396   0.06055716 -0.3895061
0.9153618  -0.04926234   0.05790858 -0.3953893
0.912899  -0.05221364   0.0548047 -0.4011054
0.9110179  -0.0543636   0.0539125 -0.4051968
0.9100806  -0.05522057   0.05413814 -0.4071524
0.909682  -0.05501042   0.0551253 -0.4079384
0.9097884  -0.05447275   0.05577296 -0.4076852
0.9096087  -0.0541858   0.05630205 -0.4080514
0.9089299  -0.05497386   0.0562392 -0.4094648
0.9079709  -0.05687431   0.05504054 -0.4114906
0.908439  -0.05809126   0.05016232 -0.4109108
0.9145338  -0.0590079   0.03853165 -0.3983232
0.9223586  -0.05952773   0.02129939 -0.3811265
0.9294435  -0.06600191   -0.00242395 -0.363005
0.9313597  -0.07623488   -0.0222818 -0.355332
0.9292471  -0.08817619   -0.03679095 -0.3568913
0.9314654  -0.0856287   -0.02638331 -0.3526241
0.9325778  -0.08671325   -0.02661246 -0.3493871
0.9336145  -0.0888019   -0.02697753 -0.3460495
0.9360487  -0.08288092   -0.02016995 -0.3413747
0.9367907  -0.08024745   -0.01823473 -0.3400748
0.9373673  -0.07711606   -0.01742381 -0.3392524
0.9371114  -0.07376883   -0.01575764 -0.3407818
0.9364239  -0.07073718   -0.01514766 -0.3433322
0.9357285  -0.06754165   -0.01370251 -0.3459229
0.935689  -0.06459816   -0.0120033 -0.3466541
0.9363248  -0.06153457   -0.01008535 -0.3455541
0.9369539  -0.05858044   -0.008706765 -0.3443977
0.9372761  -0.05607621   -0.007666524 -0.3439623
0.9371912  -0.05360026   -0.006446366 -0.3446128
0.9371092  -0.05146042   -0.005950627 -0.3451708
0.9368839  -0.04924539   -0.004838192 -0.3461213
0.9369648  -0.04708449   -0.003582893 -0.3462185
0.9372403  -0.04507215   -0.002654454 -0.3457487
0.9374806  -0.04321279   -0.001857517 -0.3453393
0.9377974  -0.04137565   -0.0008836252 -0.3447076
0.9378848  -0.03990614   -0.0001067064 -0.3446439
0.9377546  -0.03843381   0.0005163147 -0.3451648
0.9376776  -0.03701986   0.001138758 -0.3455272
0.9376485  -0.03576813   0.001700242 -0.3457355
0.9377922  -0.03425067   0.002771816 -0.3454924
0.9380032  -0.03296481   0.003773394 -0.345035
0.9380906  -0.03178609   0.003908287 -0.3449066
0.9380422  -0.03064451   0.004415781 -0.3451351
0.9380769  -0.02935633   0.005506332 -0.3451372
0.9381608  -0.02854723   0.005806935 -0.3449721
0.9381002  -0.02752727   0.006552412 -0.3452063
0.9381254  -0.02643222   0.007431584 -0.3452053
0.9380859  -0.0256307   0.008044207 -0.3453594
0.9379459  -0.02489814   0.008202578 -0.3457893
0.9379874  -0.0241355   0.008750456 -0.345717
0.9379189  -0.02326788   0.009390106 -0.3459459
0.9379386  -0.02249058   0.01000996 -0.3459263
0.9379725  -0.02168536   0.01070065 -0.3458652
0.9379396  -0.02119843   0.0108298 -0.3459806
0.938051  -0.02058422   0.01119299 -0.3457042
0.9380633  -0.01982877   0.0119539 -0.3456895
0.9381897  -0.0195402   0.01207631 -0.3453582
0.9381478  -0.01903901   0.01241972 -0.345488
0.9382093  -0.01856392   0.01294286 -0.3453277
0.938255  -0.0180298   0.01366487 -0.3452041
0.9382513  -0.01797746   0.01353312 -0.3452221
0.9383475  -0.01758773   0.01383329 -0.3449685
0.9383228  -0.01739252   0.01404771 -0.3450367
0.9382596  -0.01704877   0.01464265 -0.3452011
0.9382293  -0.0166618   0.01510666 -0.3452826
0.9381397  -0.01630527   0.0154637 -0.3455272
0.9383013  -0.01598493   0.015823 -0.3450865
0.9382756  -0.0156069   0.01643952 -0.3451449
0.9383197  -0.01530831   0.01698293 -0.345012
0.9382083  -0.01514529   0.01695318 -0.3453235
0.9382896  -0.01451499   0.01845402 -0.3450527
0.9383671  -0.01441899   0.01872263 -0.3448314
0.93831  -0.01469138   0.01792112 -0.3450177
0.9383954  -0.01503763   0.01677657 -0.3448282
0.9383968  -0.01542157   0.0158689 -0.3448505
0.9383889  -0.01524694   0.01642857 -0.3448535
0.938549  -0.01477158   0.01748461 -0.3443862
0.9385354  -0.01431756   0.0188053 -0.3443729
0.9385393  -0.01443856   0.01796679 -0.3444017
0.9386697  -0.0143589   0.01806062 -0.344045
0.9387437  -0.01409515   0.01849309 -0.3438309
0.9387309  -0.0138761   0.01943403 -0.3438228
0.9388028  -0.01356863   0.02101466 -0.3435456
0.9388627  -0.01325003   0.02247595 -0.3433017
0.9388722  -0.01291125   0.02403232 -0.3431832
0.9389231  -0.01243464   0.02614756 -0.3429069
0.9389619  -0.01207616   0.02799318 -0.3426679
0.9389293  -0.01168791   0.02966136 -0.3426301
0.9390116  -0.01211748   0.02906856 -0.3424405
0.938985  -0.01253635   0.02826307 -0.3425656
0.9390402  -0.0128008   0.02834312 -0.3423976
0.9391011  -0.01308194   0.02814286 -0.3422368
0.9390775  -0.01301131   0.0288492 -0.3422454
0.9389949  -0.0133092   0.02875543 -0.3424682
0.9390315  -0.0135309   0.02879405 -0.3423561
0.9391609  -0.01382321   0.02886213 -0.3419834
0.9391438  -0.01382674   0.0289199 -0.3420254
0.9391584  -0.01377861   0.02928598 -0.341956
0.9391612  -0.01382553   0.02984311 -0.3418982
0.9392371  -0.01423014   0.02935922 -0.3417149
0.9392872  -0.0144692   0.02918706 -0.3415821
0.9392518  -0.01453314   0.02941732 -0.3416571
0.939161  -0.01448919   0.03028448 -0.3418326
0.9391533  -0.01459498   0.03067381 -0.3418147
0.9390471  -0.0147894   0.0309499 -0.3420729
0.9391512  -0.01496091   0.03091707 -0.3417826
0.9391138  -0.01494792   0.03142539 -0.3418394
0.9392224  -0.01499435   0.03198935 -0.3414867
0.9391944  -0.0148685   0.03275895 -0.3414959
0.9392465  -0.01510139   0.0326415 -0.3413537
0.939227  -0.01507822   0.03317806 -0.3413567
0.9391581  -0.01535955   0.03287259 -0.3415631
0.9392293  -0.01538788   0.03301778 -0.3413522
0.939146  -0.01540944   0.033261 -0.3415568
0.9391115  -0.01540174   0.03407118 -0.3415723
0.9391311  -0.01552805   0.03402798 -0.3415168
0.9391261  -0.01565336   0.03422027 -0.3415057
0.9391803  -0.01548949   0.03476854 -0.3413087
0.9392423  -0.01571786   0.03496125 -0.3411079
0.9393362  -0.0160753   0.03449864 -0.3408794
0.9392977  -0.01604238   0.03504074 -0.3409319
0.9393306  -0.01610116   0.03546588 -0.3407947
0.9393883  -0.01604934   0.03583785 -0.3405992
0.9392814  -0.01599487   0.03624269 -0.3408535
0.9393593  -0.0160573   0.03621678 -0.3406383
0.9392979  -0.01610359   0.03693831 -0.3407279
0.9392118  -0.0161516   0.03736958 -0.3409162
0.9393257  -0.01619289   0.03783817 -0.3405484
0.9392623  -0.01636959   0.03812417 -0.3406831
0.9392375  -0.01656568   0.0383229 -0.3407197
0.9392332  -0.01658469   0.03855748 -0.3407038
0.9391613  -0.01692486   0.03868426 -0.3408712
0.9391652  -0.01717295   0.03845228 -0.3408741
0.9391849  -0.0172972   0.03881812 -0.3407723
0.9391259  -0.01737439   0.03906636 -0.3409024
0.9390482  -0.01753034   0.03929318 -0.3410826
0.9390885  -0.01763205   0.03938362 -0.3409559
0.9390166  -0.01768016   0.03993087 -0.3410875
0.9389081  -0.01772058   0.04072374 -0.3412905
0.9390361  -0.01775515   0.04164409 -0.340825
0.9390061  -0.01796636   0.04159763 -0.3409024
0.9390411  -0.01807101   0.0419882 -0.3407525
0.9390692  -0.01819436   0.0421251 -0.3406516
0.9389755  -0.01839676   0.04207021 -0.3409058
0.938974  -0.01858924   0.04213248 -0.3408917
0.9389142  -0.01854478   0.04266552 -0.3409924
0.938978  -0.01887569   0.04257284 -0.3408104
0.9389565  -0.01884018   0.04306316 -0.3408099
0.9389893  -0.0188012   0.04353581 -0.3406614
0.9389502  -0.01888777   0.04371437 -0.3407418
0.938875  -0.01886847   0.04442587 -0.3408578
0.9389445  -0.01901867   0.04488507 -0.3405979
0.9388714  -0.01893854   0.04520055 -0.3407618
0.9389413  -0.01894806   0.0458271 -0.340485
0.9389371  -0.01884872   0.04678432 -0.3403719
0.9388499  -0.01896047   0.04707222 -0.3405667
0.9389044  -0.01955996   0.04596869 -0.3405331
0.9387686  -0.01993627   0.04549665 -0.3409487
0.9387631  -0.02003827   0.04576286 -0.3409223
0.9386903  -0.02021409   0.04606462 -0.3410719
0.9387306  -0.0202446   0.04609429 -0.3409549
0.9386654  -0.02024683   0.04619405 -0.3411208
0.9385605  -0.02015989   0.04700213 -0.3413041
0.9386029  -0.02006459   0.04721999 -0.341163
0.9386221  -0.02020029   0.04719537 -0.3411061
0.9386654  -0.02035972   0.04705735 -0.3409959
0.9386913  -0.02051597   0.04746367 -0.3408591
0.938639  -0.02080982   0.04730714 -0.3410069
0.9386841  -0.02054952   0.04827544 -0.3407629
0.938673  -0.02069417   0.0484482 -0.3407603
0.9386618  -0.02093831   0.04865372 -0.3407468
0.9387629  -0.02106506   0.04892369 -0.3404216
0.9387992  -0.0211268   0.04923753 -0.3402723
0.9387524  -0.02114294   0.04946086 -0.3403685
0.9387408  -0.02134765   0.04992011 -0.3403204
0.9388288  -0.02146595   0.05016128 -0.3400346
0.9388382  -0.02157055   0.05034114 -0.3399756
0.9388748  -0.02200975   0.04969696 -0.3399408
0.9389924  -0.02215428   0.04980931 -0.3395903
0.9388889  -0.02201002   0.05118746 -0.3396808
0.9389634  -0.02196082   0.05121282 -0.3394743
0.9389992  -0.02222236   0.05151986 -0.3393115
0.9389936  -0.02268947   0.05116319 -0.3393503
0.9389687  -0.02322966   0.05095483 -0.3394137
0.9388003  -0.0236667   0.05070817 -0.3398861
0.9388063  -0.02364149   0.05089135 -0.3398438
0.9386815  -0.02372783   0.0511655 -0.3401415
0.9388487  -0.02388917   0.05104097 -0.3396871
0.9389319  -0.02378723   0.05129601 -0.3394254
0.9389665  -0.02401194   0.05148977 -0.3392848
0.938906  -0.02458941   0.05142603 -0.3394206
0.9387012  -0.02535345   0.0509076 -0.3400082
0.938262  -0.02573754   0.04947133 -0.3414009
0.9371816  -0.02651214   0.04842455 -0.3444458
0.9354135  -0.02695528   0.04882818 -0.3491286
0.9334663  -0.02766468   0.04895883 -0.3542293
0.9309249  -0.02894345   0.04958257 -0.3606698
0.9280841  -0.03057642   0.04977927 -0.3677595
0.9244875  -0.03227429   0.05027928 -0.3765013
0.9206373  -0.03581144   0.04776255 -0.385828
0.9166814  -0.03824843   0.04681312 -0.3950199
0.9125289  -0.03923793   0.04764801 -0.4043278
0.9081668  -0.04074596   0.04941183 -0.4136803
0.9028639  -0.04253427   0.05258325 -0.4245736
0.8963948  -0.04441131   0.05843588 -0.4371374
0.8902813  -0.04492738   0.06526558 -0.4484654
0.8860155  -0.04506241   0.07014527 -0.4560983
0.8820679  -0.04554271   0.07359671 -0.4631044
0.8773555  -0.04727478   0.07897309 -0.4709305
0.8736926  -0.04768908   0.08587375 -0.4764584
0.8693594  -0.04733197   0.09475379 -0.4826964
0.8657451  -0.04796981   0.1013395 -0.487765
0.8630924  -0.04906651   0.1067255 -0.4911962
0.8620289  -0.0489403   0.1115594 -0.4920015
0.8619401  -0.04845997   0.1155215 -0.4912898
0.8635052  -0.04735145   0.1178362 -0.4880892
0.8669626  -0.04491923   0.1183435 -0.4820299
0.8713552  -0.04070793   0.1188807 -0.4742892
0.8750297  -0.03747302   0.1197921 -0.4675133
0.8769088  -0.03635905   0.1210281 -0.4637469
0.8778338  -0.036518   0.1221888 -0.4616754
0.8791494  -0.03663148   0.1230084 -0.4589373
0.8812314  -0.03641006   0.1236102 -0.4547814
0.883777  -0.03536153   0.1238551 -0.4498309
0.8867465  -0.03313924   0.1239864 -0.4440833
0.8902795  -0.02951368   0.1249959 -0.4369294
0.8946393  -0.02510053   0.1256871 -0.428011
0.8998036  -0.01907237   0.1269892 -0.4169695
0.9065102  -0.01148174   0.1288333 -0.4018823
0.9133072  -0.003821983   0.1301679 -0.3858909
0.91855  0.004037903   0.1331534 -0.3721823
0.9231663  0.01127789   0.136492 -0.3591751
0.9272712  0.01690708   0.1390138 -0.3472137
0.9296497  0.02023839   0.1422839 -0.3392599
0.930934  0.02126672   0.1458058 -0.3341413
0.9316613  0.02139124   0.1492547 -0.3305643
0.9327134  0.0206888   0.1520405 -0.3263452
0.9337538  0.02013613   0.1556099 -0.321689
0.9344727  0.01992727   0.1607003 -0.3170793
0.9344242  0.0198992   0.1662021 -0.3143763
0.9338317  0.01902818   0.1720558 -0.3130386
0.9330492  0.01704408   0.1765259 -0.3129972
0.9316558  0.01303192   0.1792168 -0.315799
0.9299446  0.009663933   0.1815992 -0.3195802
0.929131  0.00582827   0.1831319 -0.3211608
0.9286823  0.002500167   0.1844168 -0.3217659
0.928694  -0.0004610735   0.1873282 -0.3200556
0.9284661  -0.003744086   0.1896851 -0.3193058
0.9283589  -0.007209036   0.1917233 -0.3183396
0.9280639  -0.01092899   0.1933947 -0.3180825
0.9274511  -0.0139812   0.1955943 -0.3184052
0.9278355  -0.01362396   0.19778 -0.3159412
0.9290946  -0.01261229   0.200336 -0.3106278
0.9298955  -0.01153479   0.2029627 -0.3065411
0.9304076  -0.009436341   0.2060727 -0.3029633
0.9313039  -0.00681766   0.2086227 -0.2985018
0.9319863  -0.005113211   0.2099213 -0.2954802
0.9323239  -0.003787366   0.2112925 -0.2934506
0.9326921  -0.002960873   0.2120293 -0.2917538
0.9328053  -0.001639343   0.2138087 -0.2900988
0.9331084  -0.0006112103   0.2152498 -0.2880553
0.9333695  0.0001819245   0.2164726 -0.2862884
0.9336132  0.001022014   0.2171599 -0.2849686
0.9337016  0.002226582   0.2182667 -0.2838238
0.9335568  0.002769158   0.2191158 -0.283641
0.933145  0.004342127   0.2204403 -0.2839501
0.9331739  0.006268131   0.2212599 -0.2831806
0.9329077  0.008873081   0.2217492 -0.2836049
0.9328936  0.01001574   0.2203778 -0.2846802
0.9347814  0.009495386   0.2154164 -0.2822928
0.9354943  0.01086891   0.2111136 -0.2831313
0.9369435  0.01198696   0.2034051 -0.2839356
0.9371637  0.01204714   0.1990863 -0.2862583
0.9380298  0.01122395   0.1906929 -0.2891547
0.9376078  0.009337637   0.1860397 -0.2935874
0.9364694  0.00624559   0.1810342 -0.3003541
0.935108  0.002173172   0.1762417 -0.3074201
0.9328088  -0.001447696   0.1740025 -0.3155771
0.9299112  -0.006475184   0.1723177 -0.3248536
0.9266495  -0.01259614   0.1712151 -0.3344358
0.9233003  -0.01881769   0.1709879 -0.343403
0.9199288  -0.02627814   0.1699773 -0.3523467
0.9168614  -0.03608152   0.1664523 -0.36105
0.9147598  -0.04747451   0.1609524 -0.3674983
0.9128103  -0.05856089   0.1563616 -0.3726917
0.9105218  -0.06710674   0.1542781 -0.3776836
0.9068821  -0.07978793   0.1509911 -0.3852279
0.9033962  -0.09327926   0.1458481 -0.3923042
0.898995  -0.1060117   0.1442027 -0.3997187
0.8947985  -0.1191697   0.141512 -0.4063356
0.8904801  -0.1321827   0.1383621 -0.4128304
0.886021  -0.1435959   0.1368882 -0.419057
0.8822217  -0.1542229   0.1350202 -0.4238747
0.8781201  -0.163194   0.1363243 -0.4285889
0.8746463  -0.1696773   0.1400319 -0.4319657
0.8716267  -0.1736512   0.1430661 -0.4354816
0.8681253  -0.1784656   0.1458526 -0.4395855
0.8632845  -0.1834369   0.1506361 -0.4454206
0.8581402  -0.1878525   0.1554044 -0.4518365
0.8533756  -0.1909179   0.1612429 -0.4574944
0.8490697  -0.1940083   0.1659462 -0.4624968
0.8451405  -0.196119   0.1703785 -0.4671681
0.8405541  -0.1979193   0.175266 -0.4728409
0.8361455  -0.1991533   0.1804252 -0.4781687
0.8328022  -0.1987119   0.1855118 -0.4822233
0.83125  -0.1959198   0.1900273 -0.4842814
0.831021  -0.191816   0.1938062 -0.4848194
0.8306321  -0.1869831   0.1978803 -0.4857273
0.8293908  -0.1821026   0.203047 -0.4875669
0.8287148  -0.1766715   0.2078914 -0.4886715
0.8302721  -0.169864   0.2109972 -0.4871086
0.8337627  -0.1606013   0.2137183 -0.4830852
0.8380446  -0.1494363   0.2162588 -0.4781026
0.8430506  -0.1367267   0.2192367 -0.4717062
0.8492627  -0.1229465   0.2222308 -0.462872
0.8571591  -0.1081092   0.2233978 -0.4513139
0.8667306  -0.08986133   0.2250572 -0.4359498
0.8769892  -0.06820632   0.2273232 -0.4178062
0.8875933  -0.04541597   0.2296849 -0.3966866
0.8969522  -0.02319426   0.2328372 -0.3751341
0.9052256  -0.003141613   0.2360141 -0.3533469
0.9120598  0.01542   0.2382193 -0.3334075
0.9173002  0.0263311   0.2368881 -0.3189843
0.9195547  0.03408178   0.2397608 -0.3094712
0.9224167  0.03862803   0.237863 -0.3017887
0.9253378  0.04208393   0.235969 -0.2937644
0.9282439  0.045292   0.2344739 -0.285191
0.9303036  0.04805645   0.2339583 -0.2783688
0.931882  0.04933237   0.2333889 -0.273298
0.9328873  0.04979588   0.2331973 -0.2699273
0.9338818  0.04859117   0.2313155 -0.2683223
0.9339864  0.04446008   0.228786 -0.2708314
0.9332392  0.03832553   0.2263927 -0.276301
0.9317724  0.03117302   0.2240092 -0.2839862
0.9294987  0.02216824   0.2215694 -0.2940202
0.9266289  0.01246385   0.2192998 -0.3051412
0.9228132  0.001694373   0.217033 -0.3182914
0.9179067  -0.01038268   0.2158234 -0.3328059
0.9118921  -0.02217418   0.2167919 -0.3477964
0.9058459  -0.03466881   0.2155454 -0.3630171
0.8994827  -0.04836014   0.2107863 -0.3796859
0.8883074  -0.06201058   0.2152535 -0.4009121
0.8805883  -0.0744556   0.2150739 -0.4156488
0.8747094  -0.08501294   0.213982 -0.4264596
0.8720669  -0.09323982   0.2111038 -0.4315562
0.870953  -0.09907628   0.2081579 -0.43393
0.8696175  -0.1035529   0.2061832 -0.4364981
0.8689206  -0.1068818   0.2043947 -0.4379224
0.8688203  -0.1088518   0.2036889 -0.4379653
0.8697335  -0.1085844   0.2040956 -0.4360252
0.8720961  -0.1057882   0.2053367 -0.4313863
0.8756362  -0.1010351   0.2068349 -0.424585
0.880794  -0.09400334   0.208936 -0.4143802
0.8881379  -0.08291883   0.2113867 -0.3995637
0.8958588  -0.06934383   0.2151473 -0.3825442
0.90162  -0.05729323   0.2199674 -0.3679851
0.9057963  -0.04825866   0.2224016 -0.3574097
0.9096363  -0.04127799   0.2233392 -0.3478183
0.9133001  -0.033472   0.2261213 -0.337093
0.9170085  -0.02515423   0.2294149 -0.3253174
0.9203897  -0.01770299   0.2323164 -0.3140042
0.9227582  -0.01278597   0.2338462 -0.306055
0.9244852  -0.009624952   0.2337495 -0.3009911
0.9262548  -0.007272912   0.2326223 -0.2964559
0.9280117  -0.005065723   0.2312825 -0.2920223
0.928327  -0.002690188   0.2324169 -0.290145
0.9288054  -0.001107224   0.2335931 -0.2876694
0.9290034  -0.001440509   0.2325236 -0.2878948
0.9284633  -0.003067254   0.2316918 -0.290285
0.9276164  -0.005995694   0.2303393 -0.2939995
0.9258905  -0.009922571   0.2297769 -0.299718
0.9236854  -0.01490523   0.2293607 -0.3065563
0.9209613  -0.02047215   0.2288619 -0.3146957
0.9178375  -0.02712725   0.2272235 -0.3243576
0.9150256  -0.03453027   0.22397 -0.3337264
0.9114535  -0.04326572   0.2207358 -0.3444654
0.906489  -0.05408092   0.2181095 -0.3574648
0.9005768  -0.06616583   0.2149661 -0.3719853
0.8936904  -0.07807828   0.2131584 -0.3870203
0.8877569  -0.08850816   0.2109306 -0.3994526
0.8817617  -0.09785874   0.2089815 -0.4113961
0.8762068  -0.105534   0.2094629 -0.4210102
0.8705274  -0.1112302   0.2117221 -0.4300972
0.8649307  -0.1169041   0.2128287 -0.4392405
0.8610274  -0.1210514   0.2138174 -0.4452643
0.859024  -0.1235767   0.2145328 -0.4480874
0.8579565  -0.1257002   0.2142321 -0.4496828
0.8566459  -0.1276369   0.2145565 -0.4514776
0.8551858  -0.1292223   0.2155392 -0.4533229
0.8540872  -0.1306202   0.2160729 -0.454737
0.8536594  -0.1312961   0.2170985 -0.4548574
0.8545053  -0.1300645   0.2190077 -0.4527025
0.8565676  -0.127249   0.2209889 -0.4486239
0.8591478  -0.1230273   0.2239502 -0.4433686
0.8624204  -0.1184135   0.2265041 -0.4369267
0.8668991  -0.1126034   0.228187 -0.4286456
0.8728392  -0.1050674   0.2293728 -0.4177329
0.8794277  -0.09552436   0.2309829 -0.4051284
0.8850816  -0.08567449   0.2340709 -0.3930664
0.8896246  -0.07749024   0.2358481 -0.3833263
0.8934384  -0.07051323   0.2374617 -0.3747101
0.8979549  -0.0624867   0.2394794 -0.3638982
0.9025034  -0.05340815   0.2421283 -0.3521493
0.9067093  -0.04475695   0.2454356 -0.3400533
0.9109486  -0.03669969   0.2478977 -0.3276772
0.9150444  -0.02904923   0.2501771 -0.3150578
0.9180028  -0.02207532   0.2539777 -0.3037739
0.9214363  -0.01629381   0.2559045 -0.2918949
0.9241072  -0.01092409   0.2591753 -0.2805971
0.9256767  -0.006892654   0.2639791 -0.270906
0.9272233  -0.004305862   0.2680276 -0.2615329
0.9285267  -0.002572302   0.2708117 -0.2539538
0.9292272  -0.002262784   0.2728993 -0.2491133
0.9302691  -0.003490368   0.2730285 -0.2450358
0.9312544  -0.004150101   0.2731042 -0.2411679
0.9323065  -0.004524684   0.2732873 -0.2368505
0.932866  -0.00434445   0.274873 -0.2327808
0.9335967  -0.003658284   0.2756148 -0.2289546
0.9345247  -0.002936482   0.2758656 -0.2248401
0.9360421  -0.001461855   0.2733167 -0.2216331
0.9381828  -0.0007815697   0.2697994 -0.2168428
0.9404758  0.002252206   0.2662189 -0.2112523
0.9425517  0.00506798   0.2640074 -0.2046231
0.9430544  0.005543574   0.2635999 -0.2028124
0.9428043  0.004226881   0.2630126 -0.2047595
0.943103  0.003325491   0.2611212 -0.205819
0.9436259  0.003340015   0.2592483 -0.2057895
0.9441572  0.003401548   0.2579129 -0.2050285
0.944993  0.004554702   0.2568545 -0.2024679
0.9460084  0.006473469   0.255954 -0.1987807
0.9472656  0.008688346   0.25522 -0.1935849
0.9480137  0.01026631   0.2551803 -0.1898627
0.9485349  0.01100987   0.2552455 -0.1871094
0.9492961  0.01185593   0.2549053 -0.1836295
0.9512017  0.01108933   0.2519213 -0.1778424
0.9518176  0.01173068   0.2517438 -0.1747302
0.952198  0.01150951   0.2514346 -0.1731101
0.9523073  0.01041915   0.25071 -0.1736284
0.9523671  0.009344479   0.2497706 -0.1747119
0.9527625  0.008786095   0.2485909 -0.1742669
0.9533288  0.008652489   0.2476393 -0.1725224
0.9538842  0.009120349   0.2469431 -0.170414
0.9544937  0.009679768   0.2465309 -0.1675429
0.9547397  0.009849695   0.2465926 -0.1660332
0.9548419  0.009308853   0.2462181 -0.1660334
0.9551334  0.009273733   0.2455409 -0.1653592
0.9557184  0.008924332   0.2440472 -0.1642058
0.9564196  0.008477503   0.2425021 -0.1624265
0.9568192  0.007801159   0.2429291 -0.1594416
0.9579746  0.006348238   0.2407609 -0.1558163
0.9586687  0.004699099   0.2392163 -0.1539732
0.9593127  0.003543164   0.2377026 -0.1523284
0.9594325  0.002116559   0.2381055 -0.150965
0.9599339  0.001875489   0.2362817 -0.1506465
0.9602876  0.00101863   0.235307 -0.149924
0.9604312  3.009602E-05   0.2347302 -0.1499126
0.9605115  -0.0003805741   0.2341838 -0.1502508
0.9606576  -0.0001523481   0.2337474 -0.1499969
0.9607979  0.0003454011   0.2334471 -0.1495651
0.9610066  0.00119664   0.2337691 -0.1477053
0.9612017  0.001686816   0.2345114 -0.1452336
0.96172  0.001903682   0.2345231 -0.1417393
0.9624133  0.001959184   0.2338436 -0.1381088
0.9629345  0.001560143   0.2336241 -0.1348123
0.9635163  0.0004677504   0.2326771 -0.1322776
0.9639237  -0.0007921599   0.2317995 -0.1308417
0.9635984  -0.00333821   0.2328632 -0.1313071
0.9635825  -0.00618404   0.2327142 -0.1315853
0.9637232  -0.009143731   0.2323358 -0.1310497
0.9640327  -0.01145208   0.2317089 -0.129695
0.9640895  -0.0133148   0.2312777 -0.1298652
0.9638687  -0.01398822   0.2320917 -0.1299803
0.9635723  -0.01458372   0.2329419 -0.13059
0.9631701  -0.01514076   0.23393 -0.1317223
0.9626175  -0.01581937   0.2352167 -0.1333801
0.962216  -0.01639703   0.2359379 -0.1349255
0.9621402  -0.01642275   0.2358063 -0.1356905
0.9622841  -0.01546281   0.2354562 -0.1353904
0.9625381  -0.0142935   0.2353829 -0.1338314
0.9624967  -0.01326386   0.2359685 -0.1332036
0.9621606  -0.01315942   0.2368353 -0.1341004
0.9617154  -0.01352009   0.2375285 -0.136018
0.9612844  -0.01410558   0.2379585 -0.1382358
0.9608856  -0.01433947   0.2384488 -0.1401259
0.9606646  -0.01430125   0.2387803 -0.1410773
0.9607722  -0.01344268   0.2386947 -0.1405728
0.9612731  -0.01210965   0.2381462 -0.1381803
0.9613557  -0.01075321   0.2395498 -0.1352606
0.9613971  -0.01032826   0.2407739 -0.1328036
0.9615417  -0.009955533   0.2415183 -0.1304123
0.9615473  -0.01019554   0.2423567 -0.128787
0.9614003  -0.01068879   0.2431507 -0.1283468
0.9609777  -0.01071667   0.2446546 -0.1286518
0.9606865  -0.01023002   0.2462607 -0.1277981
0.9606066  -0.009494061   0.2471607 -0.1267136
0.9604273  -0.00876792   0.2486393 -0.1252238
0.9602227  -0.008245587   0.2499068 -0.1243018
0.9596659  -0.007390592   0.2520205 -0.1243879
0.9593185  -0.005905563   0.2532812 -0.1245861
0.9590268  -0.003822206   0.2545224 -0.1243835
0.9590976  -0.001344327   0.2543853 -0.1241695
0.9590256  0.000390633   0.2542253 -0.1250568
0.9590283  0.0009345756   0.253482 -0.1265336
0.9589846  0.0002187181   0.2524973 -0.1288162
0.9588975  -0.0008375035   0.251108 -0.1321352
0.9585313  -0.001530688   0.2506243 -0.1356573
0.958245  -0.002148727   0.249808 -0.1391326
0.9578827  -0.002703076   0.2495993 -0.141963
0.9576646  -0.003275242   0.2492391 -0.1440408
0.9575818  -0.003721781   0.2484905 -0.145862
0.9574032  -0.003611831   0.2487139 -0.1466543
0.9571488  -0.003490481   0.249273 -0.1473665
0.9567812  -0.003362876   0.2505197 -0.1476426
0.9563934  -0.003915668   0.2514609 -0.1485389
0.9560478  -0.00466803   0.2520678 -0.1497086
0.9558004  -0.005416929   0.252239 -0.1509696
0.955424  -0.006117946   0.2527295 -0.1524973
0.9552378  -0.006529554   0.2528348 -0.1534685
0.9550924  -0.007094444   0.2526951 -0.1545753
0.954749  -0.008041127   0.2526807 -0.156659
0.9542975  -0.009216046   0.2526596 -0.1593565
0.9539283  -0.01053279   0.2520556 -0.1624121
0.9536012  -0.01171135   0.2515723 -0.164982
0.9530759  -0.01316149   0.2511773 -0.1684726
0.9523531  -0.01499889   0.2511732 -0.1723672
0.9513869  -0.01727659   0.2512863 -0.1772559
0.9502478  -0.01959615   0.2517031 -0.1824573
0.9486189  -0.02144779   0.2534524 -0.1882127
0.9463465  -0.02350649   0.2557877 -0.1960822
0.9427439  -0.02616389   0.2599092 -0.2073564
0.9374489  -0.02993816   0.2652807 -0.2234266
0.9308781  -0.03539732   0.2706361 -0.2428354
0.9226118  -0.0433851   0.2762822 -0.2656563
0.9115597  -0.05437189   0.2830216 -0.2932598
0.8998993  -0.06784628   0.2865627 -0.3216518
0.8859154  -0.08270752   0.2918416 -0.3509157
0.8721057  -0.09899555   0.2946909 -0.377874
0.8594241  -0.1125778   0.296617 -0.4009175
0.8472275  -0.1238341   0.2981261 -0.4218905
0.8336096  -0.1306165   0.3046712 -0.4418254
0.8183386  -0.1377657   0.3111399 -0.4631786
0.800097  -0.1452993   0.3193897 -0.4865421
0.7826218  -0.1525698   0.3265722 -0.5075195
0.7706125  -0.1592979   0.3288959 -0.5221187
0.751605  -0.1645888   0.3373035 -0.5424267
0.7344698  -0.174191   0.3397683 -0.561043
0.7179835  -0.1793148   0.3448605 -0.5774227
0.7016016  -0.1850017   0.3513312 -0.5916891
0.6853917  -0.1897222   0.3571849 -0.6055267
0.6712878  -0.1944861   0.3608633 -0.6175156
0.6593513  -0.1981738   0.3640678 -0.6272461
0.6502921  -0.2004382   0.3680955 -0.6336012
0.6445012  -0.2010423   0.3720962 -0.6369809
0.6390507  -0.1978156   0.3793528 -0.6391984
0.6344402  -0.194099   0.3870325 -0.6403258
0.6288847  -0.1922244   0.3940476 -0.6420906
0.6232539  -0.1936002   0.3994738 -0.6438122
0.6180624  -0.1967358   0.4038195 -0.645154
0.6141478  -0.2003299   0.4078346 -0.6452608
0.6110367  -0.2032444   0.4124726 -0.6443542
0.6091169  -0.2053741   0.4174654 -0.642278
0.6084729  -0.205521   0.422641 -0.6394502
0.6086112  -0.2065038   0.4265722 -0.6363841
0.6093119  -0.206983   0.4306506 -0.632801
0.6107454  -0.2074375   0.434156 -0.6288627
0.6126094  -0.2076498   0.4376882 -0.624516
0.6140968  -0.2086308   0.4409215 -0.6204406
0.6148252  -0.2096572   0.4443099 -0.6169461
0.6166378  -0.2102083   0.4476546 -0.6125159
0.6193917  -0.2106752   0.4504732 -0.6074898
0.6215461  -0.2110478   0.4536688 -0.6027637
0.6236188  -0.2116969   0.4566264 -0.5981441
0.6248802  -0.2121238   0.4596764 -0.5943281
0.6263396  -0.2133867   0.4616628 -0.5907896
0.6274685  -0.2150589   0.4633374 -0.5876661
0.6283696  -0.2164159   0.4651146 -0.5847943
0.6294953  -0.2173164   0.4674168 -0.5814041
0.6302064  -0.2130142   0.4712053 -0.5791636
0.6308099  -0.2131533   0.475035 -0.5753142
0.6326223  -0.212989   0.4779979 -0.5709139
0.6362963  -0.2136839   0.4794267 -0.5653462
0.6398554  -0.2132406   0.4814617 -0.5597395
0.6429495  -0.212465   0.4838465 -0.5544071
0.6455847  -0.2130972   0.4856205 -0.5495295
0.6466197  -0.2146793   0.4873086 -0.5461923
0.6476763  -0.2169687   0.4879958 -0.5434154
0.6486039  -0.2193464   0.4885472 -0.5408528
0.6508232  -0.2209188   0.4888533 -0.5372584
0.6546719  -0.2215161   0.4891565 -0.5320351
0.6586632  -0.2205741   0.4905495 -0.5261854
0.6645747  -0.2187398   0.491357 -0.5187115
0.6718156  -0.2165368   0.4912994 -0.5102945
0.6800612  -0.2136141   0.4908467 -0.5009543
0.6863846  -0.2103991   0.4918977 -0.4925902
0.6920194  -0.2076016   0.4927967 -0.4849352
0.6993081  -0.2036555   0.4938639 -0.4749642
0.7098238  -0.1988145   0.4944066 -0.4606357
0.7227654  -0.189873   0.4959047 -0.4423085
0.7373685  -0.1774409   0.4982035 -0.4202329
0.7559146  -0.1600262   0.4998491 -0.3913256
0.7777117  -0.1350924   0.5008855 -0.3550044
0.7985201  -0.1049913   0.5012275 -0.3164067
0.8181257  -0.07190626   0.5006005 -0.2736766
0.8342687  -0.04223204   0.500925 -0.2264645
0.8457524  -0.01521968   0.4985507 -0.1895218
0.8556945  0.00829541   0.4938282 -0.15444
0.8641851  0.0255776   0.4863862 -0.1263271
0.8721462  0.03541236   0.4769083 -0.1032741
0.8804  0.04153714   0.4648034 -0.08442898
0.894998  0.0434476   0.4383594 -0.07022797
0.9095048  0.04388789   0.4096935 -0.05501113
0.916167  0.06240977   0.3947739 -0.02994373
0.924666  0.06638509   0.3746913 -0.01385945
0.928634  0.07499186   0.3632922 0.005813357
0.927686  0.08629403   0.3623587 0.02545923
0.9254623  0.09342197   0.3651069 0.0385839
0.9230076  0.09518924   0.3701871 0.04424506
0.9228375  0.09320209   0.3709558 0.04556402
0.9238274  0.08981295   0.3691915 0.04662836
0.9254047  0.08766963   0.3655751 0.0479049
0.9273903  0.08733406   0.3604861 0.04868113
0.9281654  0.08784541   0.3581918 0.04990765
0.9286971  0.08936513   0.3563162 0.05073885
0.9297426  0.09101343   0.3531451 0.05083108
0.9315628  0.09189647   0.3483641 0.04887
0.9330593  0.09120142   0.3452594 0.04334371
0.93376  0.08489574   0.3468791 0.02366166
0.9357128  0.08252566   0.3427731 0.01172968
0.9374596  0.07883946   0.3390354 0.002976194
0.9374665  0.07469193   0.3399095 -0.00626215
0.9381643  0.07027648   0.3386502 -0.01499778
0.9393181  0.06502271   0.3360106 -0.0234627
0.9402637  0.06054331   0.3336658 -0.03009275
0.9414242  0.05809613   0.3304821 -0.03356948
0.9425604  0.05614657   0.3273423 -0.03569858
0.9434129  0.053911   0.3249242 -0.03859945
0.9436716  0.05150105   0.3240433 -0.04275059
0.9433762  0.04840703   0.3246557 -0.04792543
0.9429407  0.04491884   0.3254131 -0.0543267
0.9422533  0.04160324   0.3266634 -0.06098181
0.9417358  0.03841614   0.3273635 -0.06701463
0.9410955  0.03547685   0.3283515 -0.07256708
0.9405925  0.0325552   0.3289119 -0.07773563
0.940264  0.02927843   0.3288338 -0.08315399
0.9400426  0.02573264   0.3282485 -0.08894181
0.9399608  0.02216859   0.3272823 -0.09417341
0.9397453  0.01847778   0.3266545 -0.09916808
0.9394221  0.01454719   0.326048 -0.1047245
0.9394222  0.01039839   0.3244087 -0.1101665
0.9393561  0.006896819   0.3229179 -0.1152668
0.9390445  0.004261661   0.3222857 -0.1196203
0.9384885  0.00194757   0.3223386 -0.1238274
0.9378899  -0.0003797836   0.3221545 -0.1287581
0.9372082  -0.003180036   0.3219756 -0.1340235
0.9360679  -0.006800207   0.3224145 -0.1406402
0.9346951  -0.01016633   0.3230071 -0.1480142
0.9326444  -0.01398004   0.3244407 -0.1572167
0.929931  -0.01890787   0.3260518 -0.1690002
0.9268264  -0.02514003   0.3270468 -0.1827598
0.9221367  -0.03197321   0.3297273 -0.1998035
0.9166164  -0.04070689   0.3321429 -0.2187198
0.9103019  -0.0514155   0.3340947 -0.2389302
0.9036095  -0.06387873   0.334897 -0.2593324
0.89618  -0.07800733   0.3348811 -0.280412
0.8858256  -0.09352846   0.3375565 -0.3043371
0.872218  -0.1104051   0.3421627 -0.3316189
0.8577409  -0.1288595   0.3444678 -0.3591903
0.8425519  -0.1481813   0.345791 -0.385457
0.8293828  -0.1664163   0.3418447 -0.4093557
0.8213054  -0.1801362   0.3394626 -0.421632
0.821952  -0.1856699   0.336597 -0.4202665
0.8277448  -0.1910257   0.3250538 -0.4155571
0.828163  -0.1950242   0.3195052 -0.4171665
0.8225209  -0.1999161   0.3186648 -0.426551
0.8171322  -0.2048227   0.3172657 -0.4355287
0.8155164  -0.2131662   0.3104992 -0.4394127
0.8180733  -0.2225932   0.3008121 -0.4367156
0.819703  -0.2281989   0.2942075 -0.4352632
0.8209233  -0.232161   0.2885242 -0.4346722
0.822143  -0.2338257   0.2844657 -0.4341495
0.8224582  -0.2332816   0.2833819 -0.4345536
0.8227893  -0.2314421   0.2836792 -0.4347165
0.8233392  -0.2290207   0.2843737 -0.4345042
0.8248932  -0.2267677   0.2847536 -0.4324849
0.8292492  -0.2247284   0.2828478 -0.426427
0.8343666  -0.223312   0.2797067 -0.4191995
0.8381737  -0.2214501   0.2779804 -0.4137047
0.8410137  -0.218554   0.2783795 -0.4091883
0.8451055  -0.2144513   0.2783927 -0.4028708
0.8525914  -0.2090625   0.2770969 -0.390638
0.8602367  -0.2039809   0.2750548 -0.3777955
0.8661168  -0.2003468   0.2694179 -0.3702929
0.8703708  -0.199445   0.265955 -0.3632413
0.8723526  -0.2010021   0.2623344 -0.3602496
0.8753732  -0.2053334   0.2543969 -0.3561492
0.8788873  -0.2095943   0.2450333 -0.3515483
0.8800507  -0.2035742   0.2443235 -0.3526674
0.8827837  -0.1979917   0.2450821 -0.348464
0.8857455  -0.1917521   0.2483906 -0.3420354
0.8894587  -0.1857668   0.2500738 -0.3343908
0.8912118  -0.1813945   0.2529792 -0.3299077
0.8924935  -0.1772536   0.2555999 -0.3266577
0.8940537  -0.1727355   0.2570964 -0.3236231
0.8943593  -0.1692971   0.2587107 -0.3233088
0.8940338  -0.1665495   0.2600614 -0.3245502
0.8932073  -0.1643235   0.2612041 -0.3270334
0.8926786  -0.1623945   0.2618862 -0.3288901
0.892215  -0.1600238   0.2629972 -0.3304198
0.8924477  -0.1571747   0.264475 -0.329979
0.8931552  -0.1539454   0.2661081 -0.3282699
0.8941617  -0.1509751   0.2671284 -0.3260732
0.8952767  -0.1483046   0.2677005 -0.3237621
0.8957728  -0.1454451   0.2691315 -0.3224981
0.8960723  -0.1431523   0.2703153 -0.3217007
0.8961998  -0.1413075   0.271138 -0.3214692
0.8958682  -0.1397393   0.2722327 -0.322153
0.8957673  -0.1383842   0.2727275 -0.3225998
0.8956993  -0.1368951   0.2734405 -0.3228202
0.8956222  -0.1353004   0.2746247 -0.3227009
0.895718  -0.1337008   0.275544 -0.3223177
0.896008  -0.1323074   0.2762507 -0.321481
0.8962701  -0.1305512   0.2773066 -0.3205579
0.8964512  -0.1291551   0.277878 -0.3201217
0.8967384  -0.1279615   0.2782452 -0.3194771
0.8967284  -0.1267975   0.2790099 -0.3193026
0.8991178  -0.1242417   0.2785086 -0.3139812
0.9038922  -0.1185593   0.2787665 -0.302013
0.9072667  -0.1150499   0.2798806 -0.2920573
0.9099781  -0.1118361   0.2801886 -0.2844766
0.9122502  -0.1087137   0.2807381 -0.2777895
0.9148179  -0.1063178   0.2794623 -0.2714879
0.9181272  -0.1041772   0.2775471 -0.2629777
0.921435  -0.1016356   0.2756963 -0.2542031
0.9229915  -0.09944074   0.2759978 -0.2490452
0.925293  -0.09850023   0.274333 -0.2426357
0.9272282  -0.09688759   0.2727753 -0.237601
0.9288872  -0.09610212   0.2710538 -0.233373
0.9305409  -0.09558816   0.2688138 -0.2295555
0.9318877  -0.09456255   0.2670802 -0.2265201
0.9330584  -0.09353161   0.2651078 -0.2244362
0.9344035  -0.09235114   0.2629513 -0.2218511
0.9353779  -0.09133322   0.2622319 -0.2189999
0.9360933  -0.0910459   0.2620403 -0.2162749
0.9371204  -0.08990171   0.2612915 -0.2131896
0.9381287  -0.08925595   0.2601456 -0.2104098
0.9391874  -0.08815704   0.2593152 -0.2071495
0.9400594  -0.08687538   0.258551 -0.2046766
0.9408681  -0.08531685   0.2579579 -0.2023509
0.9415628  -0.08370826   0.2577335 -0.2000648
0.9427127  -0.0821019   0.2564537 -0.1969356
0.9444394  -0.08087462   0.2546394 -0.1914482
0.9467926  -0.08040142   0.2513511 -0.1842336
0.9510553  -0.07864051   0.2420137 -0.1753252
0.9534271  -0.07817587   0.2385138 -0.1672616
0.9552266  -0.07849845   0.2362524 -0.1598904
0.9572351  -0.07842077   0.2329078 -0.1526604
0.959317  -0.07793079   0.2286951 -0.1460691
0.9611263  -0.07752059   0.2253937 -0.1393722
0.963049  -0.07712805   0.2211228 -0.133014
0.9649688  -0.07640601   0.2165782 -0.1268511
0.966573  -0.07621763   0.2126995 -0.1211878
0.967859  -0.07623716   0.2096391 -0.1161388
0.9692975  -0.07633837   0.2057768 -0.1108632
0.9706766  -0.07650007   0.2016563 -0.106157
0.9718484  -0.07641465   0.1978732 -0.1025553
0.9728956  -0.07603414   0.1941203 -0.1000509
0.975982  -0.07293804   0.1841588 -0.09069044
0.9820093  -0.0661272   0.1620056 -0.07098689
0.9882519  -0.05726951   0.1310906 -0.0537921
0.9918824  -0.04617994   0.1129217 -0.0358522
0.9940946  -0.03332904   0.1005004 -0.02376282
0.9952984  -0.02385779   0.09342279 -0.009173132
0.9960752  -0.0168049   0.08674474 -0.005215026
0.996265  -0.01611584   0.08470556 -0.004620162
0.9962166  -0.01787079   0.08446443 -0.00994403
0.9960804  -0.01957276   0.08471168 -0.01626696
0.995894  -0.02132662   0.08508111 -0.02239377
0.9959068  -0.02180588   0.0828336 -0.02885553
0.9958435  -0.02254748   0.08079544 -0.03548884
0.9956805  -0.02404404   0.07998995 -0.04054257
0.9956738  -0.02598822   0.07779125 -0.04366799
0.9966934  -0.02107189   0.06865269 -0.03801273
0.9958107  -0.02141496   0.07658043 -0.04514326
0.9955027  -0.02066228   0.07566594 -0.05312251
0.9950421  -0.02104137   0.07640911 -0.06008505
0.9944617  -0.02220857   0.07852945 -0.06622605
0.993906  -0.02281734   0.08021173 -0.07208586
0.9933552  -0.02310115   0.08125875 -0.07815877
0.9927269  -0.02315925   0.08368099 -0.08339318
0.9920187  -0.02336844   0.08705707 -0.08816917
0.9913831  -0.02340649   0.08891588 -0.09330483
0.9908957  -0.0232529   0.08946473 -0.09788309
0.9903914  -0.02346622   0.08957494 -0.1027162
0.989843  -0.0238592   0.09015776 -0.107299
0.989374  -0.02438086   0.09028582 -0.111324
0.9888657  -0.02504773   0.09038227 -0.1155356
0.9884548  -0.02588963   0.09030474 -0.1188771
0.9880434  -0.02626213   0.08927771 -0.1229224
0.9877717  -0.02624762   0.08698972 -0.126692
0.9872914  -0.02647576   0.08711323 -0.1302532
0.9868518  -0.02675472   0.08739423 -0.1333041
0.9866174  -0.02654383   0.08608086 -0.1359101
0.9863581  -0.02609179   0.08452688 -0.1388243
0.9859673  -0.02560834   0.08388082 -0.1420445
0.9855141  -0.02575891   0.08397491 -0.1450743
0.985155  -0.02592714   0.08373921 -0.1475978
0.9848442  -0.0259783   0.08367881 -0.149683
0.9845086  -0.02574037   0.08350819 -0.1520092
0.9842845  -0.02552102   0.08290794 -0.1538152
0.9841024  -0.02537646   0.08186261 -0.1555541
0.9839497  -0.02504425   0.0812451 -0.1568916
0.9835993  -0.02527686   0.08073565 -0.1592961
0.9832727  -0.02577359   0.08097536 -0.1611008
0.9830484  -0.02607996   0.08091638 -0.1624446
0.9828354  -0.02598664   0.08028084 -0.1640551
0.9826787  -0.02553962   0.08007132 -0.1651627
0.9823503  -0.02535199   0.08046873 -0.1669427
0.9821219  -0.02536106   0.08046097 -0.1682841
0.981945  -0.02547733   0.0803011 -0.1693714
0.981751  -0.02548958   0.08038346 -0.1704519
0.9815697  -0.02540236   0.08006673 -0.1716532
0.9814733  -0.02509386   0.07920705 -0.1726462
0.9814191  -0.02468031   0.07824357 -0.1734515
0.9811761  -0.02463716   0.07866162 -0.1746391
0.9809765  -0.0247606   0.07864744 -0.1757461
0.980829  -0.02495469   0.07906328 -0.1763542
0.9806587  -0.02535129   0.07904098 -0.1772522
0.9805259  -0.02580326   0.07883929 -0.1780103
0.9803678  -0.02601889   0.07928569 -0.1786498
0.9801996  -0.02626124   0.07966723 -0.1793665
0.9800597  -0.02647164   0.07985833 -0.1800138
0.9798741  -0.02668163   0.08009268 -0.1808866
0.9797751  -0.02689794   0.07978363 -0.1815262
0.9796571  -0.0269506   0.08019111 -0.1819755
0.979502  -0.02715152   0.08035431 -0.1827068
0.9794943  -0.02712644   0.07970318 -0.1830367
0.9793115  -0.02737446   0.08005194 -0.1838236
0.979253  -0.02793126   0.0798775 -0.1841278
0.9791154  -0.02824233   0.0803206 -0.1846185
0.9790673  -0.0284045   0.08040313 -0.1848123
0.9790228  -0.02849486   0.08054421 -0.1849734
0.9789357  -0.02858138   0.08066452 -0.1853679
0.9788929  -0.02825231   0.08116376 -0.185426
0.9787732  -0.02808085   0.08128828 -0.1860286
0.9786659  -0.02774283   0.08160881 -0.1865026
0.9786263  -0.02740303   0.08205055 -0.1865672
0.9785076  -0.0272552   0.08193596 -0.1872604
0.9784573  -0.02703649   0.08189912 -0.1875709
0.9784174  -0.02697574   0.08204191 -0.1877259
0.9783737  -0.02710593   0.08176857 -0.1880536
0.9782604  -0.02691565   0.08181068 -0.188651
0.9781748  -0.02684788   0.08201572 -0.189015
0.9781222  -0.02672103   0.08233444 -0.1891665
0.9780768  -0.02653707   0.0825579 -0.1893298
0.9780903  -0.02652901   0.08243278 -0.1893155
0.978058  -0.0266673   0.08273986 -0.1893287
0.9779922  -0.02672271   0.08307702 -0.189513
0.977949  -0.0268859   0.08347325 -0.1895392
0.9778712  -0.0270635   0.08334877 -0.1899697
0.9779095  -0.02711901   0.08301661 -0.1899102
0.9778998  -0.0271935   0.08322353 -0.1898588
0.9779364  -0.02715422   0.08307632 -0.1897403
0.977883  -0.02711484   0.08291619 -0.1900909
0.9778392  -0.02716935   0.08319753 -0.1901857
0.977861  -0.02725132   0.08328608 -0.1900226
0.9777902  -0.02733042   0.08351909 -0.1902735
0.9778498  -0.02742645   0.08338764 -0.1900107
0.9778534  -0.02769915   0.08324737 -0.1900141
0.9777796  -0.02773916   0.0834771 -0.1902875
0.977756  -0.02781913   0.08404873 -0.1901451
0.9776611  -0.02788771   0.08461867 -0.1903703
0.9775418  -0.02800759   0.08602666 -0.1903336
0.9774921  -0.02812387   0.08673396 -0.190251
0.9774188  -0.02830488   0.08689625 -0.1905268
0.9773649  -0.02826485   0.08705758 -0.1907355
0.9773244  -0.0283936   0.08724743 -0.1908369
0.9773515  -0.02843894   0.08764634 -0.1905083
0.9772528  -0.02835761   0.08787089 -0.1909227
0.9772274  -0.02834048   0.08782999 -0.1910744
0.9772288  -0.02820974   0.08820668 -0.1909127
0.9771435  -0.02806694   0.08944906 -0.1907922
0.9771663  -0.02820225   0.0900908 -0.1903533
0.977105  -0.02831807   0.09034899 -0.190528
0.9770703  -0.02874616   0.09060568 -0.1905198
0.9770532  -0.02903263   0.09098075 -0.1903856
0.9769878  -0.02919483   0.09121904 -0.1905821
0.9770156  -0.02912488   0.09120331 -0.1904579
0.9769061  -0.0288851   0.09163246 -0.1908494
0.9768926  -0.02873082   0.091902 -0.1908127
0.9767819  -0.0284617   0.09236345 -0.1911965
0.9767531  -0.0283275   0.09303552 -0.1910379
0.9767334  -0.02832685   0.09336072 -0.1909794
0.9767171  -0.02859351   0.09332914 -0.1910387
0.9766777  -0.02872404   0.09396209 -0.1909104
0.9766133  -0.02904217   0.09410688 -0.19112
0.9765965  -0.02934081   0.09413099 -0.1911484
0.9765307  -0.02958344   0.0942753 -0.1913761
0.9765222  -0.02968567   0.09461653 -0.191235
0.9765265  -0.02952022   0.09493738 -0.1910799
0.9765333  -0.02954685   0.09534317 -0.1908388
0.9765009  -0.02965582   0.09599227 -0.1906623
0.976368  -0.02991421   0.09639575 -0.1910983
0.9763961  -0.03028277   0.09640527 -0.1908919
0.9763423  -0.03042382   0.09709948 -0.1907929
0.9762269  -0.0308026   0.0973091 -0.1912151
0.9762311  -0.03102889   0.09710805 -0.1912593
0.9761534  -0.03106482   0.09743931 -0.1914813
0.9761647  -0.03120914   0.09773948 -0.1912473
0.9761779  -0.03124109   0.09790588 -0.1910893
0.976113  -0.03133615   0.09820047 -0.1912544
0.9761258  -0.03124539   0.09855762 -0.1910195
0.9761063  -0.03133767   0.0988522 -0.1909519
0.9760102  -0.03133735   0.09945077 -0.1911321
0.9760018  -0.03158639   0.09943746 -0.1911412
0.975992  -0.03179599   0.09952085 -0.1911135
0.975916  -0.03178699   0.1006947 -0.1908872
0.9757771  -0.03184717   0.1020038 -0.1908926
0.9757736  -0.0319001   0.1025091 -0.1906306
0.9757826  -0.03195041   0.1025334 -0.1905637
0.9757844  -0.03193181   0.1028983 -0.19036
0.9757999  -0.03188625   0.1030926 -0.1901837
0.9757422  -0.03192141   0.103458 -0.1902754
0.9757822  -0.03205845   0.1032125 -0.1901804
0.9757493  -0.03212296   0.1036747 -0.1900872
0.9756633  -0.03228919   0.1039228 -0.1903643
0.9756791  -0.03210716   0.1042799 -0.1901188
0.9756505  -0.03192442   0.1045924 -0.1901242
0.9756222  -0.03183803   0.1050496 -0.1900323
0.97555  -0.03170679   0.1054381 -0.1902095
0.9755805  -0.03192899   0.1054114 -0.1900307
0.975517  -0.03203576   0.1056707 -0.1901949
0.9755253  -0.03224643   0.1056285 -0.1901404
0.9754897  -0.03245015   0.1060316 -0.1900638
0.975431  -0.03240972   0.1061879 -0.1902844
0.9754272  -0.03226967   0.1065517 -0.1901244
0.9753601  -0.03203498   0.1071674 -0.1901618
0.9752812  -0.03164668   0.1075906 -0.1903928
0.9753242  -0.03126908   0.1077228 -0.1901598
0.9752563  -0.03092852   0.1080634 -0.1903709
0.9752179  -0.03070206   0.1086434 -0.1902734
0.9751168  -0.03039861   0.1092976 -0.1904651
0.9751647  -0.03049113   0.1093952 -0.1901495
0.975178  -0.03063094   0.1093699 -0.1900731
0.975119  -0.03084795   0.1095852 -0.1902171
0.975157  -0.03098563   0.1095248 -0.1900339
0.9750791  -0.03096088   0.1097887 -0.1902859
0.9751368  -0.03073785   0.1100595 -0.1898688
0.9751475  -0.03044289   0.1108628 -0.189394
0.9750488  -0.03037092   0.111506 -0.189536
0.9750532  -0.03050099   0.1118864 -0.1892679
0.9749587  -0.030834   0.1120044 -0.1896308
0.9748296  -0.03124038   0.1124901 -0.1899401
0.974719  -0.03186065   0.1128327 -0.1902013
0.9747106  -0.03216238   0.1130863 -0.1900426
0.974654  -0.03248321   0.1132752 -0.1901657
0.9745755  -0.0326222   0.1136582 -0.1903162
0.9745877  -0.03279132   0.1137629 -0.1901617
0.9745898  -0.03312552   0.1136707 -0.1901485
0.9746329  -0.03332969   0.1136762 -0.189888
0.974609  -0.03346768   0.1139904 -0.1897985
0.9745605  -0.03362964   0.114298 -0.1898334
0.9745799  -0.03390329   0.1142024 -0.1897428
0.9744416  -0.03401024   0.1148447 -0.1900463
0.9743977  -0.03409106   0.1152826 -0.1899915
0.9743919  -0.03423956   0.1155106 -0.1898565
0.9743852  -0.03432946   0.1157356 -0.1897375
0.9743599  -0.03450839   0.115643 -0.1898913
0.9743162  -0.03446263   0.1161412 -0.1898195
0.9742861  -0.0345922   0.1166587 -0.1896327
0.9741796  -0.03457792   0.1170886 -0.1899176
0.974131  -0.03474125   0.1172827 -0.1900179
0.9741399  -0.03484204   0.1173917 -0.1898856
0.9741015  -0.03476077   0.1175728 -0.1899856
0.9741461  -0.03476408   0.1173186 -0.1899132
0.9740323  -0.0346019   0.1178261 -0.1902126
0.9739431  -0.03461221   0.1184574 -0.1902752
0.9739861  -0.03479666   0.118575 -0.1899479
0.9739629  -0.03475345   0.1187722 -0.1899518
0.9739478  -0.03485375   0.118697 -0.1900578
0.9738221  -0.03481782   0.1192666 -0.1903514
0.9738676  -0.03477252   0.1192147 -0.1901596
0.9738007  -0.03486444   0.1193528 -0.1903985
0.9738073  -0.03482046   0.1194591 -0.1903061
0.9738034  -0.0346655   0.1198576 -0.1901033
0.973781  -0.03463178   0.1199487 -0.1901676
0.9737656  -0.034614   0.120145 -0.1901254
0.9737468  -0.03472366   0.1199391 -0.1903316
0.9737236  -0.03474785   0.1203181 -0.190206
0.9737797  -0.03488092   0.1202732 -0.1899232
0.9737213  -0.0350322   0.1204109 -0.1901073
0.9737017  -0.03503963   0.1205985 -0.1900875
0.9736049  -0.03503456   0.1209826 -0.1903404
0.9736161  -0.03515431   0.1210395 -0.1902248
0.9735126  -0.03531319   0.1213214 -0.1905446
0.9734952  -0.03532213   0.1215122 -0.1905107
0.9734433  -0.03542762   0.1220105 -0.1904378
0.9733782  -0.03555503   0.1221922 -0.1906298
0.9733815  -0.03559185   0.122361 -0.1904977
0.9733629  -0.03560346   0.1225512 -0.1904688
0.9733163  -0.03561323   0.1229353 -0.1904574
0.9732765  -0.03537102   0.1235408 -0.1903142
0.9731578  -0.03531134   0.1240661 -0.19059
0.9731874  -0.0352729   0.1240136 -0.1904801
0.9731361  -0.03516126   0.1245052 -0.1904426
0.9731477  -0.035259   0.1242793 -0.1905127
0.9730611  -0.03530044   0.1246612 -0.1906978
0.9729769  -0.03545938   0.1251893 -0.1907513
0.9730246  -0.03567349   0.12517 -0.1904811
0.9728777  -0.03585175   0.1255156 -0.1909697
0.9729275  -0.03591386   0.1255593 -0.1906759
0.9729116  -0.03593743   0.1258357 -0.1905697
