-0.5120117  -0.01435547   9.675586
-0.5263672  0.03349609   9.675586
-0.5024414  0.004785156   9.771289
-0.5263672  0.01914063   9.675586
-0.4880859  -0.01435547   9.79043
-0.5024414  0.03828125   9.80957
-0.5407227  0.004785156   9.66123
-0.5167969  0.06220703   9.704297
-0.4928711  0.0765625   9.699512
-0.5263672  0.01435547   9.766504
-0.5311524  -0.004785156   9.756933
-0.550293  0.01435547   9.761719
-0.4785156  0   9.728223
-0.4306641  0.0430664   9.752149
-0.5024414  -0.02392578   9.713867
-0.5455078  0.004785156   9.895703
-0.5263672  -0.009570313   9.80957
-0.5167969  0   9.80957
-0.521582  0   9.761719
-0.5263672  0.009570313   9.752149
-0.5167969  -0.02871094   9.838282
-0.5167969  0.02392578   9.771289
-0.5742188  0.02871094   9.785645
-0.5790039  0   9.81914
-0.5455078  0.02392578   9.761719
-0.5167969  0.02392578   9.766504
-0.5455078  0.01435547   9.704297
-0.5407227  0   9.733007
-0.5167969  0   9.843066
-0.5359375  -0.02871094   9.847852
-0.5455078  0.05263672   9.81914
-0.5455078  -0.03349609   9.8
-0.5263672  0.03828125   9.728223
-0.5455078  -0.004785156   9.833496
-0.550293  0.06699219   9.833496
-0.5694336  0.03828125   9.785645
-0.5311524  -0.01914063   9.814356
-0.5024414  -0.01435547   9.747363
-0.5120117  0.01914063   9.828711
-0.5263672  -0.02392578   9.694727
-0.5024414  0.02392578   9.862207
-0.5024414  0.009570313   9.713867
-0.521582  0.004785156   9.728223
-0.5646484  0.01435547   9.752149
-0.5742188  0.0430664   9.785645
-0.5263672  0.01914063   9.742579
-0.5072266  -0.03349609   9.713867
-0.5263672  0.01914063   9.804785
-0.550293  -0.02392578   9.761719
-0.5550781  -0.03349609   9.823926
-0.4928711  0.06220703   9.723437
-0.521582  0.04785156   9.728223
-0.5120117  0.01914063   9.776074
-0.5120117  0.02392578   9.685156
-0.5407227  0.01435547   9.776074
-0.5598633  -0.004785156   9.709082
-0.5072266  0.009570313   9.723437
-0.5167969  -0.01914063   9.752149
-0.6077148  -0.009570313   9.785645
-0.5072266  0.06220703   9.886133
-0.4737305  0.04785156   9.733007
-0.4976563  0.06699219   9.756933
-0.5263672  -0.01435547   9.752149
-0.5263672  -0.01435547   9.766504
-0.5742188  0.01914063   9.780859
-0.521582  0.03828125   9.876562
-0.5263672  -0.06220703   9.771289
-0.5263672  0.02392578   9.718653
-0.5550781  0.06699219   9.756933
-0.5263672  0.08613281   9.8
-0.4833008  0.03828125   9.795215
-0.4737305  0.01914063   9.766504
-0.550293  -0.01914063   9.81914
-0.521582  0.01914063   9.804785
-0.521582  0.02871094   9.65166
-0.5790039  -0.01435547   9.742579
-0.5311524  0.06699219   9.766504
-0.4976563  0.009570313   9.795215
-0.5359375  0.05263672   9.756933
-0.521582  0.08613281   9.728223
-0.5120117  0.02871094   9.828711
-0.5455078  -0.01435547   9.761719
-0.5120117  0.0765625   9.80957
-0.5694336  0.01435547   9.761719
-0.5455078  0.02392578   9.823926
-0.6029297  -0.02392578   9.756933
-0.521582  0.02392578   9.761719
-0.4928711  0.04785156   9.709082
-0.5167969  -0.004785156   9.80957
-0.521582  -0.004785156   9.79043
-0.5072266  0.02871094   9.847852
-0.5646484  0.06699219   9.713867
-0.5072266  -0.02392578   9.728223
-0.5359375  0.03828125   9.766504
-0.5263672  -0.02871094   9.81914
-0.5311524  0.0430664   9.81914
-0.5407227  0.0765625   9.833496
-0.5646484  0.05742187   9.814356
-0.5694336  0.04785156   9.699512
-0.5694336  -0.03349609   9.771289
-0.5359375  0.06699219   9.694727
-0.5694336  0   9.723437
-0.5167969  -0.01914063   9.79043
-0.5455078  0.05742187   9.823926
-0.4976563  0   9.666016
-0.5311524  0.02392578   9.742579
-0.4976563  -0.009570313   9.823926
-0.4976563  0.03349609   9.64209
-0.5550781  0.009570313   9.776074
-0.5072266  0.03828125   9.780859
-0.5455078  -0.004785156   9.728223
-0.5167969  0.02392578   9.733007
-0.5263672  0.05263672   9.804785
-0.5407227  0.08134766   9.866992
-0.5263672  0.02392578   9.752149
-0.5455078  -0.03828125   9.771289
-0.5072266  -0.06699219   9.756933
-0.5407227  -0.02392578   9.656446
-0.5455078  0.0430664   9.80957
-0.5024414  0.004785156   9.814356
-0.5120117  0.01914063   9.795215
-0.4976563  -0.01435547   9.761719
-0.5120117  0.03828125   9.80957
-0.5167969  -0.009570313   9.8
-0.5263672  0.03349609   9.80957
-0.4880859  -0.01914063   9.780859
-0.4976563  0.03828125   9.728223
-0.5981445  0.01914063   9.80957
-0.5120117  0.02392578   9.80957
-0.5120117  0.009570313   9.81914
-0.4976563  -0.02871094   9.79043
-0.5024414  -0.05263672   9.733007
-0.5263672  0.05742187   9.752149
-0.5598633  0.07177734   9.776074
-0.5359375  -0.009570313   9.843066
-0.521582  0.0430664   9.742579
-0.5263672  0.05263672   9.780859
-0.5837891  -0.009570313   9.761719
-0.4928711  -0.01914063   9.776074
-0.5981445  0.02871094   9.737793
-0.5359375  0.05742187   9.886133
-0.5885742  0.009570313   9.795215
-0.550293  0.03828125   9.795215
-0.5598633  0.03349609   9.704297
-0.5455078  0.004785156   9.833496
-0.5263672  0.03828125   9.785645
-0.5646484  0.03349609   9.728223
-0.6220703  0.01435547   9.733007
-0.4641601  0.01914063   9.79043
-0.5550781  0.02392578   9.780859
-0.550293  -0.02392578   9.866992
-0.5550781  0.01435547   9.862207
-0.550293  0.009570313   9.795215
-0.5837891  0.01914063   9.814356
-0.4976563  0.01435547   9.771289
-0.4737305  0.02392578   9.766504
-0.5359375  -0.004785156   9.804785
-0.5598633  0.02871094   9.666016
-0.521582  0.009570313   9.766504
-0.550293  0.08613281   9.780859
-0.5407227  0.0430664   9.699512
-0.550293  0.01914063   9.742579
-0.5311524  0.04785156   9.689941
-0.4737305  0.08134766   9.828711
-0.5694336  0.06220703   9.723437
-0.4450195  0.07177734   9.747363
-0.5120117  -0.004785156   9.81914
-0.5742188  0.03349609   9.694727
-0.5120117  0.009570313   9.627734
-0.5455078  0.03349609   9.752149
-0.5167969  0.03349609   9.81914
-0.5311524  0.05263672   9.747363
-0.5407227  -0.009570313   9.737793
-0.5167969  0.02871094   9.79043
-0.5024414  0.03349609   9.780859
-0.6077148  0.05742187   9.780859
-0.5694336  0.05742187   9.838282
-0.5167969  0.07177734   9.713867
-0.5455078  0.02392578   9.843066
-0.5694336  0.004785156   9.756933
-0.5167969  0.01435547   9.747363
-0.5550781  0.02871094   9.852636
-0.4928711  0.02871094   9.847852
-0.5694336  0.08134766   9.704297
-0.5263672  0.01914063   9.723437
-0.5981445  0.03828125   9.737793
-0.5455078  0.0430664   9.737793
-0.4976563  0.07177734   9.804785
-0.5359375  -0.01435547   9.804785
-0.5311524  0.01914063   9.742579
-0.5885742  0.06699219   9.728223
-0.5311524  0.02392578   9.723437
-0.6172851  0.004785156   9.766504
-0.5550781  0.02871094   9.795215
-0.5455078  0.02871094   9.843066
-0.5933594  0.05263672   9.742579
-0.5455078  -0.03828125   9.771289
-0.4928711  0.0430664   9.780859
-0.5024414  0.03349609   9.733007
-0.5837891  0.04785156   9.833496
-0.5167969  0.06220703   9.709082
-0.5742188  0.02871094   9.914844
-0.5837891  0.004785156   9.756933
-0.5072266  0.03349609   9.780859
-0.5646484  0.02392578   9.704297
-0.5598633  0.01435547   9.723437
-0.4880859  -0.009570313   9.742579
-0.5646484  0.01914063   9.876562
-0.5167969  0.05263672   9.814356
-0.6268555  0.02392578   9.723437
-0.5407227  0.05742187   9.828711
-0.4976563  0.01435547   9.728223
-0.5790039  0.0765625   9.919629
-0.5694336  0.004785156   9.828711
-0.5646484  -0.004785156   9.838282
-0.5311524  0.04785156   9.852636
-0.5837891  -0.004785156   9.823926
-0.4785156  0.009570313   9.866992
-0.5598633  0.01914063   9.756933
-0.5311524  0.04785156   9.847852
-0.5933594  0.03828125   9.828711
-0.6029297  0.02871094   9.785645
-0.5359375  0.01914063   9.670801
-0.5167969  0.04785156   9.890918
-0.6077148  0.0430664   9.838282
-0.521582  0.009570313   9.814356
-0.521582  0.009570313   9.823926
-0.5646484  0.01914063   9.733007
-0.5263672  0.04785156   9.823926
-0.5072266  0.009570313   9.795215
-0.5311524  0.01435547   9.761719
-0.6029297  0   9.814356
-0.5120117  0.0430664   9.833496
-0.5311524  0.02871094   9.685156
-0.4928711  0.03349609   9.776074
-0.5072266  0.05742187   9.795215
-0.5167969  0.0430664   9.814356
-0.5167969  -0.009570313   9.747363
-0.5981445  0.01435547   9.81914
-0.5550781  -0.01914063   9.828711
-0.5646484  0.02392578   9.862207
-0.5550781  0.04785156   9.680371
-0.5072266  0.02871094   9.752149
-0.4880859  0.06220703   9.833496
-0.4880859  -0.009570313   9.713867
-0.5455078  0.02871094   9.833496
-0.5359375  0.03349609   9.709082
-0.521582  0.03828125   9.890918
-0.5072266  -0.004785156   9.747363
-0.5598633  -0.009570313   9.8
-0.550293  0.05742187   9.804785
-0.5311524  0.02871094   9.79043
-0.5550781  0.08613281   9.737793
-0.5694336  0.02871094   9.761719
-0.5407227  0.06699219   9.814356
-0.521582  0.004785156   9.776074
-0.5072266  0.02392578   9.752149
-0.5694336  -0.01914063   9.766504
-0.5167969  0.01914063   9.80957
-0.5120117  -0.004785156   9.742579
-0.5598633  0.05742187   9.852636
-0.5646484  0.01435547   9.776074
-0.5407227  0.02871094   9.728223
-0.5885742  0.004785156   9.838282
-0.5167969  0.009570313   9.785645
-0.5646484  0.03349609   9.780859
-0.5167969  0.02871094   9.823926
-0.5455078  0.1196289   9.843066
-0.4928711  0.02871094   9.747363
-0.5072266  0.02871094   9.795215
-0.4833008  0.01914063   9.742579
-0.5694336  0.06220703   9.785645
-0.5359375  0.02871094   9.828711
-0.5694336  0.04785156   9.680371
-0.5646484  -0.03828125   9.747363
-0.550293  0.01435547   9.689941
-0.5311524  0.01435547   9.838282
-0.4928711  0.03828125   9.80957
-0.5359375  0.05742187   9.756933
-0.5167969  -0.01435547   9.838282
-0.5742188  0.04785156   9.838282
-0.5598633  0.04785156   9.80957
-0.5550781  -0.03349609   9.723437
-0.5359375  -0.0430664   9.866992
-0.5311524  0.08134766   9.866992
-0.5311524  -0.009570313   9.761719
-0.5790039  0   9.766504
-0.5407227  0.009570313   9.761719
-0.5790039  0.004785156   9.895703
-0.5120117  0.0430664   9.852636
-0.5981445  0.05263672   9.795215
-0.4880859  0.03828125   9.80957
-0.521582  0.02392578   9.776074
-0.4928711  0.0765625   9.713867
-0.5550781  0.02871094   9.709082
-0.5742188  -0.0430664   9.823926
-0.550293  0.05742187   9.833496
-0.5598633  -0.009570313   9.776074
-0.4833008  0.06220703   9.795215
-0.4833008  0.01914063   9.79043
-0.5167969  0.04785156   9.761719
-0.5311524  0.05263672   9.833496
-0.5646484  0.0430664   9.742579
-0.5263672  0.02871094   9.804785
-0.5167969  0.02392578   9.747363
-0.5455078  0.05742187   9.804785
-0.5550781  0.01914063   9.699512
-0.5646484  0.03828125   9.756933
-0.5455078  0.06220703   9.761719
-0.5072266  -0.03828125   9.733007
-0.5455078  0   9.776074
-0.5694336  0.01435547   9.718653
-0.4354492  -0.02392578   9.886133
-0.5167969  0.03349609   9.804785
-0.550293  0.08134766   9.833496
-0.5885742  0.02392578   9.795215
-0.4928711  0.03828125   9.79043
-0.4928711  -0.01435547   9.785645
-0.5885742  0.0430664   9.785645
-0.5263672  0.03349609   9.838282
-0.6172851  0   9.742579
-0.5550781  0   9.814356
-0.5455078  0.04785156   9.771289
-0.5981445  0.06220703   9.752149
-0.5024414  0.05742187   9.771289
-0.5694336  0.05742187   9.838282
-0.5167969  -0.0430664   9.776074
-0.5790039  0.06220703   9.756933
-0.5981445  0.03828125   9.833496
-0.5024414  -0.009570313   9.742579
-0.5933594  0.03828125   9.766504
-0.5311524  0.009570313   9.752149
-0.5550781  0.009570313   9.814356
-0.5167969  -0.01435547   9.785645
-0.5646484  0.02871094   9.747363
-0.5263672  0.009570313   9.776074
-0.5646484  0.03828125   9.833496
-0.5263672  0.05742187   9.742579
-0.5455078  0.009570313   9.814356
-0.5359375  0.04785156   9.80957
-0.5550781  0.07177734   9.756933
-0.521582  0.07177734   9.780859
-0.5646484  0.01914063   9.761719
-0.5885742  0.0430664   9.780859
-0.5837891  0.05742187   9.718653
-0.5790039  0.06220703   9.656446
-0.5167969  0.07177734   9.718653
-0.5598633  -0.0430664   9.79043
-0.5072266  -0.02871094   9.742579
-0.5790039  0.07177734   9.747363
-0.5455078  0.08134766   9.718653
-0.550293  0   9.723437
-0.5407227  -0.03828125   9.823926
-0.5837891  0.0430664   9.833496
-0.550293  -0.01914063   9.756933
-0.5550781  0.004785156   9.780859
-0.5550781  -0.009570313   9.733007
-0.521582  0.02871094   9.785645
-0.550293  0.03349609   9.761719
-0.5120117  0.02392578   9.843066
-0.5359375  0.01914063   9.881348
-0.5694336  0.04785156   9.890918
-0.5359375  0.03828125   9.81914
-0.5550781  0.03828125   9.833496
-0.5694336  0   9.8
-0.550293  0.01435547   9.785645
-0.521582  -0.01914063   9.833496
-0.5311524  0.009570313   9.761719
-0.4928711  0.06220703   9.828711
-0.5072266  0.05742187   9.756933
-0.5694336  0.01435547   9.80957
-0.5885742  0.06699219   9.828711
-0.5263672  0.01914063   9.742579
-0.5407227  0.09091797   9.752149
-0.5694336  0.05263672   9.795215
-0.5407227  0.03828125   9.737793
-0.4498047  -0.01914063   9.79043
-0.5837891  0.02871094   9.833496
-0.5550781  -0.0430664   9.823926
-0.5407227  -0.01435547   9.737793
-0.5455078  0.1052734   9.752149
-0.5933594  0   9.766504
-0.5455078  0.03349609   9.752149
-0.5407227  0.03349609   9.823926
-0.6172851  0   9.81914
-0.5455078  0.1052734   9.81914
-0.4976563  0.03349609   9.756933
-0.5120117  0.06220703   9.752149
-0.550293  0.03349609   9.79043
-0.4880859  0.0430664   9.823926
-0.5072266  0.03349609   9.718653
-0.5455078  0.01914063   9.828711
-0.5646484  0.02871094   9.862207
-0.5598633  0.03349609   9.862207
-0.5455078  0.05263672   9.766504
-0.5550781  0.03828125   9.847852
-0.4976563  0.01914063   9.780859
-0.5837891  0.01435547   9.747363
-0.5455078  0.1100586   9.823926
-0.5598633  0.03828125   9.80957
-0.5646484  0.03349609   9.79043
-0.5407227  0.01435547   9.795215
-0.5598633  0.02871094   9.766504
-0.5646484  0.05742187   9.795215
-0.521582  0.009570313   9.728223
-0.521582  0.03828125   9.761719
-0.5311524  0.03828125   9.756933
-0.5024414  0.01435547   9.814356
-0.5837891  0.01914063   9.742579
-0.5885742  0.01914063   9.756933
-0.5263672  0.03349609   9.871778
-0.5790039  0.06699219   9.795215
-0.5407227  0.06699219   9.670801
-0.5646484  0.05742187   9.742579
-0.5455078  0.07177734   9.838282
-0.5359375  -0.04785156   9.838282
-0.5455078  0.02871094   9.780859
-0.5311524  0.004785156   9.81914
-0.5455078  0.03349609   9.780859
-0.5359375  0.0430664   9.761719
-0.5311524  -0.004785156   9.81914
-0.4928711  0.03828125   9.733007
-0.4976563  0.01914063   9.833496
-0.5167969  0.04785156   9.804785
-0.550293  0.02392578   9.814356
-0.5455078  0.0430664   9.685156
-0.5694336  0.05263672   9.795215
-0.5167969  0.0430664   9.776074
-0.5885742  0.04785156   9.843066
-0.550293  -0.009570313   9.761719
-0.5790039  0.0765625   9.8
-0.5598633  0.05742187   9.866992
-0.550293  0.06220703   9.862207
-0.5455078  0.03828125   9.847852
-0.5167969  0.01435547   9.780859
-0.5407227  0.06699219   9.785645
-0.5359375  0.05263672   9.771289
-0.521582  -0.01435547   9.795215
-0.4689453  0.02392578   9.804785
-0.5407227  0.03349609   9.756933
-0.5167969  0.02871094   9.709082
-0.5550781  0.08134766   9.737793
-0.4976563  0.02392578   9.895703
-0.5407227  0.0430664   9.804785
-0.6029297  0.06220703   9.823926
-0.5742188  -0.004785156   9.752149
-0.5455078  0.05263672   9.890918
-0.5407227  0.03828125   9.780859
-0.5407227  0.09091797   9.728223
-0.4976563  0.02871094   9.785645
-0.5646484  0.03828125   9.685156
-0.5790039  0.06220703   9.852636
-0.5311524  0.05263672   9.814356
-0.5694336  -0.009570313   9.771289
-0.5598633  0.02392578   9.914844
-0.6029297  0.07177734   9.804785
-0.6220703  0.05263672   9.756933
-0.5837891  0.01435547   9.833496
-0.5455078  0.08613281   9.752149
-0.5072266  0.07177734   9.81914
-0.5455078  0.06699219   9.795215
-0.5885742  0.03828125   9.862207
-0.5407227  0.08613281   9.79043
-0.5742188  0.01914063   9.766504
-0.5790039  0.0430664   9.79043
-0.521582  0   9.704297
-0.5790039  0.02871094   9.785645
-0.5550781  0.0765625   9.675586
-0.6364258  0.06699219   9.728223
-0.5646484  0.01435547   9.761719
-0.5550781  0.0765625   9.713867
-0.5120117  -0.01435547   9.766504
-0.5455078  0.0765625   9.828711
-0.5455078  0.1244141   9.804785
-0.5550781  0.04785156   9.737793
-0.5550781  0.06220703   9.804785
-0.5359375  0.05742187   9.823926
-0.5837891  0.0430664   9.694727
-0.5550781  0.09570313   9.8
-0.4976563  0.01435547   9.776074
-0.5550781  0.05263672   9.81914
-0.5455078  0.0430664   9.776074
-0.5742188  0.05263672   9.780859
-0.5550781  0.009570313   9.814356
-0.5359375  0.01914063   9.733007
-0.5694336  -0.03828125   9.728223
-0.5694336  0.08134766   9.733007
-0.5550781  0.05263672   9.689941
-0.5407227  0.06699219   9.742579
-0.5455078  0.05263672   9.81914
-0.5598633  0.0430664   9.771289
-0.5359375  0.02392578   9.843066
-0.550293  0.05263672   9.733007
-0.5598633  0.06220703   9.79043
-0.5646484  0.01435547   9.833496
-0.5790039  0.0765625   9.780859
-0.5407227  0.06699219   9.776074
-0.6029297  0.01914063   9.776074
-0.6077148  0.08134766   9.814356
-0.5407227  0.01914063   9.761719
-0.5455078  0.04785156   9.852636
-0.5359375  0.0430664   9.718653
-0.5120117  0.05742187   9.752149
-0.5455078  0.0430664   9.771289
-0.5837891  0.05742187   9.785645
-0.6220703  0   9.8
-0.5885742  0.05263672   9.81914
-0.5790039  0.02871094   9.804785
-0.5742188  0.07177734   9.699512
-0.5694336  0.04785156   9.747363
-0.5455078  0.04785156   9.79043
-0.5263672  0.08134766   9.900488
-0.5694336  0.03828125   9.776074
-0.5933594  0.06220703   9.785645
-0.6220703  0.03828125   9.756933
-0.5646484  0.1052734   9.857422
-0.5167969  0.04785156   9.79043
-0.5742188  0.06699219   9.838282
-0.4976563  0.0765625   9.838282
-0.5694336  0.07177734   9.737793
-0.5024414  -0.02392578   9.814356
-0.5311524  0.07177734   9.81914
-0.5598633  0   9.833496
-0.5359375  0.05742187   9.785645
-0.5407227  0.05263672   9.747363
-0.5263672  0.03349609   9.838282
-0.5694336  0.03349609   9.761719
-0.5646484  0.0765625   9.752149
-0.5981445  0.06220703   9.80957
-0.550293  0.004785156   9.742579
-0.5694336  0.0765625   9.771289
-0.550293  0.05263672   9.737793
-0.4928711  0.009570313   9.8
-0.550293  0.09091797   9.761719
-0.6172851  0.09091797   9.685156
-0.521582  0.05742187   9.761719
-0.6077148  0.07177734   9.737793
-0.5455078  0.05263672   9.79043
-0.5550781  0.01914063   9.761719
-0.5933594  0.02392578   9.776074
-0.5167969  0.02392578   9.766504
-0.5263672  0.02392578   9.79043
-0.5694336  0.07177734   9.838282
-0.6220703  0   9.804785
-0.5598633  0.004785156   9.771289
-0.4737305  0.08613281   9.771289
-0.5311524  0.05742187   9.814356
-0.5550781  0.09570313   9.852636
-0.550293  0.03349609   9.785645
-0.5455078  0.06699219   9.838282
