-1.219512  0.1829268   0.4268293
-1.280488  0   0.4878049
-1.463415  0.1219512   0.4878049
-1.097561  0.06097561   0.4268293
-1.158537  0.06097561   0.5487805
-1.158537  0.1829268   0.4878049
-1.158537  0.1219512   0.5487805
-1.158537  -0.1219512   0.4268293
-1.219512  0.1219512   0.6097561
-1.463415  0.06097561   0.4878049
-1.280488  0.1219512   0.4878049
-1.158537  0.1829268   0.5487805
-1.219512  0.1219512   0.3048781
-1.158537  0.1219512   0.5487805
-1.280488  0.1829268   0.5487805
-1.097561  0.06097561   0.6707317
-1.463415  0.06097561   0.4268293
-1.280488  0.1219512   0.4268293
-1.341463  0.1219512   0.4268293
-1.280488  -0.2439024   0.4878049
-1.097561  0   0.4268293
-1.341463  0.1219512   0.6097561
-1.219512  0.1219512   0.4268293
-1.280488  0.1219512   0.4878049
-1.219512  -0.06097561   0.4878049
-0.9756098  0.06097561   0.3658537
-1.219512  0.1219512   0.5487805
-1.280488  0.1219512   0.6097561
-1.097561  0.1829268   0.4878049
-1.280488  0.1829268   0.3658537
-1.219512  0.06097561   0.3048781
-1.402439  0.06097561   0.4878049
-1.402439  0.1219512   0.6097561
-1.219512  -0.06097561   0.3658537
-1.341463  0.3048781   0.7317073
-1.341463  0.1219512   0.4878049
-1.341463  -0.06097561   0.4878049
-1.219512  0.1219512   0.4878049
-1.341463  0.06097561   0.4878049
-1.402439  0   0.4878049
-1.219512  0.1829268   0.4268293
-1.402439  0.1829268   0.5487805
-1.341463  0.1219512   0.4878049
-1.158537  0.1829268   0.4268293
-1.097561  0.1219512   0.3658537
-1.158537  0.06097561   0.4268293
-1.097561  -0.1829268   0.4878049
-1.219512  0   0.4268293
-1.219512  0.06097561   0.4878049
-1.341463  0   0.5487805
-1.280488  0   0.6097561
-1.280488  0.06097561   0.5487805
-1.280488  0.2439024   0.2439024
-1.097561  0.1219512   0.5487805
-1.402439  -0.1219512   0.6097561
-1.219512  0.06097561   0.3658537
-1.280488  0.06097561   0.6097561
-1.280488  0.06097561   0.5487805
-1.097561  0.2439024   0.5487805
-1.097561  0.1829268   0.3658537
-1.158537  0.1829268   0.3658537
-1.341463  0.2439024   0.4268293
-1.280488  0   0.4878049
-1.341463  0.1829268   0.5487805
-1.158537  0.1829268   0.4878049
-1.341463  0.1219512   0.3658537
-1.402439  0   0.4268293
-1.158537  0.06097561   0.4268293
-1.341463  -0.1219512   0.5487805
-1.280488  0.06097561   0.4268293
-1.280488  0.06097561   0.4878049
-1.341463  0.1829268   0.4878049
-1.036585  0.06097561   0.4878049
-1.219512  0.1219512   0.5487805
-1.219512  0.06097561   0.5487805
-1.097561  -0.06097561   0.5487805
-1.097561  0.2439024   0.4878049
-1.341463  0   0.6707317
-1.280488  0.1829268   0.4268293
-1.219512  0.06097561   0.4268293
-1.280488  -0.06097561   0.4878049
-1.158537  0.1219512   0.5487805
-1.219512  0.1829268   0.4878049
-1.219512  0.1829268   0.4878049
-1.341463  0.06097561   0.4878049
-1.280488  0.1219512   0.4878049
-1.280488  0.1829268   0.5487805
-1.158537  0.06097561   0.5487805
-1.219512  0   0.6097561
-1.097561  0.1829268   0.4878049
-1.280488  0.06097561   0.4878049
-1.463415  -0.1219512   0.3658537
-1.280488  0.06097561   0.4268293
-1.219512  0.1829268   0.5487805
-1.036585  0.06097561   0.4878049
-1.280488  0   0.5487805
-1.341463  0   0.5487805
-1.280488  0   0.3658537
-1.402439  0.1829268   0.6097561
-1.280488  0.1829268   0.5487805
-1.402439  0.1829268   0.5487805
-1.280488  0.3048781   0.4878049
-1.341463  0.1829268   0.4878049
-1.036585  0.06097561   0.4878049
-1.280488  -0.1219512   0.5487805
-1.280488  0.06097561   0.4268293
-1.280488  0.06097561   0.6097561
-1.219512  0.06097561   0.4878049
-1.341463  0   0.4268293
-1.402439  -0.06097561   0.6097561
-1.341463  -0.1219512   0.4268293
-1.280488  0.06097561   0.6707317
-1.402439  0.1219512   0.4268293
-1.158537  -0.06097561   0.6097561
-1.341463  0.1219512   0.4268293
-1.280488  0   0.6097561
-1.341463  -0.06097561   0.4268293
-1.280488  0.1219512   0.4878049
-1.280488  -0.06097561   0.5487805
-1.280488  0.06097561   0.4268293
-1.341463  0   0.5487805
-1.402439  -0.06097561   0.6097561
-1.219512  0   0.5487805
-1.280488  0   0.4268293
-1.341463  0.06097561   0.4878049
-1.097561  0.1829268   0.5487805
-1.463415  0.1219512   0.6097561
-1.402439  0.1219512   0.4878049
-1.402439  0.06097561   0.5487805
-1.402439  -0.06097561   0.5487805
-1.097561  0   0.3658537
-1.341463  -0.06097561   0.4878049
-1.036585  0.2439024   0.4268293
-1.341463  0.1219512   0.5487805
-1.341463  0.1829268   0.6097561
-1.341463  0   0.4268293
-1.341463  0.1829268   0.4268293
-1.219512  0.1219512   0.5487805
-1.280488  0.1219512   0.5487805
-1.036585  -0.06097561   0.4268293
-1.219512  0   0.6097561
-1.158537  0.06097561   0.4268293
-1.158537  0.06097561   0.3658537
-1.280488  0.1829268   0.4878049
-1.036585  0.1829268   0.4878049
-1.158537  0.2439024   0.4878049
-1.280488  0.3658537   0.3658537
-1.219512  0.1829268   0.6097561
-1.158537  0.1829268   0.4878049
-1.158537  0.1219512   0.4878049
-0.7926829  0.3658537   0.6097561
-0.7317073  0.3658537   0.4268293
-0.9146342  0.2439024   0.6097561
-1.097561  0.3048781   0.5487805
-0.9756098  0.2439024   0.4268293
-1.219512  0.1219512   0.4878049
-1.097561  0.06097561   0.5487805
-1.341463  0.2439024   0.4878049
-1.219512  0.2439024   0.6097561
-1.158537  0.06097561   0.4878049
-1.341463  -0.1219512   0.4878049
-1.341463  0.1829268   0.4268293
-1.219512  0.1219512   0.4268293
-1.219512  0.1219512   0.6097561
-1.219512  0   0.4268293
-1.280488  0   0.4268293
-1.280488  0.1829268   0.3048781
-1.158537  0.1829268   0.4878049
-1.402439  0.1829268   0.3658537
-1.341463  0.1829268   0.3658537
-1.158537  -0.06097561   0.3658537
-1.280488  0.06097561   0.4878049
-1.402439  -0.06097561   0.4878049
-1.402439  0.1829268   0.5487805
-1.097561  0.1829268   0.4268293
-1.402439  0.1219512   0.6707317
-1.402439  0.06097561   0.5487805
-1.341463  -0.06097561   0.3048781
-1.402439  0.1829268   0.4878049
-0.9756098  -0.06097561   0.3658537
-1.463415  0.06097561   0.3658537
-1.280488  0.1219512   0.4878049
-1.158537  0.1219512   0.4878049
-1.280488  0.1829268   0.5487805
-1.341463  -0.06097561   0.5487805
-1.341463  0   0.6097561
-1.097561  0.1829268   0.3048781
-1.341463  0.1829268   0.4878049
-1.341463  0.1219512   0.3658537
-1.219512  0.06097561   0.4878049
-1.402439  0.1219512   0.4878049
-1.280488  0.2439024   0.5487805
-1.280488  0.1829268   0.5487805
-1.402439  0.2439024   0.4268293
-1.158537  -0.06097561   0.3048781
-1.219512  0   0.5487805
-1.280488  0   0.5487805
-1.52439  -0.06097561   0.3048781
-1.158537  0.1829268   0.5487805
-1.036585  0.1219512   0.3048781
-1.280488  0.06097561   0.4878049
-0.0237807  0.03140244   0.05792642
-0.0237807  0.03140244   0.118902
0.03719485  -0.02957317   0.118902
0.03719485  0.09237805   0.118902
-0.1457319  0.03140244   -0.06402481
0.03719485  -0.02957317   -0.003049195
0.09817052  -0.09054878   0.05792642
-0.0237807  -0.02957317   -0.003049195
-0.0237807  -0.1515244   -0.06402481
0.03719485  0.2143293   0.05792642
-0.0237807  0.09237805   -0.06402481
-0.0237807  0.03140244   -0.003049195
-0.1457319  -0.1515244   -0.1250004
0.09817052  -0.09054878   0.118902
0.03719485  -0.02957317   0.118902
-0.2067076  -0.02957317   0.118902
0.03719485  0.09237805   -0.003049195
0.03719485  -0.02957317   -0.06402481
-0.0237807  0.09237805   0.05792642
-0.2067076  -0.2125   -0.1250004
-0.08475637  -0.09054878   -0.003049195
0.1591461  0.1533537   0.05792642
0.2201217  0.1533537   0.118902
-0.0237807  0.1533537   -0.06402481
-0.2067076  -0.2125   -0.06402481
0.1591461  -0.09054878   0.05792642
0.03719485  0.1533537   -0.06402481
-0.0237807  -0.02957317   0.05792642
-0.1457319  -0.1515244   -0.003049195
-0.0237807  0.09237805   -0.06402481
0.1591461  0.03140244   -0.06402481
-0.08475637  0.03140244   0.05792642
-0.1457319  0.03140244   0.05792642
0.03719485  -0.1515244   -0.06402481
0.03719485  -0.1515244   0.05792642
0.1591461  -0.09054878   -0.06402481
-0.1457319  0.03140244   -0.003049195
-0.08475637  -0.02957317   -0.003049195
0.09817052  -0.02957317   -0.003049195
-0.08475637  -0.02957317   -0.06402481
-0.08475637  -0.09054878   -0.003049195
0.03719485  -0.2125   -0.003049195
0.03719485  -0.1515244   0.05792642
-0.2067076  -0.2125   -0.06402481
-0.1457319  -0.1515244   -0.003049195
-0.0237807  -0.1515244   0.118902
0.1591461  -0.09054878   -0.06402481
0.09817052  0.09237805   -0.003049195
-0.08475637  0.03140244   -0.185976
-0.08475637  -0.09054878   0.118902
-0.2067076  0.03140244   -0.1250004
0.03719485  0.03140244   -0.06402481
-0.1457319  -0.02957317   -0.003049195
-0.08475637  -0.09054878   -0.06402481
0.03719485  0.09237805   -0.06402481
0.09817052  0.03140244   -0.003049195
-0.1457319  -0.2125   -0.003049195
0.03719485  -0.09054878   -0.06402481
0.03719485  0.09237805   -0.06402481
-0.0237807  -0.09054878   -0.1250004
-0.1457319  0.03140244   0.05792642
-0.0237807  -0.02957317   -0.003049195
-0.1457319  0.03140244   -0.06402481
0.03719485  0.2143293   -0.003049195
-0.2676831  -0.2125   -0.003049195
-0.1457319  -0.09054878   -0.003049195
0.09817052  -0.02957317   0.05792642
0.03719485  0.09237805   -0.06402481
-0.08475637  -0.1515244   -0.003049195
-0.0237807  0.03140244   -0.06402481
0.09817052  0.1533537   -0.06402481
0.1591461  -0.09054878   -0.003049195
-0.2067076  -0.1515244   -0.003049195
0.03719485  -0.09054878   -0.06402481
0.09817052  -0.09054878   0.118902
0.03719485  0.09237805   0.05792642
-0.0237807  -0.02957317   0.05792642
0.03719485  -0.2125   0.05792642
-0.08475637  -0.02957317   -0.003049195
-0.0237807  0.09237805   0.1798776
-0.1457319  0.09237805   -0.06402481
-0.08475637  -0.09054878   -0.1250004
0.09817052  0.03140244   -0.003049195
0.03719485  -0.09054878   -0.06402481
-0.2067076  -0.09054878   -0.1250004
-0.2676831  -0.1515244   -0.06402481
0.03719485  -0.02957317   -0.06402481
-0.08475637  -0.2125   -0.06402481
-0.08475637  -0.09054878   0.05792642
-0.1457319  -0.1515244   0.05792642
-0.08475637  0.03140244   0.118902
0.09817052  0.1533537   -0.003049195
-0.0237807  -0.1515244   -0.06402481
-0.2676831  -0.2125   -0.06402481
-0.08475637  0.1533537   0.05792642
0.2810973  -0.09054878   -0.06402481
-0.1457319  -0.09054878   -0.003049195
-0.2676831  -0.2125   -0.003049195
-0.0237807  0.09237805   0.05792642
-0.2067076  -0.02957317   0.05792642
-0.08475637  -0.09054878   -0.003049195
-0.08475637  0.03140244   -0.003049195
-0.0237807  -0.1515244   -0.06402481
-0.0237807  -0.02957317   0.05792642
-0.0237807  -0.09054878   -0.003049195
-0.08475637  -0.1515244   -0.185976
-0.0237807  -0.1515244   -0.2469516
0.2201217  0.03140244   -0.003049195
-0.08475637  -0.02957317   -0.003049195
-0.2676831  -0.1515244   -0.003049195
-0.08475637  -0.02957317   0.1798776
0.2810973  0.09237805   -0.003049195
-0.2676831  0.03140244   -0.06402481
-0.1457319  -0.2125   -0.06402481
0.03719485  -0.02957317   -0.06402481
-0.0237807  -0.02957317   -0.06402481
0.09817052  -0.02957317   -0.003049195
-0.1457319  -0.09054878   -0.185976
-0.08475637  -0.09054878   -0.06402481
0.03719485  0.2143293   -0.003049195
0.03719485  0.09237805   0.05792642
-0.2676831  -0.2125   -0.003049195
0.03719485  -0.09054878   0.05792642
0.09817052  0.2753049   -0.003049195
0.03719485  -0.1515244   -0.06402481
-0.08475637  -0.09054878   -0.1250004
-0.0237807  -0.02957317   -0.06402481
0.2201217  -0.02957317   -0.06402481
0.03719485  0.03140244   0.05792642
-0.1457319  -0.2125   -0.003049195
-0.08475637  0.1533537   0.05792642
0.2201217  0.09237805   -0.003049195
0.1591461  0.09237805   -0.003049195
-0.0237807  -0.1515244   0.05792642
-0.1457319  -0.09054878   -0.003049195
0.2201217  -0.02957317   -0.003049195
-0.0237807  -0.09054878   0.05792642
-0.0237807  -0.2125   -0.06402481
-0.1457319  0.09237805   -0.1250004
0.2201217  0.03140244   -0.003049195
0.1591461  -0.02957317   0.05792642
-0.08475637  0.03140244   0.05792642
-0.2676831  -0.1515244   -0.003049195
0.03719485  -0.02957317   -0.2469516
-0.08475637  -0.1515244   0.05792642
0.03719485  -0.09054878   -0.06402481
-0.1457319  0.03140244   0.05792642
0.09817052  -0.09054878   -0.06402481
0.09817052  -0.02957317   0.118902
-0.0237807  -0.02957317   0.05792642
0.03719485  -0.02957317   0.05792642
0.03719485  0.1533537   -0.06402481
0.1591461  0.03140244   -0.003049195
-0.08475637  -0.09054878   -0.003049195
-0.2676831  0.09237805   -0.003049195
0.03719485  0.1533537   -0.003049195
0.03719485  -0.09054878   -0.06402481
-0.3286588  -0.09054878   0.118902
-0.1457319  -0.09054878   0.05792642
0.09817052  -0.02957317   -0.003049195
0.1591461  0.03140244   0.1798776
-0.2676831  -0.2125   -0.003049195
-0.2067076  -0.2125   -0.185976
-0.0237807  0.03140244   -0.06402481
-0.0237807  0.09237805   0.118902
-0.1457319  -0.1515244   -0.003049195
-0.1457319  -0.02957317   -0.1250004
-0.08475637  0.03140244   0.05792642
0.03719485  -0.09054878   -0.003049195
-0.1457319  0.03140244   0.05792642
-0.2676831  0.03140244   -0.003049195
-0.0237807  0.03140244   -0.1250004
0.03719485  -0.02957317   -0.185976
-0.1457319  -0.02957317   -0.003049195
-0.1457319  -0.2125   -0.003049195
-0.0237807  -0.02957317   -0.003049195
0.1591461  0.03140244   0.05792642
-0.2676831  -0.09054878   -0.003049195
-0.0237807  -0.02957317   -0.06402481
-0.08475637  -0.02957317   -0.06402481
0.09817052  0.03140244   -0.003049195
0.03719485  0.03140244   -0.06402481
-0.2676831  -0.2125   -0.003049195
-0.1457319  0.03140244   -0.003049195
-0.0237807  0.03140244   -0.1250004
-0.08475637  -0.1515244   -0.003049195
-0.2067076  -0.02957317   -0.06402481
-0.0237807  -0.02957317   -0.06402481
0.09817052  0.03140244   -0.003049195
-0.3286588  -0.09054878   0.118902
-0.2676831  -0.02957317   0.05792642
-0.08475637  0.03140244   -0.06402481
0.09817052  -0.02957317   -0.003049195
0.09817052  0.03140244   0.118902
-0.08475637  -0.09054878   0.05792642
-0.2067076  -0.02957317   -0.003049195
0.03719485  0.09237805   -0.003049195
-0.08475637  0.09237805   -0.1250004
-0.2067076  -0.3344512   0.05792642
-0.08475637  0.1533537   0.05792642
0.03719485  0.09237805   -0.06402481
-0.1457319  0.09237805   -0.003049195
-0.3286588  -0.09054878   -0.003049195
-0.0237807  -0.02957317   -0.1250004
0.1591461  0.03140244   -0.003049195
0.09817052  -0.02957317   0.05792642
-0.1457319  -0.1515244   0.05792642
-0.08475637  -0.2125   -0.06402481
-0.08475637  0.03140244   -0.06402481
-0.08475637  0.09237805   0.05792642
-0.1457319  -0.02957317   -0.1250004
-0.1457319  0.03140244   -0.003049195
-0.3896344  0.09237805   0.05792642
-0.08475637  -0.1515244   0.05792642
-0.08475637  -0.02957317   0.05792642
-0.3896344  -0.09054878   -0.06402481
-0.2676831  -0.09054878   -0.185976
0.09817052  0.09237805   -0.003049195
-0.08475637  0.03140244   0.1798776
-0.2067076  -0.1515244   -0.003049195
-0.2067076  -0.2734756   -0.06402481
-0.0237807  0.03140244   -0.185976
0.03719485  -0.09054878   -0.003049195
-0.0237807  -0.02957317   -0.06402481
-0.0237807  0.03140244   -0.003049195
-0.0237807  -0.09054878   0.05792642
-0.0237807  -0.02957317   -0.1250004
-0.08475637  0.03140244   0.118902
-0.0237807  0.1533537   -0.003049195
-0.0237807  0.03140244   -0.06402481
-0.0237807  -0.1515244   0.05792642
0.2810973  -0.09054878   -0.003049195
0.03719485  0.09237805   -0.003049195
0.09817052  0.03140244   -0.06402481
0.1591461  -0.02957317   0.118902
0.2810973  0.09237805   -0.003049195
0.2810973  0.2143293   0.118902
0.2810973  0.1533537   -0.003049195
0.2810973  0.03140244   0.118902
0.2201217  0.03140244   -0.003049195
0.4640241  0.2753049   0.118902
0.2810973  0.3362805   0.05792642
0.5859753  0.3362805   0.118902
1.012805  0.6411586   -0.003049195
1.195731  0.6411586   0.118902
1.317683  0.7021341   0.118902
1.195731  0.7021341   -0.06402481
1.134756  0.5192074   -0.06402481
0.8298778  0.5192074   0.05792642
0.4030485  0.1533537   -0.185976
-0.08475637  -0.09054878   -0.06402481
-0.2067076  -0.2125   -0.1250004
-0.08475637  -0.09054878   -0.1250004
-0.0237807  0.2143293   -0.06402481
0.03719485  0.03140244   -0.06402481
-0.2067076  0.09237805   -0.06402481
-0.08475637  -0.09054878   0.118902
-0.1457319  0.1533537   -0.1250004
-0.0237807  -0.09054878   0.2408533
0.1591461  -0.1515244   -0.06402481
0.03719485  0.03140244   -0.003049195
-0.08475637  0.03140244   -0.1250004
0.09817052  0.03140244   0.05792642
0.03719485  -0.09054878   -0.1250004
-0.0237807  -0.1515244   -0.06402481
0.09817052  0.03140244   0.118902
0.03719485  -0.02957317   -0.06402481
0.1591461  -0.09054878   -0.003049195
0.03719485  -0.1515244   0.05792642
-0.1457319  -0.2125   -0.003049195
0.03719485  -0.02957317   -0.003049195
-0.0237807  -0.02957317   -0.003049195
-0.08475637  -0.09054878   0.118902
-0.2067076  0.09237805   -0.003049195
-0.08475637  -0.02957317   -0.003049195
0.09817052  0.03140244   -0.06402481
0.1591461  0.09237805   -0.06402481
-0.2067076  -0.2125   0.118902
-0.0237807  0.1533537   0.118902
-0.0237807  -0.1515244   -0.003049195
-0.2067076  0.1533537   -0.06402481
-0.3896344  -0.02957317   -0.06402481
-0.1457319  -0.09054878   -0.06402481
-0.0237807  -0.02957317   -0.003049195
0.03719485  -0.09054878   0.05792642
-0.1457319  -0.2125   -0.003049195
-0.08475637  -0.09054878   0.1798776
-0.0237807  -0.09054878   -0.003049195
0.2201217  -0.09054878   -0.003049195
-0.1457319  0.03140244   -0.003049195
0.03719485  -0.1515244   -0.003049195
-0.0237807  0.1533537   0.05792642
-0.2067076  0.2753049   -0.003049195
-0.0237807  -0.2125   -0.185976
-0.0237807  -0.1515244   -0.185976
-0.0237807  0.1533537   -0.003049195
-0.0237807  0.1533537   -0.06402481
-0.1457319  -0.2125   -0.1250004
-0.0237807  -0.1515244   0.05792642
0.09817052  0.03140244   -0.06402481
-0.2676831  0.03140244   -0.003049195
-0.2067076  -0.1515244   0.05792642
-0.2676831  0.1533537   -0.06402481
0.03719485  0.2143293   -0.06402481
-0.08475637  0.09237805   0.118902
-0.1457319  -0.1515244   -0.003049195
-0.1457319  -0.02957317   -0.06402481
-0.0237807  0.2143293   -0.1250004
0.09817052  -0.09054878   0.118902
-0.1457319  -0.1515244   -0.003049195
-0.3286588  -0.09054878   0.05792642
-0.0237807  0.03140244   -0.06402481
0.09817052  0.03140244   -0.185976
0.09817052  -0.1515244   -0.06402481
-0.08475637  -0.1515244   -0.185976
-0.0237807  -0.09054878   -0.003049195
-0.0237807  -0.09054878   -0.06402481
-0.2067076  -0.02957317   0.05792642
-0.08475637  -0.02957317   -0.06402481
-0.2067076  -0.02957317   -0.185976
0.1591461  -0.1515244   -0.003049195
-0.0237807  -0.02957317   0.118902
-0.2676831  -0.02957317   -0.1250004
-0.0237807  -0.2125   -0.06402481
0.09817052  0.03140244   -0.003049195
0.03719485  -0.02957317   -0.003049195
-0.1457319  -0.09054878   -0.1250004
-0.0237807  -0.02957317   -0.003049195
0.3420729  -0.1515244   -0.06402481
0.03719485  -0.02957317   -0.06402481
-0.1457319  -0.09054878   0.05792642
-0.08475637  -0.09054878   -0.06402481
0.09817052  -0.1515244   -0.1250004
-0.08475637  0.1533537   -0.003049195
-0.1457319  -0.02957317   0.05792642
-0.08475637  -0.2125   0.05792642
-0.0237807  0.03140244   0.118902
-0.1457319  0.09237805   0.05792642
-0.1457319  -0.09054878   0.05792642
-0.2067076  -0.02957317   0.2408533
0.1591461  -0.09054878   0.05792642
0.03719485  -0.02957317   0.118902
-0.2067076  0.03140244   -0.185976
-0.1457319  -0.1515244   0.118902
0.3420729  -0.02957317   0.05792642
0.2201217  0.03140244   -0.003049195
-0.2676831  -0.02957317   -0.06402481
-0.0237807  -0.09054878   -0.1250004
0.09817052  -0.1515244   0.05792642
