0  0   0 0
0  0   0 0
0  0   0 0
0  0   0 0
0  0   0 0
0  0   0 0
0  0   0 0
0  0   0 0
0  0   0 0
0  0   0 0
0  0   0 0
0  0   0 0
0  0   0 0
0  0   0 0
0  0   0 0
0  0   0 0
0  0   0 0
0  0   0 0
0  0   0 0
0  0   0 0
0  0   0 0
0  0   0 0
0  0   0 0
0  0   0 0
0  0   0 0
0  0   0 0
0  0   0 0
0  0   0 0
0  0   0 0
0  0   0 0
0  0   0 0
0  0   0 0
0  0   0 0
0  0   0 0
0  0   0 0
0  0   0 0
0  0   0 0
0  0   0 0
0  0   0 0
0  0   0 0
0  0   0 0
0  0   0 0
0  0   0 0
0  0   0 0
0  0   0 0
0  0   0 0
0  0   0 0
0  0   0 0
0  0   0 0
0  0   0 0
0  0   0 0
0  0   0 0
0  0   0 0
0  0   0 0
0  0   0 0
0  0   0 0
0  0   0 0
0  0   0 0
0  0   0 0
0  0   0 0
0  0   0 0
0  0   0 0
0  0   0 0
0  0   0 0
0  0   0 0
0  0   0 0
0  0   0 0
0  0   0 0
0  0   0 0
0  0   0 0
0  0   0 0
0  0   0 0
0  0   0 0
0  0   0 0
0  0   0 0
0  0   0 0
0  0   0 0
0  0   0 0
0  0   0 0
0  0   0 0
0  0   0 0
0  0   0 0
0  0   0 0
0  0   0 0
0  0   0 0
0  0   0 0
0  0   0 0
0  0   0 0
0  0   0 0
0  0   0 0
0  0   0 0
0  0   0 0
0  0   0 0
0  0   0 0
0  0   0 0
0  0   0 0
0  0   0 0
0  0   0 0
0  0   0 0
0  0   0 0
0  0   0 0
0  0   0 0
0  0   0 0
0  0   0 0
0  0   0 0
0  0   0 0
0  0   0 0
0  0   0 0
0  0   0 0
0  0   0 0
0  0   0 0
0  0   0 0
0  0   0 0
0  0   0 0
0  0   0 0
0  0   0 0
0  0   0 0
0  0   0 0
0  0   0 0
0  0   0 0
0  0   0 0
0  0   0 0
0  0   0 0
0  0   0 0
0  0   0 0
0  0   0 0
0  0   0 0
0  0   0 0
0  0   0 0
0  0   0 0
0  0   0 0
0  0   0 0
0  0   0 0
0  0   0 0
0  0   0 0
0  0   0 0
0  0   0 0
0  0   0 0
0  0   0 0
0  0   0 0
0  0   0 0
0  0   0 0
0  0   0 0
0  0   0 0
0  0   0 0
0  0   0 0
0  0   0 0
0  0   0 0
0  0   0 0
0  0   0 0
0  0   0 0
0  0   0 0
0  0   0 0
0  0   0 0
0  0   0 0
0  0   0 0
0  0   0 0
0  0   0 0
0  0   0 0
0  0   0 0
0  0   0 0
0  0   0 0
0  0   0 0
0  0   0 0
0  0   0 0
0  0   0 0
0  0   0 0
0  0   0 0
0  0   0 0
0  0   0 0
0  0   0 0
0  0   0 0
0  0   0 0
0  0   0 0
0  0   0 0
0  0   0 0
0  0   0 0
0  0   0 0
0  0   0 0
0  0   0 0
0  0   0 0
0  0   0 0
0  0   0 0
0  0   0 0
0  0   0 0
0  0   0 0
0  0   0 0
0  0   0 0
0  0   0 0
0  0   0 0
0  0   0 0
0  0   0 0
0  0   0 0
0  0   0 0
0  0   0 0
0  0   0 0
0  0   0 0
0  0   0 0
0  0   0 0
0  0   0 0
0  0   0 0
0.7059534  0.7076409   -0.01682028 -0.01700984
0.7045713  0.7078316   -0.03336833 -0.03373939
0.7027866  0.7076925   -0.04952346 -0.0500778
0.7006843  0.7071757   -0.06537007 -0.06609641
0.6982951  0.7063116   -0.08083064 -0.08168457
0.6956899  0.7051042   -0.09579311 -0.0967759
0.6927826  0.7036634   -0.1103582 -0.1114856
0.6896163  0.702035   -0.1244152 -0.1256784
0.6862901  0.7001182   -0.1381278 -0.1394957
0.6827787  0.6980693   -0.1512521 -0.1527521
0.679233  0.6957881   -0.1638621 -0.1654345
0.6754621  0.6934525   -0.1760297 -0.1777242
0.6717485  0.6908761   -0.1877408 -0.189461
0.668005  0.6881856   -0.1989467 -0.2007191
0.6641588  0.6855206   -0.2096025 -0.2114695
0.6603772  0.6826809   -0.2199077 -0.2217819
0.656618  0.6798863   -0.229593 -0.2315001
0.6528164  0.6770585   -0.2389435 -0.2408869
0.64903  0.6742774   -0.247796 -0.24981
0.6452775  0.671463   -0.2563244 -0.2583601
0.6415902  0.668641   -0.2644656 -0.2665281
0.638015  0.6658658   -0.2721308 -0.2742306
0.6344922  0.6631922   -0.2793464 -0.2815302
0.6309945  0.6604984   -0.2863644 -0.2885845
0.6277233  0.6578511   -0.292923 -0.295109
0.6245279  0.6552708   -0.2991364 -0.3013311
0.6213636  0.6527319   -0.3051237 -0.3073202
0.6182989  0.6503295   -0.3107046 -0.3129516
0.6154163  0.6479434   -0.3160094 -0.3182266
0.6125842  0.6456203   -0.3210878 -0.3232889
0.6098056  0.6433072   -0.3260114 -0.3281882
0.6071546  0.6411863   -0.330509 -0.3327239
0.6046014  0.6390914   -0.3348312 -0.337054
0.6021695  0.6371267   -0.3388478 -0.3410887
0.5997863  0.635255   -0.342649 -0.3449596
0.5974993  0.633431   -0.3462839 -0.3486335
0.5953953  0.6315698   -0.349804 -0.3520782
0.5932632  0.6297613   -0.3532296 -0.3554803
0.5913038  0.6280147   -0.3564377 -0.358619
0.5893579  0.6263918   -0.3594587 -0.3616324
0.5874596  0.6248712   -0.3622938 -0.3645112
0.5857234  0.6234353   -0.3649119 -0.367143
0.5840353  0.6221256   -0.3673259 -0.3696378
0.5825348  0.6207505   -0.3697101 -0.3719334
0.5809863  0.6194486   -0.3720067 -0.3742292
0.5794998  0.6182143   -0.3741645 -0.3764172
0.578081  0.6170745   -0.3761747 -0.3784598
0.5767968  0.6159151   -0.3781251 -0.3803597
0.5755301  0.6147557   -0.3800676 -0.3822137
0.5742453  0.6137511   -0.381804 -0.3840256
0.5730751  0.612763   -0.3834766 -0.3856812
0.571833  0.6118932   -0.3850293 -0.3873551
0.5707351  0.6109543   -0.3865849 -0.3889041
0.5696621  0.6101512   -0.3879699 -0.3903563
0.5687378  0.6093073   -0.3893303 -0.3916655
0.5678435  0.6085463   -0.3905724 -0.3929074
0.5670105  0.6076953   -0.3918864 -0.3941174
0.5662034  0.6069993   -0.3930122 -0.3952278
0.5654647  0.6062956   -0.3941141 -0.3962668
0.564631  0.605684   -0.3951502 -0.3973575
0.5638984  0.6050127   -0.396196 -0.398378
0.5631965  0.6044246   -0.3971361 -0.3993262
0.5625202  0.6037838   -0.3981269 -0.4002611
0.5619307  0.6032462   -0.3989603 -0.4010694
0.5613125  0.602723   -0.3997856 -0.4018988
0.5607762  0.6022668   -0.4005022 -0.4026174
0.5600893  0.601949   -0.4011134 -0.4034393
0.559616  0.6015545   -0.4017382 -0.4040624
0.5591702  0.6011673   -0.4023386 -0.4046581
0.5587716  0.6008042   -0.4028977 -0.4051913
0.5582244  0.6004452   -0.4035056 -0.4058722
0.5578017  0.6000968   -0.4040502 -0.4064263
0.5573444  0.599738   -0.4046175 -0.4070185
0.55703  0.5992894   -0.4052376 -0.4074928
0.5566686  0.5989482   -0.4057394 -0.4079886
0.5563502  0.5986423   -0.40619 -0.4084231
0.5560615  0.5984223   -0.4065335 -0.4087967
0.555711  0.598207   -0.4068933 -0.4092303
0.5555068  0.5979086   -0.4072983 -0.409541
0.5551559  0.597654   -0.4076912 -0.4099971
0.5548347  0.5974259   -0.4080618 -0.4103954
0.55465  0.5971004   -0.4084978 -0.4106849
0.554508  0.5968052   -0.4088759 -0.4109293
0.5542037  0.5967136   -0.4090877 -0.411262
0.5540503  0.5964779   -0.4094116 -0.4114882
0.5538439  0.5962191   -0.4097743 -0.4117802
0.5536562  0.5960355   -0.4100473 -0.4120265
0.5534635  0.5958242   -0.4103521 -0.4122871
0.5532969  0.5957332   -0.4105052 -0.4124901
0.5530288  0.5955736   -0.4107682 -0.4128179
0.5529125  0.5955027   -0.410877 -0.4129679
0.5527648  0.5953897   -0.4110527 -0.4131536
0.5525919  0.5953909   -0.4111143 -0.4133218
0.5524411  0.5952501   -0.4113254 -0.4135162
0.5523687  0.594992   -0.4116313 -0.4136798
0.5521685  0.594948   -0.4117528 -0.4138894
0.5520847  0.594772   -0.4119757 -0.4140323
0.5519999  0.5947828   -0.4119913 -0.4141143
0.5519593  0.5947302   -0.4120587 -0.4141769
0.5518533  0.5946829   -0.4121411 -0.4143039
0.5517283  0.5946446   -0.4122252 -0.4144419
0.5515742  0.5945534   -0.4123774 -0.4146265
0.5514985  0.594497   -0.4124697 -0.414716
0.55144  0.594435   -0.4125532 -0.4147995
0.5513072  0.594404   -0.4126317 -0.4149425
0.5512179  0.5943088   -0.4127806 -0.4150494
0.5510926  0.5942457   -0.4129107 -0.4151769
0.550949  0.5942383   -0.4129671 -0.4153219
0.5510193  0.594106   -0.4130905 -0.4152951
0.5510031  0.5939961   -0.4132168 -0.4153481
0.5509276  0.5938855   -0.41335 -0.4154739
0.5510443  0.5938838   -0.4133149 -0.4153565
0.5510039  0.593859   -0.4133596 -0.4154012
0.5508633  0.5938884   -0.4133774 -0.4155278
0.5507499  0.593797   -0.4135207 -0.415666
0.5507331  0.593821   -0.4135043 -0.4156701
0.5507891  0.5937712   -0.413542 -0.4156299
0.5506583  0.5937101   -0.413666 -0.415767
0.5506231  0.5937004   -0.4136927 -0.4158008
0.5505117  0.5935429   -0.4139038 -0.4159632
0.5504887  0.59346   -0.4139988 -0.4160176
0.5504309  0.5934545   -0.4140227 -0.4160778
0.5502751  0.5934277   -0.4140989 -0.4162464
0.5502256  0.5934824   -0.4140549 -0.4162775
0.5501247  0.5934854   -0.4140894 -0.4163723
0.5502322  0.5933836   -0.4141765 -0.4162888
0.5501049  0.5933783   -0.4142283 -0.4164128
0.5499901  0.5933364   -0.4143177 -0.4165353
0.5500647  0.5932998   -0.4143298 -0.4164768
0.5499803  0.593248   -0.414414 -0.4165782
0.5499968  0.5932058   -0.4144506 -0.4165802
0.5499739  0.5931653   -0.4145039 -0.416615
0.5500318  0.5931247   -0.414531 -0.4165694
0.549988  0.5930969   -0.4145714 -0.4166267
0.5500219  0.593075   -0.4145843 -0.4166003
0.5499514  0.5930786   -0.4146043 -0.4166684
0.5499111  0.5931303   -0.4145556 -0.4166964
0.5499259  0.5931025   -0.4145865 -0.4166858
0.5498874  0.5931264   -0.4145814 -0.4167076
0.5497779  0.5931801   -0.4145584 -0.4167985
0.5497214  0.5932618   -0.4144825 -0.4168322
0.5497039  0.5932047   -0.4145466 -0.4168729
0.5496411  0.5931616   -0.4146137 -0.4169503
0.5495325  0.593163   -0.4146661 -0.4170392
0.549444  0.593161   -0.414692 -0.4171329
0.5494097  0.5932456   -0.4146145 -0.4171347
0.5495082  0.593102   -0.4147366 -0.4170877
0.5496268  0.5930559   -0.4147548 -0.416979
0.5495145  0.5930812   -0.4147544 -0.4170915
0.5494346  0.5931463   -0.4147035 -0.4171548
0.5494693  0.5930873   -0.4147534 -0.4171434
0.5495639  0.5929883   -0.4148376 -0.417076
0.5494881  0.5929794   -0.4148725 -0.4171534
0.5495567  0.5929004   -0.4149378 -0.4171105
0.5495855  0.5928413   -0.4149929 -0.4171017
0.5496125  0.5927752   -0.4150577 -0.4170957
0.5496318  0.5928143   -0.4150133 -0.4170588
0.5496335  0.5928041   -0.4150136 -0.4170707
0.549687  0.5928331   -0.4149593 -0.417013
0.549703  0.592845   -0.4149418 -0.4169927
0.5496402  0.5928607   -0.4149314 -0.4170632
0.5496532  0.5928827   -0.4149021 -0.417044
0.5496355  0.5928949   -0.4149076 -0.4170445
0.5496401  0.5928327   -0.4149798 -0.4170552
0.5496482  0.5928043   -0.4149993 -0.4170654
0.5497521  0.5927649   -0.4150091 -0.4169747
0.5497851  0.5927561   -0.4150172 -0.4169357
0.5497887  0.5928602   -0.4148962 -0.4169034
0.5497742  0.5929474   -0.4148048 -0.4168893
0.5497621  0.5928935   -0.4148632 -0.4169237
0.5496585  0.5928969   -0.414892 -0.417027
0.5496778  0.5929034   -0.4148879 -0.4169961
0.5495729  0.5930086   -0.4148197 -0.4170527
0.5495143  0.5930113   -0.4148353 -0.4171107
0.5495155  0.5930242   -0.4148203 -0.4171057
0.5496942  0.5930442   -0.4147408 -0.4169208
0.5496346  0.5930099   -0.4147941 -0.4169951
0.5497385  0.5928844   -0.4148986 -0.4169327
0.5497898  0.5928286   -0.4149486 -0.4168946
0.5496629  0.5929438   -0.4148666 -0.4169797
0.5496317  0.5928586   -0.4149714 -0.4170376
0.5496083  0.5928716   -0.4149696 -0.4170517
0.5496237  0.5928827   -0.4149516 -0.4170337
0.5495833  0.5927678   -0.4150912 -0.4171113
0.5494642  0.592892   -0.4150015 -0.4171808
0.5495198  0.5929486   -0.414921 -0.4171073
0.5495133  0.5930217   -0.4148463 -0.4170862
0.5494982  0.5930231   -0.4148544 -0.4170961
0.5495365  0.5931029   -0.4147545 -0.4170316
0.549589  0.5931191   -0.4147091 -0.4169844
0.5496156  0.5930846   -0.4147333 -0.4169745
0.5495919  0.5930601   -0.4147725 -0.4170015
0.5495628  0.5930579   -0.4147849 -0.4170306
0.5495188  0.593087   -0.4147582 -0.4170738
0.5495049  0.5930848   -0.4147604 -0.4170931
0.5495826  0.593101   -0.4147168 -0.417011
0.549545  0.5930319   -0.4148056 -0.4170703
0.5494221  0.5931447   -0.4147296 -0.4171474
0.5494208  0.593135   -0.4147356 -0.4171572
0.5493942  0.5931029   -0.4147747 -0.4171987
0.5494166  0.5930805   -0.4147974 -0.4171786
0.5494046  0.5930486   -0.4148362 -0.4172013
0.5493646  0.5930536   -0.4148424 -0.4172407
0.5494189  0.593045   -0.4148439 -0.4171799
0.5494229  0.5930841   -0.4148002 -0.4171624
0.5494229  0.5931085   -0.4147692 -0.4171586
0.5495117  0.593119   -0.4147241 -0.4170717
0.5494863  0.5930618   -0.4148 -0.4171107
0.5494482  0.5929955   -0.4148901 -0.4171656
0.5494717  0.5930139   -0.4148574 -0.4171411
0.5493821  0.5930322   -0.414875 -0.4172156
0.549333  0.5930755   -0.4148425 -0.4172511
0.5492904  0.5930655   -0.4148611 -0.4173028
0.5492521  0.5931239   -0.414804 -0.417327
0.5493946  0.593011   -0.4148784 -0.4172259
0.5494189  0.5929927   -0.414894 -0.4172044
0.549485  0.592967   -0.4149143 -0.4171336
0.5494671  0.5929755   -0.4149113 -0.4171481
0.5494639  0.5929924   -0.4148796 -0.4171601
0.549547  0.5929519   -0.4148971 -0.4170908
0.5496046  0.5930156   -0.4148121 -0.4170087
0.5496624  0.5930516   -0.4147679 -0.4169254
0.5496595  0.5931089   -0.4147057 -0.4169094
0.5496525  0.5930933   -0.4147301 -0.4169167
0.549614  0.5931007   -0.4147344 -0.4169526
0.5495508  0.5931057   -0.4147446 -0.4170184
0.5495551  0.5931511   -0.4147026 -0.4169901
0.5494838  0.5931212   -0.4147491 -0.4170802
0.5495256  0.5930451   -0.4148199 -0.4170629
0.5494128  0.5930786   -0.414824 -0.4171599
0.5493714  0.5931064   -0.414802 -0.4171968
0.5493155  0.5931646   -0.414757 -0.4172323
0.5493068  0.5931704   -0.4147538 -0.4172388
0.5493587  0.5931731   -0.4147394 -0.4171809
0.5493097  0.5932285   -0.4146855 -0.4172203
0.5492736  0.5932703   -0.4146522 -0.4172415
0.5493537  0.5932193   -0.4146748 -0.4171859
0.5494337  0.5932845   -0.4145784 -0.4170838
0.5494193  0.5932879   -0.4145713 -0.417105
0.5494362  0.5933062   -0.4145468 -0.4170811
0.5493152  0.5933648   -0.4145136 -0.41719
0.549365  0.5933902   -0.4144661 -0.4171355
0.5493162  0.5934099   -0.4144533 -0.4171845
0.5491346  0.5934125   -0.4145131 -0.4173603
0.5490815  0.5933471   -0.4145985 -0.4174384
0.5489817  0.5934075   -0.4145598 -0.4175221
0.5489056  0.5934433   -0.4145544 -0.4175767
0.548763  0.5935552   -0.4144859 -0.4176733
0.5487911  0.5935954   -0.414431 -0.4176334
0.5487481  0.5935755   -0.4144829 -0.4176669
0.5487068  0.5935649   -0.4145123 -0.4177068
0.5487422  0.5935857   -0.4144868 -0.4176562
0.548808  0.5934777   -0.4145945 -0.4176162
0.5488294  0.5934319   -0.4146432 -0.417605
0.5487275  0.5934197   -0.4146944 -0.4177052
0.5486428  0.5933445   -0.4148088 -0.4178098
0.5486743  0.5932654   -0.414877 -0.4178131
0.5486236  0.5933246   -0.4148365 -0.4178357
0.5486605  0.5934026   -0.4147198 -0.4177925
0.54864  0.5934527   -0.4146765 -0.4177911
0.5486189  0.5934057   -0.4147358 -0.4178268
0.5485812  0.5934713   -0.4146843 -0.4178342
0.5485989  0.5934057   -0.4147473 -0.4178416
0.5485792  0.5933819   -0.4147898 -0.4178592
0.5486907  0.5933451   -0.4147997 -0.4177552
0.5486867  0.5932943   -0.4148485 -0.417784
0.548632  0.5933391   -0.4148215 -0.4178191
0.5485023  0.5932965   -0.4149111 -0.4179608
0.5485517  0.593245   -0.4149482 -0.4179323
0.5485254  0.5932886   -0.414908 -0.4179449
0.5486695  0.5932451   -0.4149104 -0.417815
0.5486435  0.5933033   -0.4148544 -0.4178221
0.5485574  0.5934219   -0.4147412 -0.4178792
0.5485659  0.5934021   -0.4147597 -0.4178777
0.5485565  0.5934178   -0.4147452 -0.4178822
0.548564  0.5934547   -0.4147072 -0.4178577
0.5485218  0.5934169   -0.4147682 -0.4179063
0.548483  0.5934764   -0.4147048 -0.4179356
0.5486049  0.5934663   -0.4146676 -0.4178268
0.5486103  0.5934726   -0.4146591 -0.4178192
0.5486327  0.5934542   -0.4146762 -0.4177989
0.548624  0.5934197   -0.4147205 -0.4178154
0.5486921  0.5933595   -0.4147697 -0.4177627
0.5487527  0.5933329   -0.4147798 -0.4177107
0.5488564  0.5931936   -0.4148966 -0.4176562
0.5487931  0.5932333   -0.4148727 -0.4177069
0.5487863  0.5932339   -0.41486 -0.4177274
0.5487705  0.593281   -0.414813 -0.417728
0.5487638  0.5933164   -0.4147773 -0.4177222
0.5487654  0.5932966   -0.4147982 -0.4177273
0.5488247  0.5932926   -0.4147841 -0.417669
0.5488087  0.5932958   -0.4147812 -0.4176886
0.5487754  0.5932944   -0.4147926 -0.4177229
0.5488142  0.5932531   -0.4148401 -0.4176834
0.548738  0.5932859   -0.4148423 -0.4177346
0.5487169  0.5933244   -0.4148066 -0.4177433
0.5486929  0.5932323   -0.414921 -0.4177919
0.548596  0.5932409   -0.4149516 -0.4178767
0.5486642  0.5932196   -0.4149489 -0.4178201
0.5486707  0.593245   -0.4149239 -0.4178001
0.5487062  0.5932443   -0.4149123 -0.4177659
0.548755  0.593297   -0.4148331 -0.4177057
0.5487724  0.5932847   -0.4148449 -0.4176888
0.5487069  0.593271   -0.414886 -0.4177533
0.5487023  0.5931297   -0.4150344 -0.4178126
0.5486703  0.5931145   -0.4150611 -0.4178497
0.5486775  0.5930718   -0.4151104 -0.4178519
0.5486013  0.5930938   -0.4151197 -0.4179114
0.5485866  0.5930954   -0.4151141 -0.4179341
0.5486144  0.5931156   -0.4150824 -0.4179004
0.5486313  0.5931932   -0.4149853 -0.4178646
0.5486268  0.5931726   -0.4150143 -0.4178708
0.5485507  0.5931755   -0.4150501 -0.4179312
0.5484887  0.5931162   -0.415141 -0.4180064
0.5484119  0.5932127   -0.4150725 -0.4180382
0.5484719  0.5932602   -0.4150009 -0.4179632
0.5484369  0.5932814   -0.4149935 -0.4179865
0.5484882  0.5933743   -0.4148688 -0.417911
0.548444  0.5933915   -0.4148684 -0.417945
0.5486251  0.5933354   -0.4148859 -0.4177695
0.5486178  0.5934107   -0.4148058 -0.4177516
0.5486916  0.5933333   -0.4148587 -0.4177121
0.5487072  0.5933594   -0.4148332 -0.4176798
0.5487173  0.5933877   -0.4148035 -0.4176559
0.5487633  0.5934011   -0.4147744 -0.417605
0.5487581  0.593367   -0.4148143 -0.4176208
0.5487029  0.5933985   -0.4148062 -0.4176567
0.5486326  0.5933779   -0.4148517 -0.4177332
0.5486832  0.5933428   -0.4148807 -0.4176877
0.5486175  0.5933775   -0.4148685 -0.4177369
0.5486253  0.5933812   -0.4148569 -0.417733
0.5487583  0.593388   -0.4148111 -0.4175938
0.5486888  0.593469   -0.4147538 -0.4176271
0.5485406  0.5934531   -0.4148187 -0.41778
0.5485774  0.5934874   -0.4147639 -0.4177373
0.5484947  0.5934647   -0.4148109 -0.4178316
0.5485089  0.5934713   -0.4147897 -0.4178244
0.5485602  0.5934115   -0.4148345 -0.4177977
0.5485662  0.593331   -0.4149167 -0.4178224
0.5486663  0.5933175   -0.4148803 -0.4177464
0.5487297  0.5933231   -0.4148501 -0.4176851
0.548681  0.5933478   -0.4148294 -0.4177347
0.5486759  0.5932093   -0.4149977 -0.4177707
0.5487471  0.5931429   -0.4150387 -0.4177307
0.5487637  0.5933059   -0.4148501 -0.4176649
0.5487601  0.5933581   -0.4147946 -0.4176505
0.5487025  0.5934204   -0.4147478 -0.4176841
0.548726  0.5934076   -0.4147639 -0.4176555
0.5487111  0.5934538   -0.4147136 -0.4176595
