-0.3313457	-0.900439	0.2818151
-0.3187176	-0.9023584	0.2901178
-0.3158669	-0.906348	0.2806443
-0.3233922	-0.9127169	0.2497302
-0.2992101	-0.9118706	0.2810078
-0.3256365	-0.9053129	0.2727073
-0.335841	-0.9047049	0.2621445
-0.3644645	-0.8902487	0.273172
-0.3035244	-0.920077	0.2476518
-0.3536157	-0.909455	0.2187408
-0.3394268	-0.9116653	0.2316375
-0.3348909	-0.9117797	0.2377096
-0.3604159	-0.9114674	0.1983122
-0.3353477	-0.9096826	0.2449888
-0.3536591	-0.9172406	0.1832888
-0.3579192	-0.9127624	0.1968724
-0.3622502	-0.9133045	0.1861444
-0.3759536	-0.8977571	0.2295456
-0.3153999	-0.9295251	0.1910656
-0.3739667	-0.9117176	0.1700587
-0.3263553	-0.930666	0.1653875
-0.3533508	-0.9151061	0.1942271
-0.3533272	-0.9126509	0.2054948
-0.3182581	-0.9239843	0.2120492
-0.3541865	-0.9160876	0.1879776
-0.3410285	-0.9276848	0.1519877
-0.3281187	-0.9233584	0.1993672
-0.3381765	-0.9238298	0.1793747
-0.3454978	-0.9193587	0.188178
-0.3624676	-0.9097925	0.2022247
-0.2973763	-0.9288111	0.221082
-0.3370419	-0.919589	0.2018877
-0.3513391	-0.9177114	0.1853822
-0.3219233	-0.9287186	0.1839756
-0.3434282	-0.9288216	0.1390951
-0.3798279	-0.9063204	0.185241
-0.3338835	-0.9312891	0.1456786
-0.3678364	-0.9113563	0.1847324
-0.3661751	-0.9133606	0.1780124
-0.3590752	-0.9203612	0.1549203
-0.2985691	-0.9404055	0.1627702
-0.3729269	-0.9154736	0.1511077
-0.3272957	-0.9277032	0.1795672
-0.3852132	-0.9059225	0.1758277
-0.3545738	-0.9212025	0.160198
-0.3568166	-0.9248252	0.1318338
-0.3571224	-0.9231762	0.1421599
-0.3423002	-0.9259819	0.1593365
-0.3873806	-0.9043573	0.1790925
-0.3278958	-0.9285567	0.1739731
-0.3284606	-0.9214216	0.2075957
-0.3814519	-0.9115802	0.1533491
-0.3670129	-0.9169515	0.1565294
-0.3519683	-0.9174695	0.185386
-0.3374772	-0.9263245	0.1674277
-0.3731438	-0.9143957	0.1569849
-0.3764312	-0.9122116	0.1617701
-0.2874486	-0.939626	0.1856779
-0.3348875	-0.9289173	0.1579969
-0.3451199	-0.9283353	0.1381515
-0.3253209	-0.9311801	0.1645297
-0.3748556	-0.910489	0.1746224
-0.3660094	-0.9211514	0.1323531
-0.3441632	-0.9283903	0.140154
-0.3578101	-0.9238578	0.1358628
-0.3946735	-0.9135711	0.09808473
-0.3346454	-0.9294199	0.155535
-0.3603037	-0.920087	0.1536912
-0.3418567	-0.9251479	0.1650311
-0.344898	-0.9230586	0.1703179
-0.3362099	-0.9251738	0.176115
-0.3298443	-0.9228442	0.1989003
-0.3298544	-0.9227461	0.1993381
-0.3512527	-0.9087068	0.2255514
-0.3286269	-0.9293584	0.1682186
-0.3455289	-0.9289279	0.1330512
-0.3387499	-0.9274762	0.1582285
-0.3793299	-0.9109797	0.161941
-0.3722413	-0.9175055	0.1400718
-0.3370683	-0.9331254	0.1251474
-0.3435649	-0.9271986	0.1492179
-0.3348647	-0.9231611	0.1887836
-0.3526236	-0.9247504	0.1431541
-0.3010342	-0.9364065	0.1803366
-0.3404245	-0.9231327	0.1787093
-0.3614535	-0.9136287	0.1861017
-0.3579763	-0.9240867	0.1338534
-0.3542129	-0.9205573	0.1646432
-0.365099	-0.9177437	0.1563624
-0.3305632	-0.9317746	0.15008
-0.3591038	-0.9182273	0.1670424
-0.2859388	-0.9415679	0.1780137
-0.3254584	-0.931778	0.1608314
-0.3751164	-0.9133781	0.1582025
-0.3746377	-0.9112127	0.1712832
-0.3505412	-0.9228449	0.1596186
-0.3963947	-0.9088112	0.1301288
-0.3714361	-0.9191009	0.1314867
-0.3384704	-0.9274535	0.1589588
-0.3595956	-0.920419	0.1533622
-0.3634694	-0.9236046	0.1218378
-0.3215488	-0.9341083	0.1550745
-0.3436974	-0.9273044	0.1482522
-0.3601645	-0.9181396	0.1652312
-0.3593475	-0.9182613	0.1663297
-0.3797625	-0.9109883	0.1608755
-0.4010886	-0.9082709	0.1190457
-0.3792968	-0.908778	0.1739438
-0.3475922	-0.918839	0.1868541
-0.3498954	-0.9286196	0.123445
-0.3445566	-0.9289884	0.1351346
-0.3540123	-0.9208226	0.1635881
-0.3651942	-0.916461	0.1635003
-0.321537	-0.9341924	0.1545921
-0.301921	-0.9416703	0.1486628
-0.3336554	-0.9208761	0.2016465
-0.3582825	-0.9224659	0.1438417
-0.3692197	-0.917763	0.1462461
-0.332781	-0.9337882	0.1315158
-0.375095	-0.9170467	0.1353853
-0.3454331	-0.9231713	0.1686144
-0.3873733	-0.9120599	0.1344949
-0.3420385	-0.9252871	0.1638706
-0.369122	-0.9177316	0.1466892
-0.3384466	-0.9274923	0.1587831
-0.3934271	-0.907824	0.1451581
-0.3406637	-0.9232849	0.1774631
-0.3436198	-0.9273866	0.1479177
-0.3422395	-0.9253886	0.1628743
-0.3600706	-0.9203932	0.1523995
-0.3322395	-0.9334457	0.135263
-0.3425137	-0.9253439	0.1625514
-0.3544152	-0.9184824	0.1754419
-0.3429393	-0.9253855	0.1614142
-0.3488699	-0.9269242	0.1382073
-0.3410256	-0.9232	0.1772098
-0.361123	-0.9139595	0.1851169
-0.338779	-0.9276188	0.1573281
-0.3700349	-0.9226788	0.1083424
-0.3621497	-0.9162614	0.1712094
-0.3583114	-0.924222	0.1320104
-0.3283679	-0.927597	0.1781527
-0.377318	-0.9129421	0.1554598
-0.3410491	-0.9230397	0.1779972
-0.3263663	-0.9316445	0.1597611
-0.3867519	-0.9120139	0.1365781
-0.3400675	-0.9289966	0.1460116
-0.3878302	-0.9117699	0.1351426
-0.3503672	-0.9207473	0.1716601
-0.3477191	-0.9250305	0.1530027
-0.3554557	-0.9205721	0.1618585
-0.3623902	-0.9236148	0.1249367
-0.3909118	-0.9074543	0.1539952
-0.3723877	-0.9131526	0.1657696
-0.374137	-0.9150584	0.150631
-0.3516166	-0.9226626	0.1583022
-0.3536759	-0.9183556	0.1775849
-0.3455888	-0.9286695	0.1346904
-0.3540128	-0.9243661	0.1422047
-0.337264	-0.9311274	0.1387616
-0.3365743	-0.9228801	0.1871099
-0.3378792	-0.9251062	0.1732515
-0.3238841	-0.9271045	0.1886167
-0.3357591	-0.9290993	0.1550487
-0.3313986	-0.922705	0.1969528
-0.3478581	-0.9226977	0.1662039
-0.3016877	-0.9335135	0.1937443
-0.342562	-0.9228294	0.1761738
-0.3427662	-0.9307964	0.127002
-0.3571216	-0.9274573	0.1108469
-0.3686954	-0.9209647	0.1260465
-0.3587571	-0.9158447	0.1803381
-0.3618519	-0.9199783	0.150675
-0.3670913	-0.9194826	0.1406975
-0.3577419	-0.9221532	0.1471539
-0.3410407	-0.9289569	0.14398
-0.323029	-0.9339781	0.1527653
-0.3499028	-0.9266108	0.1376975
-0.370345	-0.9173147	0.1462134
-0.3619471	-0.9199663	0.1505198
-0.3695517	-0.9153248	0.1600379
-0.3588225	-0.9239911	0.1322378
-0.3403357	-0.9274037	0.1552226
-0.3707488	-0.9136366	0.1667741
-0.3064197	-0.9397355	0.1516715
-0.3518143	-0.9227109	0.1575797
-0.3510529	-0.9282673	0.1228072
-0.3437213	-0.9324508	0.1113155
-0.3652397	-0.9178351	0.1554958
-0.3808799	-0.9106992	0.1598678
-0.3360508	-0.9230036	0.1874415
-0.3069081	-0.9392774	0.1535106
-0.3222086	-0.9247132	0.2026993
-0.3302509	-0.9292552	0.1655874
-0.3267397	-0.9315793	0.159378
-0.3427806	-0.9250147	0.1638574
-0.3279538	-0.9332356	0.1466887
-0.3342292	-0.927275	0.1686768
-0.3720078	-0.9205849	0.1188857
-0.3267945	-0.9387382	0.1094348
-0.3540436	-0.9243214	0.1424184
-0.3447474	-0.9269582	0.147979
-0.3436862	-0.9251148	0.1613773
-0.3424229	-0.9309348	0.1269133
-0.375356	-0.9216323	0.09849726
-0.3671783	-0.9212958	0.12804
-0.3292859	-0.9349855	0.1318053
-0.3885215	-0.9115246	0.1348115
-0.3383923	-0.9328447	0.1236586
-0.3728366	-0.9131193	0.1649425
-0.3453518	-0.9269942	0.1463345
-0.3568002	-0.9202843	0.1605314
-0.3643475	-0.9215637	0.134057
-0.3410887	-0.9291444	0.1426501
-0.3670986	-0.919367	0.1414317
-0.390124	-0.911057	0.1333356
-0.318501	-0.9362933	0.1480271
-0.3550965	-0.9261489	0.1271014
-0.359225	-0.9156755	0.1802657
-0.3443467	-0.9268741	0.1494319
-0.3455957	-0.9286256	0.1349749
-0.3674642	-0.9156948	0.1627058
-0.3518786	-0.92804	0.122161
-0.3391707	-0.9337622	0.1142428
-0.3291715	-0.9272092	0.1786876
-0.3819569	-0.910143	0.1604633
-0.3624862	-0.9157727	0.1731013
-0.3450164	-0.9268922	0.1477648
-0.3676239	-0.9131678	0.1760033
-0.3471344	-0.924692	0.1563413
-0.3991901	-0.9097526	0.1140065
-0.36615	-0.917403	0.1559035
-0.3527838	-0.9158608	0.1916835
-0.3835986	-0.9120489	0.1449786
-0.3338392	-0.9271349	0.1702121
-0.3530562	-0.9244179	0.1442322
-0.3577162	-0.9183396	0.1693858
-0.342122	-0.9227195	0.1775988
-0.3160384	-0.9396432	0.1311121
-0.3374931	-0.9314949	0.1357042
-0.3405667	-0.9290597	0.1444379
-0.3338948	-0.9273924	0.168694
-0.3407962	-0.9230124	0.178623
-0.3364839	-0.9309195	0.1420124
-0.3650192	-0.9177796	0.1563383
-0.3354269	-0.9294221	0.1538288
-0.3302408	-0.9296448	0.163406
-0.3453554	-0.9287158	0.1349695
-0.3434175	-0.9269886	0.1508525
-0.3758306	-0.9185773	0.12234
-0.3444846	-0.9269734	0.1484949
-0.3572221	-0.922319	0.1473776
-0.3398053	-0.9274187	0.1562908
-0.3771638	-0.9164413	0.1337264
-0.3601959	-0.9180207	0.1658218
-0.342877	-0.9309856	0.1253038
-0.3577916	-0.9161317	0.180798
-0.3747946	-0.9170122	0.1364469
-0.3359012	-0.929636	0.1514836
-0.3818857	-0.9105424	0.1583529
-0.3867271	-0.9139726	0.1228669
-0.3368994	-0.9316514	0.136105
-0.3328887	-0.9333472	0.134343
-0.3377031	-0.9253494	0.1722934
-0.3526289	-0.91628	0.1899573
-0.3357333	-0.9297304	0.1512768
-0.3565305	-0.922553	0.1475871
-0.4019331	-0.8977031	0.1804961
-0.3395112	-0.9344097	0.1077527
-0.3417529	-0.9161414	0.2094993
-0.3143323	-0.9382862	0.1442714
-0.3894634	-0.9080808	0.1539721
-0.3323523	-0.9255698	0.18128
-0.3523372	-0.922767	0.1560751
-0.3538173	-0.9246359	0.1409317
-0.363448	-0.9235969	0.1219599
-0.3797774	-0.9124877	0.1521028
-0.3636847	-0.9182087	0.1569278
-0.3672555	-0.9196285	0.1393084
-0.3875935	-0.9035549	0.1826469
-0.3483476	-0.9186417	0.1864173
-0.340915	-0.9293298	0.1418552
-0.3658691	-0.9216402	0.1293028
-0.3506895	-0.9207894	0.1707737
-0.3632332	-0.9160466	0.1700598
-0.299065	-0.9458473	0.1262267
-0.3223956	-0.9341136	0.1532738
-0.3631465	-0.9092481	0.2034518
-0.3400999	-0.9291651	0.1448596
-0.3710895	-0.9193095	0.1310065
-0.3608256	-0.9222361	0.1388728
-0.3679258	-0.9158478	0.16079
-0.3467194	-0.9229132	0.1673824
-0.3772738	-0.9164987	0.1330207
-0.3402911	-0.9206545	0.191304
-0.3394916	-0.9273635	0.1572974
-0.3740926	-0.9152353	0.149663
-0.3210238	-0.9396179	0.118583
-0.3674526	-0.9134845	0.1747133
-0.3663392	-0.9197071	0.1411894
-0.3455211	-0.920709	0.1814117
-0.3129935	-0.9407727	0.1303147
-0.3444505	-0.9207423	0.1832683
-0.349355	-0.9207055	0.1739323
-0.3274004	-0.9249582	0.1930321
-0.3527632	-0.9160137	0.1909894
-0.3346222	-0.9204703	0.201897
-0.3213681	-0.9313807	0.1710338
-0.3311841	-0.9226798	0.1974307
-0.3518754	-0.9226153	0.1580024
-0.3540891	-0.9260433	0.1306323
-0.3960434	-0.9088833	0.1306927
-0.3639274	-0.9232286	0.1233115
-0.4112829	-0.8993635	0.1482956
-0.3702295	-0.9111617	0.1808716
-0.3589454	-0.9156486	0.1809581
-0.3613091	-0.9199063	0.1524078
-0.3386137	-0.9250149	0.1723028
-0.3285385	-0.9336174	0.1429018
-0.3703101	-0.9237274	0.09797066
-0.3315589	-0.92264	0.1969874
-0.327842	-0.9248419	0.1928394
-0.3253609	-0.9294896	0.1737509
-0.3523762	-0.9161558	0.1910222
-0.3627966	-0.9159631	0.1714357
-0.3366899	-0.9228987	0.1868098
-0.3199574	-0.9293776	0.1840772
-0.3765456	-0.913101	0.1563971
-0.3806445	-0.9107617	0.1600719
-0.3275752	-0.9337423	0.1442908
-0.3550546	-0.9245798	0.138161
-0.3537609	-0.9245623	0.1415548
-0.3629839	-0.9218633	0.1356865
-0.3453972	-0.9208044	0.1811628
-0.3564906	-0.9224657	0.1482273
-0.3513724	-0.9284222	0.1207053
-0.3486294	-0.9250373	0.1508761
-0.347859	-0.9250796	0.1523869
-0.3892004	-0.9081979	0.1539467
-0.357331	-0.9244204	0.1332721
-0.3493993	-0.9210995	0.1717434
-0.3215337	-0.93455	0.1524221
-0.3420006	-0.9190567	0.1958836
-0.3365116	-0.925659	0.1729603
-0.3451889	-0.9232704	0.1685715
-0.3451855	-0.9232322	0.1687877
-0.3410084	-0.9161805	0.210539
-0.3534317	-0.9186861	0.1763574
-0.30028	-0.9400287	0.161796
-0.3557484	-0.9206241	0.160917
-0.378547	-0.9167114	0.1278374
-0.381393	-0.9105539	0.1594699
-0.355412	-0.927755	0.1138106
-0.360463	-0.9202871	0.1521122
-0.3440675	-0.9337084	0.09902669
-0.3482657	-0.9250139	0.1518565
-0.3493024	-0.9267693	0.1381537
-0.3740128	-0.9151345	0.1504768
-0.3628315	-0.9218656	0.1360774
-0.3247425	-0.9298489	0.1729838
-0.3575754	-0.9224499	0.1456916
-0.3689161	-0.9057108	0.2087796
-0.3814337	-0.9160362	0.1240409
-0.3520772	-0.9226904	0.1571119
-0.3692859	-0.9226028	0.1114991
-0.3555476	-0.920487	0.1621405
-0.4188139	-0.8998946	0.1215917
-0.3614433	-0.910829	0.1993725
-0.3798991	-0.9145606	0.1387646
-0.3773466	-0.9150943	0.1421691
-0.315473	-0.9317473	0.1797881
-0.3438648	-0.9270242	0.1496105
-0.3068017	-0.9335535	0.1853395
-0.3416992	-0.922875	0.1776043
-0.3521896	-0.9160565	0.1918408
-0.3415979	-0.9305704	0.1317176
-0.362297	-0.9217634	0.1381775
-0.3756303	-0.904124	0.2036212
-0.337434	-0.9310161	0.1390948
-0.3582655	-0.9221423	0.1459434
-0.3650248	-0.9178153	0.1561154
-0.3601729	-0.9255011	0.1171466
-0.3834473	-0.9121792	0.144559
-0.3523062	-0.9225992	0.1571339
-0.3547665	-0.9242865	0.1408365
-0.3839309	-0.9139941	0.1311935
-0.35754	-0.9222168	0.1472462
-0.3536193	-0.9307857	0.09269001
-0.3621311	-0.9219927	0.1370782
-0.3819819	-0.9126959	0.1451752
-0.3677033	-0.9214194	0.1256205
-0.3430486	-0.9324609	0.1132887
-0.3566004	-0.9263133	0.121572
-0.3318012	-0.9317243	0.1476403
-0.3602077	-0.9181287	0.1651969
-0.3686454	-0.9178656	0.1470485
-0.3952392	-0.9013239	0.1772038
-0.3324737	-0.9334523	0.1346404
-0.3492115	-0.9269022	0.1374909
-0.3686887	-0.9157655	0.1595068
-0.3456088	-0.9304751	0.1215348
-0.3387204	-0.927574	0.1577182
-0.3556778	-0.9206498	0.1609262
-0.321871	-0.9340819	0.1545648
-0.3179123	-0.9362874	0.1493236
-0.3551816	-0.9205602	0.1625263
-0.3533732	-0.9184988	0.1774469
-0.3494056	-0.9208376	0.1731293
-0.3321306	-0.9336964	0.1337914
-0.3451777	-0.9289691	0.1336735
-0.3556986	-0.9226124	0.1492142
-0.3548113	-0.9207181	0.162441
-0.3572758	-0.922421	0.1466073
-0.3363701	-0.9315801	0.1378909
-0.3464988	-0.9230505	0.1670822
-0.3636151	-0.9159333	0.1698539
-0.3532282	-0.9247367	0.141746
-0.3592825	-0.9183325	0.1660764
-0.3660419	-0.9138987	0.1755059
-0.3546879	-0.9263549	0.12674
-0.3244327	-0.9298221	0.1737075
-0.3520344	-0.9227673	0.1567552
-0.3769814	-0.9131448	0.1550854
-0.3722033	-0.9133784	0.1649383
-0.3540029	-0.9246297	0.1405048
-0.3652034	-0.917993	0.1546459
-0.335259	-0.9232759	0.1875181
-0.3568571	-0.9244385	0.1344119
-0.3648328	-0.9114571	0.1901133
-0.3329037	-0.9275718	0.1696637
-0.3542463	-0.9208164	0.1631156
-0.3537236	-0.9247218	0.140602
-0.3616939	-0.9163287	0.1718116
-0.3724466	-0.9155858	0.1516123
-0.3425038	-0.9253628	0.1624647
-0.3473285	-0.925249	0.1525681
-0.3440453	-0.9211972	0.181738
-0.3555798	-0.9228308	0.1481431
-0.3467979	-0.9252517	0.1537548
-0.3186707	-0.930056	0.182879
-0.3314962	-0.9256697	0.1823347
-0.3751817	-0.913786	0.1556723
-0.3123491	-0.9271316	0.2070386
-0.3493095	-0.9210624	0.1721244
-0.3858506	-0.9104447	0.1490291
-0.3615569	-0.9270668	0.09911467
-0.3657125	-0.9200417	0.140633
-0.3841866	-0.9086742	0.1634381
-0.3732738	-0.9132114	0.1634363
-0.3579617	-0.9162772	0.1797206
-0.3697978	-0.9211078	0.1216955
-0.3541859	-0.9246351	0.1400075
-0.3897317	-0.9078698	0.1545362
-0.3735168	-0.9172719	0.138194
-0.3509955	-0.9205412	0.1714818
-0.3346843	-0.9274762	0.1666565
-0.3729155	-0.912991	0.165473
-0.3598867	-0.923807	0.1306224
-0.3553696	-0.9204383	0.1628053
-0.3651181	-0.9247376	0.1074658
-0.3707221	-0.9040258	0.212844
-0.3391214	-0.9272509	0.1587533
-0.3264995	-0.9313872	0.1609841
-0.3315647	-0.931404	0.1501718
-0.3741716	-0.9149905	0.150957
-0.3676354	-0.9132252	0.1756813
-0.3897408	-0.9077442	0.1552496
-0.3436717	-0.9249895	0.1621244
-0.3324777	-0.925329	0.1822762
-0.3666069	-0.924719	0.1024406
-0.3505004	-0.9207076	0.1716013
-0.3527249	-0.9297515	0.105581
-0.3494011	-0.9267359	0.1381283
-0.3417503	-0.9308625	0.1292353
-0.3543968	-0.9245232	0.1402127
-0.3485975	-0.9316463	0.1025421
-0.3382502	-0.9328718	0.1238431
-0.3689687	-0.9176272	0.1477243
-0.3521285	-0.9204146	0.1698312
-0.329172	-0.9352929	0.1298957
-0.3325903	-0.9251779	0.1828374
-0.3372014	-0.9251531	0.1743183
-0.3397947	-0.9206685	0.1921175
-0.3752315	-0.918595	0.1240343
-0.3501407	-0.9205415	0.1732185
-0.3386021	-0.9250647	0.1720575
-0.3550726	-0.9259772	0.1284118
-0.3638787	-0.9156451	0.1708405
-0.3475897	-0.9227356	0.1665543
-0.3633021	-0.9216627	0.1361968
-0.3317609	-0.9313822	0.1498735
-0.3470865	-0.9227064	0.1677612
-0.356876	-0.913493	0.1953715
-0.3391266	-0.9271447	0.1593611
-0.3698723	-0.9173967	0.1468938
-0.3639131	-0.9179532	0.1578899
-0.3392647	-0.9272951	0.1581875
-0.3436543	-0.924914	0.1625915
-0.3429855	-0.9319683	0.1174563
-0.3664147	-0.9173155	0.1557966
-0.3396044	-0.927076	0.1587413
-0.3361084	-0.9309425	0.142749
-0.3559972	-0.913708	0.195969
-0.3276083	-0.9247664	0.1935974
-0.3605317	-0.9198936	0.1543143
-0.3594691	-0.9154429	0.1809591
-0.3501649	-0.9179571	0.1863849
-0.3455861	-0.9267385	0.1473972
-0.3750679	-0.9166903	0.1378509
-0.3807282	-0.9141285	0.1393376
-0.3279743	-0.9335029	0.144932
-0.3498118	-0.926587	0.1380874
-0.364848	-0.9231943	0.1208222
-0.3135917	-0.9361324	0.1591112
-0.3512002	-0.9204375	0.1716191
-0.3479803	-0.9227239	0.1658025
-0.3591832	-0.9181854	0.1671015
-0.3738162	-0.9128463	0.1642341
-0.3567618	-0.9202124	0.161028
-0.3704923	-0.9191447	0.1338222
-0.3739312	-0.9202304	0.1155487
-0.3532335	-0.924242	0.1449236
-0.3646981	-0.9230652	0.1222528
-0.3885477	-0.909269	0.1491998
-0.369787	-0.9150672	0.1609648
-0.3671503	-0.913323	0.1761861
-0.3460513	-0.9204136	0.181899
-0.3512234	-0.9280749	0.1237698
-0.3471707	-0.9300358	0.1204399
-0.3395768	-0.9271286	0.1584935
-0.4019439	-0.9025553	0.154386
-0.3347586	-0.9350675	0.1165565
-0.3575616	-0.9220737	0.1480877
-0.3631682	-0.9216161	0.1368672
-0.3291021	-0.9271783	0.1789755
-0.3487361	-0.9182613	0.1875618
-0.3542113	-0.9182816	0.1768993
-0.3821796	-0.9125038	0.1458613
-0.3763504	-0.9131522	0.1565679
-0.3588402	-0.9240226	0.1319695
-0.3396563	-0.927285	0.1574045
-0.3350142	-0.9203552	0.2017713
-0.3633895	-0.9216002	0.1363867
-0.3384307	-0.932714	0.1245365
-0.3538218	-0.9244409	0.1421943
-0.354286	-0.9183081	0.1766121
-0.3365442	-0.9228719	0.1872041
-0.3760001	-0.9166811	0.1353502
-0.3425809	-0.9228759	0.1758934
-0.3661601	-0.9176059	0.1546809
-0.3490972	-0.9247978	0.1512621
-0.3430018	-0.9250535	0.1631747
-0.3343501	-0.9274001	0.1677467
-0.3544591	-0.9243031	0.141501
-0.3873221	-0.909763	0.149375
-0.3059	-0.940238	0.1495917
-0.3554901	-0.9260955	0.1263874
-0.3727507	-0.9188344	0.1296154
-0.3687606	-0.9192671	0.1377086
-0.3565819	-0.9287942	0.1009494
-0.3392482	-0.9273131	0.1581177
-0.3443145	-0.9270447	0.148444
-0.3706757	-0.9042864	0.2118154
-0.3120581	-0.9342252	0.1727511
-0.3574125	-0.9224232	0.1462592
-0.321477	-0.9317229	0.1689526
-0.3839139	-0.9086351	0.1642934
-0.3333024	-0.9334021	0.132928
-0.3604736	-0.9180291	0.1651704
-0.3762502	-0.9109548	0.1691066
-0.3386995	-0.9252787	0.1707099
-0.3758476	-0.9148131	0.1478367
-0.3548618	-0.9244342	0.1396221
-0.3777779	-0.9128888	0.1546542
-0.3899661	-0.9113119	0.1320493
-0.3455884	-0.9287542	0.1341058
-0.3733386	-0.9153175	0.151037
-0.3621486	-0.9219996	0.1369858
-0.3518271	-0.9228019	0.1570173
-0.3773153	-0.9131177	0.1544321
-0.3547341	-0.9207429	0.1624688
-0.3588048	-0.9184812	0.1662872
-0.3361631	-0.9231244	0.1866432
-0.3399664	-0.9291766	0.1450983
-0.3358139	-0.9231114	0.187335
-0.3570863	-0.9163458	0.1811074
-0.3525635	-0.9162426	0.190259
-0.3748717	-0.9150942	0.1485727
-0.3459572	-0.9232172	0.167283
-0.3649153	-0.9201351	0.1420858
-0.3538787	-0.9247768	0.1398485
-0.3749442	-0.9172201	0.134626
-0.3591571	-0.9259549	0.116678
-0.3433253	-0.9273877	0.1485932
-0.3700282	-0.9177883	0.1440271
-0.3598186	-0.9206125	0.1516687
-0.3460219	-0.9231631	0.167448
-0.3741542	-0.9059896	0.197968
-0.3723085	-0.9207637	0.1165354
-0.3626895	-0.9219733	0.1357264
-0.3000512	-0.9402194	0.161111
-0.3284789	-0.9349495	0.1340559
-0.3893794	-0.9136111	0.1170408
-0.3429905	-0.9270296	0.1515708
-0.3280823	-0.9273494	0.1799584
-0.3323775	-0.9180817	0.2159889
-0.3325673	-0.9332585	0.1357481
-0.3587393	-0.9183361	0.167227
-0.3363889	-0.9316307	0.137502
-0.3270478	-0.9338135	0.1450248
-0.3286058	-0.9354374	0.1302882
-0.3598515	-0.9255704	0.1175855
-0.3328497	-0.9331223	0.1359923
-0.3898329	-0.905186	0.169318
-0.3647621	-0.9230937	0.1218461
-0.4036333	-0.8879192	0.2206342
-0.3894974	-0.9053705	0.1691034
-0.3698632	-0.917325	0.147364
-0.3929919	-0.9054444	0.1603989
-0.3828771	-0.9032623	0.1937072
-0.3313789	-0.9314299	0.1504209
-0.3863811	-0.9064713	0.170351
-0.3155878	-0.9316366	0.1801604
-0.3506557	-0.9229466	0.1587772
-0.3322784	-0.925226	0.1831611
-0.3227041	-0.9338287	0.1543568
-0.3239267	-0.935505	0.1410743
-0.3116406	-0.9341232	0.1740515
-0.3971848	-0.903035	0.1636216
-0.3609496	-0.9178197	0.165295
-0.3752461	-0.9215977	0.09923668
-0.3329195	-0.9331184	0.1358477
-0.3600595	-0.9254723	0.1177217
-0.3351646	-0.9292711	0.1553054
-0.3758195	-0.9166943	0.1357619
-0.3438871	-0.9269243	0.1501767
-0.3481234	-0.9247373	0.1538533
-0.3619542	-0.9175117	0.1648072
-0.3526813	-0.9222583	0.1582898
-0.400787	-0.9061472	0.1351556
-0.3200559	-0.9290895	0.185356
-0.3940287	-0.9013397	0.1798003
-0.3605237	-0.9176813	0.1669839
-0.3291171	-0.9269716	0.1800158
-0.3217249	-0.9310774	0.1720115
-0.3222364	-0.9244854	0.2036918
-0.3454193	-0.9203608	0.183362
-0.3494889	-0.9179319	0.1877722
-0.3577424	-0.9219184	0.1486167
-0.3842099	-0.9055388	0.1799511
-0.3622029	-0.9215149	0.1400696
-0.3888317	-0.9092157	0.1487846
-0.3611552	-0.9198983	0.1528207
-0.3481438	-0.9245824	0.1547362
-0.3636911	-0.9156202	0.1713724
-0.3870166	-0.9097525	0.1502282
-0.3670561	-0.9192524	0.1422846
-0.3298476	-0.9351646	0.1291033
-0.3903836	-0.9074321	0.1554592
-0.3933951	-0.9120853	0.115502
-0.3293395	-0.9349692	0.1317874
-0.3316652	-0.9311736	0.1513738
-0.3448473	-0.9206772	0.1828491
-0.3469305	-0.9227346	0.1679287
-0.3045378	-0.9378929	0.1661734
-0.3286125	-0.9274525	0.1784535
-0.3472404	-0.9249198	0.1547494
-0.3333849	-0.927367	0.1698379
-0.3298254	-0.9294538	0.1653208
-0.3419775	-0.9309629	0.1279044
-0.3646249	-0.9178645	0.1567594
-0.3586381	-0.9183568	0.1673305
-0.3738337	-0.9151942	0.1505593
-0.3484177	-0.9249604	0.1518337
-0.3852838	-0.910383	0.150861
-0.3616531	-0.9199778	0.1511547
-0.3545797	-0.9183064	0.1760303
-0.3559139	-0.9205653	0.1608876
-0.3466762	-0.930562	0.1177708
-0.3576706	-0.9161299	0.1810461
-0.3495669	-0.926816	0.1371677
-0.3813658	-0.9160452	0.1241831
-0.3581312	-0.9183625	0.1683817
-0.3865359	-0.9120497	0.1369507
-0.3406924	-0.929181	0.1433568
-0.3477287	-0.9226506	0.1667357
-0.3545857	-0.9259426	0.129997
-0.3393973	-0.9269552	0.1598862
-0.36197	-0.9196961	0.1521073
-0.3576008	-0.9198592	0.161185
-0.3425196	-0.9246369	0.1665142
-0.3382293	-0.9323573	0.1277134
-0.3305527	-0.9290475	0.1661498
-0.3205293	-0.9287007	0.1864825
-0.3539128	-0.9256535	0.1338333
-0.309389	-0.9349986	0.1733669
-0.3382419	-0.9247684	0.1743439
-0.3873237	-0.9081442	0.1589161
-0.3291531	-0.9269266	0.1801819
-0.3732048	-0.9125581	0.1672
-0.3521363	-0.9277711	0.1234539
-0.3532593	-0.9292907	0.1078274
-0.3602486	-0.9176694	0.1676417
-0.374483	-0.914667	0.1521407
-0.3626039	-0.9196302	0.150993
-0.3601329	-0.9177643	0.1673707
-0.343458	-0.9320506	0.1154049
-0.3667902	-0.919395	0.1420482
-0.3698013	-0.9150978	0.1607578
-0.3695854	-0.9192396	0.1356654
-0.3109551	-0.931232	0.1900364
-0.3337948	-0.9272169	0.1698524
-0.3687627	-0.9176108	0.1483396
-0.3355046	-0.9229379	0.188739
-0.3360351	-0.9229664	0.1876528
-0.3757696	-0.9109438	0.1702307
-0.3597252	-0.9202472	0.1540875
-0.3073225	-0.9414803	0.1384481
-0.3671034	-0.9158591	0.1625954
-0.3614753	-0.9201117	0.1507645
-0.3700202	-0.9174576	0.1461387
-0.3473794	-0.9303523	0.1173544
-0.3516076	-0.9228429	0.1572678
-0.3382281	-0.9329347	0.1234284
-0.3494143	-0.9183222	0.1859942
-0.321243	-0.9321182	0.1672078
-0.3636854	-0.915715	0.170877
-0.3356394	-0.9291493	0.1550085
-0.3178359	-0.933645	0.1651894
-0.3661697	-0.9245617	0.1053827
-0.3344731	-0.9273745	0.167643
-0.3285163	-0.9274266	0.1787651
-0.3141254	-0.92944	0.1935627
-0.3127944	-0.926839	0.2076755
-0.3192641	-0.9352824	0.1526999
-0.3362447	-0.9230204	0.1870102
-0.3410901	-0.923181	0.1771843
-0.3150783	-0.9375513	0.1473881
-0.3582026	-0.9185668	0.1671106
-0.3976287	-0.9115586	0.1046532
-0.3596042	-0.9239546	0.130356
-0.3757433	-0.916779	0.1354001
-0.3746122	-0.9148948	0.1504432
-0.3450131	-0.9268489	0.1480445
-0.3506241	-0.9264582	0.1368861
-0.3662197	-0.9244678	0.1060309
-0.3768376	-0.9077802	0.1841966
-0.3948908	-0.9084217	0.1372266
-0.3594135	-0.9155527	0.1805134
-0.3616264	-0.9217621	0.1399327
-0.3453968	-0.9227759	0.1708384
-0.3265181	-0.9318128	0.1584641
-0.34706	-0.9160063	0.2012012
-0.3343131	-0.9274139	0.1677444
-0.3272314	-0.9250103	0.1930685
-0.3215246	-0.9313752	0.1707694
-0.3398669	-0.920643	0.1921119
-0.3540657	-0.9244479	0.1415398
-0.3514088	-0.9226335	0.1589317
-0.3640474	-0.9232946	0.1224606
-0.373562	-0.9218029	0.1035902
-0.372047	-0.9132822	0.165821
-0.3670533	-0.9194883	0.1407597
-0.3693853	-0.9210366	0.1234749
-0.3715124	-0.9191759	0.1307453
-0.336968	-0.9313641	0.13789
-0.3604571	-0.9255009	0.1162709
-0.3963983	-0.9069406	0.1425734
-0.3500805	-0.9182702	0.1849962
-0.3643402	-0.9157436	0.169322
-0.3090735	-0.9354315	0.1715852
-0.3725508	-0.9133313	0.1644135
-0.3406508	-0.9291926	0.1433809
-0.3444318	-0.9269429	0.1488075
-0.3380708	-0.9251024	0.1728977
-0.3294219	-0.9354972	0.1277738
-0.3314415	-0.9313197	0.1509639
-0.3472978	-0.9228641	0.1664515
-0.3376815	-0.9252853	0.1726795
-0.3641744	-0.9180954	0.1564539
-0.3451809	-0.9208118	0.1815375
-0.3727165	-0.9132575	0.164448
-0.3711955	-0.9172319	0.1445664
-0.40212	-0.9026138	0.1535834
-0.3426692	-0.930778	0.1273982
-0.3700007	-0.9174052	0.1465167
-0.3442954	-0.9269397	0.1491429
-0.3475932	-0.9226931	0.1667822
-0.4061547	-0.9012029	0.1512335
-0.352686	-0.9224631	0.1570806
-0.343531	-0.9267503	0.1520534
-0.3339818	-0.9273865	0.1685539
-0.3461635	-0.9228511	0.1688689
-0.3374101	-0.9250706	0.1743526
-0.3328237	-0.9250153	0.1832354
-0.3279694	-0.9334974	0.144978
-0.3710331	-0.9171809	0.1453051
-0.3328005	-0.93269	0.1390439
-0.3419684	-0.9227306	0.1778365
-0.3660628	-0.9194783	0.1433801
-0.3727454	-0.9166796	0.1440811
-0.3718119	-0.9187927	0.1325747
-0.3900096	-0.9157319	0.09657961
-0.3418093	-0.9289551	0.1421579
-0.3424567	-0.9225025	0.1780803
-0.3426072	-0.9152404	0.2120266
-0.3526056	-0.9126155	0.2068868
-0.3561288	-0.9199787	0.1637419
-0.3855039	-0.9133974	0.1307364
-0.3288774	-0.9270335	0.180135
-0.3734037	-0.9101467	0.179451
-0.3792273	-0.914406	0.141592
-0.3914756	-0.9071105	0.154587
-0.3488214	-0.9246091	0.153042
-0.3757383	-0.9107953	0.1710925
-0.3786552	-0.9146194	0.1417444
-0.328838	-0.9352151	0.1312942
-0.3452887	-0.928632	0.1357142
-0.3438589	-0.9268616	0.1506281
-0.3768251	-0.916411	0.1348835
-0.3409896	-0.9289669	0.1440363
-0.3392256	-0.9269921	0.1600367
-0.3899103	-0.9109945	0.1343832
-0.3743017	-0.9148659	0.1513888
-0.3440133	-0.9268197	0.1505329
-0.3926691	-0.9078108	0.147277
-0.369525	-0.911359	0.1813175
-0.3679021	-0.9155927	0.1622899
-0.3550435	-0.9260679	0.1278369
-0.3714176	-0.9236627	0.0943206
-0.3427486	-0.9320195	0.117741
-0.3393061	-0.9271942	0.1586892
-0.3394214	-0.9272413	0.1581669
-0.3731909	-0.9151585	0.1523597
-0.3693853	-0.9208072	0.125174
-0.3647972	-0.9230978	0.1217099
-0.3457301	-0.9203628	0.1827649
-0.3354113	-0.9360244	0.106573
-0.3703394	-0.919113	0.134462
-0.3678957	-0.9130638	0.1759749
-0.3185002	-0.9267273	0.1993343
-0.3424591	-0.9247683	0.1659074
-0.3391339	-0.9269968	0.1602039
-0.3461266	-0.9285192	0.1343446
-0.3369356	-0.9308214	0.1415836
-0.3666151	-0.9157298	0.1644149
-0.3350997	-0.9200435	0.2030471
-0.3390247	-0.9268637	0.1612017
-0.3025624	-0.9414668	0.1486478
-0.4144332	-0.8918962	0.1810147
-0.3108971	-0.9312978	0.1898088
-0.3338842	-0.9273167	0.1691301
-0.3581885	-0.9183568	0.168291
-0.3787064	-0.9124954	0.1547044
-0.3712867	-0.9191017	0.1319029
-0.365911	-0.9176109	0.1552394
-0.3424368	-0.930861	0.1274163
-0.3358014	-0.9363098	0.1027688
-0.3074727	-0.9417509	0.1362563
-0.356188	-0.9203795	0.1613433
-0.3652137	-0.9177689	0.1559464
-0.3451244	-0.9271022	0.1461868
-0.3586369	-0.9240675	0.1322078
-0.3395039	-0.9273102	0.1575846
-0.3555921	-0.920554	0.161662
-0.3582988	-0.9184807	0.1673775
-0.3289671	-0.9275607	0.1772342
-0.3546275	-0.9261199	0.1286127
-0.3678389	-0.9132318	0.1752206
-0.3560582	-0.9274666	0.1141405
-0.3233787	-0.9272588	0.1887252
-0.3285953	-0.9273188	0.1791791
-0.3719003	-0.9155563	0.1531239
-0.3501911	-0.9205589	0.1730246
-0.3651032	-0.924677	0.1080365
-0.3771334	-0.9164191	0.1339639
-0.3867712	-0.9098911	0.1500203
-0.3791849	-0.9123339	0.1544849
-0.3450999	-0.9267857	0.1482379
-0.3810239	-0.9105034	0.1606374
-0.370074	-0.9113263	0.1803596
-0.3847467	-0.9056028	0.1784759
-0.3683065	-0.9210511	0.1265503
-0.3593081	-0.9156271	0.1803461
-0.3356904	-0.9291921	0.1546417
-0.356535	-0.9202035	0.1615806
-0.3820773	-0.9124926	0.1461987
-0.3692578	-0.9153352	0.1606553
-0.3908934	-0.9009891	0.1882048
-0.3559133	-0.9274572	0.1146678
-0.3276666	-0.9332929	0.1469665
-0.3269244	-0.9250305	0.1934917
-0.3223419	-0.9341099	0.1534097
-0.3278984	-0.9335279	0.1449425
-0.3565784	-0.9202491	0.1612245
-0.4006302	-0.90637	0.1341229
-0.3641658	-0.9157082	0.169888
-0.3596543	-0.9181859	0.1660823
-0.3582144	-0.9159755	0.1807519
-0.3579595	-0.9223083	0.1456452
-0.3514463	-0.9228392	0.1576492
-0.375142	-0.9150231	0.1483279
-0.3541095	-0.9264578	0.1276022
-0.340895	-0.9293829	0.1415551
-0.3592051	-0.9242247	0.1295393
-0.3789326	-0.9167501	0.1264096
-0.3541052	-0.9264906	0.1273758
-0.3604267	-0.9143927	0.1843331
-0.3432491	-0.9254703	0.1602654
-0.3481681	-0.9250556	0.1518254
-0.332433	-0.9254389	0.1818001
-0.3599464	-0.9143377	0.1855404
-0.3298666	-0.9293853	0.1656233
-0.3584108	-0.9184409	0.1673561
-0.3427687	-0.9250793	0.1635173
-0.3355895	-0.9363969	0.1026672
-0.3431721	-0.9322795	0.114402
-0.3619951	-0.9135861	0.1852567
-0.3577097	-0.9221191	0.1474456
-0.3756669	-0.9146109	0.1495368
-0.383848	-0.908399	0.1657472
-0.39448	-0.9105647	0.1235213
-0.3544945	-0.9244133	0.1406893
-0.380496	-0.9161284	0.1262199
-0.3665577	-0.9135495	0.1762459
-0.3224201	-0.9340572	0.153566
-0.3528928	-0.9245327	0.1438954
-0.375572	-0.9168648	0.1352945
-0.3543363	-0.9183361	0.1763651
-0.3646478	-0.9233372	0.1203342
-0.3302544	-0.929576	0.1637698
-0.3651808	-0.9178835	0.1553481
-0.3694547	-0.9154399	0.1596032
-0.3670638	-0.9108167	0.1888842
-0.3459217	-0.9288579	0.1325188
-0.3473316	-0.9303784	0.1172891
-0.3807707	-0.910706	0.1600891
-0.3820785	-0.9103075	0.159236
-0.3573635	-0.922307	0.14711
-0.3653698	-0.9198253	0.1429215
-0.3183414	-0.9269614	0.1984976
-0.3336435	-0.9271172	0.1706914
-0.3589233	-0.92388	0.1327402
-0.3586361	-0.9182182	0.1680936
-0.3136101	-0.9264293	0.2082722
-0.35368	-0.9258943	0.1327787
-0.3477106	-0.9301195	0.1182158
-0.3266743	-0.9315003	0.1599724
-0.3610011	-0.9137498	0.1863857
-0.3635088	-0.9215559	0.1363681
-0.341617	-0.9228695	0.177791
-0.3478345	-0.9226686	0.1664151
-0.369285	-0.9152361	0.1611573
-0.3478453	-0.9246047	0.1552736
-0.3915787	-0.9071515	0.1540847
-0.3493632	-0.9180484	0.187436
-0.3973317	-0.9002172	0.1781475
-0.3788146	-0.9123376	0.1553689
-0.3727776	-0.9128864	0.1663584
-0.3547067	-0.9259144	0.1298677
-0.3403682	-0.9288238	0.1464098
-0.341371	-0.9228072	0.1785851
-0.3278043	-0.9332849	0.1467098
-0.3476943	-0.9247789	0.154572
-0.319725	-0.9293261	0.1847402
-0.340528	-0.9290324	0.1447046
-0.3559458	-0.9274349	0.1147476
-0.3777494	-0.9125637	0.1566294
-0.3237036	-0.927134	0.1887818
-0.3519475	-0.9223958	0.1591193
-0.3699995	-0.9172229	0.1476571
-0.3328647	-0.9330653	0.1363459
-0.3960493	-0.9068215	0.1442903
-0.3666565	-0.9194444	0.1420739
-0.3609979	-0.9137226	0.1865248
-0.3838622	-0.9139654	0.131594
-0.3278207	-0.9333448	0.1462909
-0.3590379	-0.9238985	0.1323003
-0.3415079	-0.9292184	0.1411581
-0.3778657	-0.9148951	0.1420722
-0.3577191	-0.9160289	0.1814614
-0.3542478	-0.9183376	0.1765347
-0.3676568	-0.9179517	0.1489732
-0.3722509	-0.9175085	0.1400268
-0.3340276	-0.927374	0.1685317
-0.3285759	-0.927345	0.1790789
-0.295941	-0.9423448	0.1562212
-0.3592609	-0.9220982	0.1437594
-0.328624	-0.935545	0.1294673
-0.3705851	-0.9109922	0.180997
-0.3781044	-0.910161	0.1692452
-0.3485387	-0.924834	0.1523251
-0.3816908	-0.9159273	0.124054
-0.3453663	-0.9287328	0.1348246
-0.3706468	-0.911033	0.180665
-0.346343	-0.9302881	0.1208736
-0.3410657	-0.9292644	0.1419223
-0.3734477	-0.9128668	0.1649573
-0.3753127	-0.9168418	0.136167
-0.3418843	-0.9309254	0.1284255
-0.3193679	-0.9294602	0.1846827
-0.3539312	-0.9184116	0.1767848
-0.379354	-0.9016906	0.2074718
-0.3336777	-0.9273722	0.1692337
-0.3630558	-0.9181978	0.1584406
-0.3397318	-0.9208045	0.191576
-0.3284052	-0.9274358	0.178922
-0.3763676	-0.9152175	0.1439595
-0.3648283	-0.9178462	0.1563931
-0.3684046	-0.915509	0.1616211
-0.3601276	-0.9180223	0.1659615
-0.3717267	-0.9206788	0.1190374
-0.3471795	-0.9227352	0.1674104
-0.358833	-0.9238945	0.132883
-0.3071504	-0.9417517	0.1369756
-0.3730569	-0.9152657	0.1520439
-0.3396289	-0.9272012	0.1579562
-0.3574987	-0.922134	0.1478634
-0.3729857	-0.9152806	0.152129
-0.3239813	-0.9354129	0.1415591
-0.3332978	-0.9271348	0.1712707
-0.3419923	-0.9227685	0.1775935
-0.3379665	-0.9250532	0.1733644
-0.3237461	-0.9271236	0.1887597
-0.3385944	-0.9180701	0.2061583
-0.3494347	-0.9181551	0.1867789
-0.3518406	-0.9225907	0.1582232
-0.3649569	-0.9177623	0.1565851
-0.3719033	-0.9107383	0.1795655
-0.3423974	-0.9311317	0.1255296
-0.3261703	-0.9319274	0.1585065
-0.3339716	-0.9351082	0.1184722
-0.3784666	-0.9126289	0.1545037
-0.324754	-0.9374903	0.1250866
-0.3644923	-0.9232264	0.1216479
-0.3381099	-0.9249802	0.1734745
-0.3488334	-0.9263312	0.1422175
-0.321679	-0.9392347	0.1198361
-0.3441695	-0.9320043	0.1136457
-0.3643916	-0.9229446	0.1240643
-0.3565074	-0.9199417	0.1631253
-0.3596981	-0.9111911	0.2008683
-0.335966	-0.9291039	0.1545735
-0.3456675	-0.920364	0.1828778
-0.3585537	-0.9237239	0.1348092
-0.3531724	-0.9183062	0.178838
-0.3458286	-0.920321	0.1827891
-0.3220626	-0.9244662	0.2040537
-0.385466	-0.91344	0.1305506
-0.3568164	-0.9220707	0.149892
-0.3431679	-0.9321105	0.1157835
-0.3836104	-0.9106358	0.153576
-0.3373407	-0.9249813	0.1749594
-0.3751292	-0.9082035	0.1855923
-0.3353323	-0.929218	0.1552617
-0.34227	-0.9249302	0.1653949
-0.3647501	-0.9176827	0.1575307
-0.3347793	-0.9201631	0.203034
-0.3464086	-0.922743	0.1689571
-0.3896193	-0.9076492	0.156108
-0.3958246	-0.913278	0.09615672
-0.3632575	-0.9215269	0.1372307
-0.3433772	-0.9320578	0.1155873
-0.3737857	-0.9185238	0.1288345
-0.346355	-0.9225994	0.1698484
-0.3502822	-0.9204267	0.1735425
-0.3631343	-0.9179759	0.1595423
-0.3195819	-0.9293146	0.1850449
-0.3305613	-0.9227211	0.1982799
-0.3399349	-0.9354051	0.0972712
-0.3075156	-0.9362025	0.1701729
-0.3579806	-0.922058	0.1471698
-0.344292	-0.9179136	0.1972246
-0.3246658	-0.9295828	0.1745511
-0.3892873	-0.9053524	0.1696838
-0.3642247	-0.915451	0.1711429
-0.3723856	-0.918883	0.1303187
-0.3539388	-0.9183274	0.1772066
-0.3626413	-0.9234418	0.1254859
-0.3478251	-0.924784	0.154247
-0.3326133	-0.9176635	0.2173985
-0.3287124	-0.9350188	0.1329959
-0.3320174	-0.9250666	0.1844348
-0.3503408	-0.9204571	0.1732629
-0.3298291	-0.929369	0.1657895
-0.3230441	-0.9271727	0.1897192
-0.3340287	-0.9204872	0.2028006
-0.3193071	-0.9293717	0.1852327
-0.3556089	-0.9203146	0.1629827
-0.3648926	-0.9176598	0.1573343
-0.3502906	-0.9280847	0.1263136
-0.3599667	-0.9111555	0.2005484
-0.3928455	-0.9043823	0.1666278
-0.3317344	-0.9315886	0.1486433
-0.383705	-0.9158573	0.1182194
-0.3404827	-0.9293442	0.1427959
-0.3773639	-0.9150667	0.1423005
-0.3539887	-0.9263087	0.1290121
-0.3561166	-0.9204575	0.1610558
-0.3440257	-0.927345	0.1472337
-0.3702687	-0.9115395	0.1788766
-0.350216	-0.9141276	0.2042532
-0.3572315	-0.9164419	0.1803333
-0.3509873	-0.9229005	0.1583121
-0.3339774	-0.9208329	0.2013105
-0.3515151	-0.9227685	0.1579096
-0.3499994	-0.9207525	0.1723813
-0.3321514	-0.9253306	0.1828625
-0.3557317	-0.9225879	0.1492867
-0.3741111	-0.915184	0.1499303
-0.3216744	-0.9389039	0.1224137
-0.3532124	-0.9225093	0.1556201
-0.3410009	-0.9292097	0.1424344
-0.3582464	-0.9221467	0.1459627
-0.3668301	-0.9194815	0.1413847
-0.3527431	-0.9224708	0.1569072
-0.3717849	-0.9189557	0.1315158
-0.3626454	-0.921676	0.1378467
-0.3498007	-0.9265088	0.1386393
-0.3686685	-0.9191182	0.1389432
-0.3649173	-0.9112986	0.1907101
-0.3330584	-0.9333543	0.1338725
-0.3852352	-0.9154512	0.1163746
-0.3503556	-0.926578	0.1367622
-0.355416	-0.9260752	0.1267443
-0.3738759	-0.9171402	0.1380967
-0.3403587	-0.9290748	0.1448302
-0.3561275	-0.9204724	0.1609463
-0.3520425	-0.9227142	0.1570494
-0.3670176	-0.9136165	0.1749364
-0.3628507	-0.9198711	0.1489181
-0.3453646	-0.9207246	0.1816305
-0.3601694	-0.9180748	0.1655793
-0.3628522	-0.9235501	0.1240707
-0.3548079	-0.9261121	0.1281706
-0.3694766	-0.9154039	0.159759
-0.3567574	-0.9202551	0.1607937
-0.3745816	-0.9148662	0.1506932
-0.3679767	-0.9192144	0.1401357
-0.3501023	-0.9263737	0.1387813
-0.3333025	-0.9330423	0.135431
-0.3538488	-0.9183714	0.177158
-0.3464634	-0.9228258	0.1683918
-0.3393315	-0.9272404	0.1583651
-0.3253925	-0.9371271	0.1261448
-0.339327	-0.9272137	0.1585309
-0.3071941	-0.9334859	0.1850297
-0.3666545	-0.9135553	0.176014
-0.3354042	-0.9294012	0.1540048
-0.3757164	-0.9167076	0.1359571
-0.349174	-0.926429	0.1407375
-0.3747784	-0.9167693	0.138113
-0.3771849	-0.9103668	0.1701878
-0.3649733	-0.9176653	0.1571148
-0.3444459	-0.9269646	0.14864
-0.3535975	-0.9244637	0.1426025
-0.3347657	-0.9291895	0.1566487
-0.3633165	-0.9157824	0.1713003
-0.3482576	-0.9246949	0.1538046
-0.3565851	-0.9222613	0.1492686
-0.3479623	-0.9248153	0.153749
-0.3599629	-0.9140409	0.1869655
-0.2994243	-0.9454918	0.1280251
-0.3057914	-0.9398921	0.151969
-0.3622912	-0.9216495	0.1389504
-0.3494554	-0.9206011	0.1742827
-0.3392113	-0.9270399	0.1597901
-0.3036511	-0.9352344	0.1820234
-0.3507788	-0.9203896	0.1727342
-0.3779507	-0.9147068	0.1430548
-0.3265034	-0.9311264	0.162478
-0.3445752	-0.9266511	0.1502856
-0.3697664	-0.9150184	0.1612895
-0.3165785	-0.93122	0.1805751
-0.376083	-0.9164871	0.1364296
-0.3727868	-0.9128494	0.1665409
-0.3435615	-0.9246821	0.1640986
-0.3778898	-0.9124141	0.1571619
-0.3577261	-0.9219136	0.1486856
-0.3452532	-0.9265544	0.1493224
-0.3572667	-0.9218635	0.150094
-0.3606527	-0.9197125	0.1551088
-0.341767	-0.9225181	0.1793197
-0.3330214	-0.9325218	0.1396413
-0.3304068	-0.9291615	0.165802
-0.3316248	-0.9311908	0.1513561
-0.3337612	-0.9270602	0.1707709
-0.3049252	-0.9374131	0.1681582
-0.3593058	-0.9179091	0.1683512
-0.3817852	-0.9156975	0.125452
-0.3800232	-0.9040995	0.1954135
-0.3675447	-0.9130823	0.1766113
-0.3656313	-0.9135143	0.1783409
-0.3286494	-0.9271753	0.1798212
-0.3455578	-0.9203882	0.1829626
-0.395704	-0.9088982	0.131614
-0.3705326	-0.9237478	0.09693119
-0.34397	-0.9268827	0.150244
-0.3674094	-0.9193352	0.1408301
-0.3353735	-0.9294541	0.1537521
-0.3485115	-0.9183133	0.1877238
-0.3737468	-0.9087245	0.1858305
-0.3140836	-0.9292246	0.194662
-0.3398112	-0.9289922	0.1466347
-0.347394	-0.9247803	0.1552373
-0.3387533	-0.9272214	0.1597086
-0.3449095	-0.9206388	0.1829255
-0.3020101	-0.9416715	0.1484745
-0.3247711	-0.9295799	0.1743705
-0.3671302	-0.9157104	0.1633705
-0.356339	-0.9202675	0.1616483
-0.3456447	-0.9203441	0.1830202
-0.367755	-0.9130763	0.1762038
-0.3586199	-0.9253957	0.1226145
-0.3495207	-0.9180145	0.1873088
-0.3618327	-0.9218605	0.1387453
-0.3772264	-0.9181051	0.1215866
-0.3817005	-0.9076046	0.1748105
-0.3151781	-0.9373037	0.1487428
-0.3662444	-0.9030174	0.2245543
-0.3440108	-0.9073159	0.2417321
-0.3712647	-0.8932363	0.2535573
-0.3378699	-0.9013194	0.2710483
-0.3648591	-0.8968849	0.2499505
-0.3531041	-0.9023189	0.2472612
-0.3330734	-0.8994475	0.2829419
-0.3495374	-0.9031481	0.2492937
-0.3544696	-0.9156545	0.1895474
-0.3525292	-0.9187945	0.1775952
-0.3434874	-0.9103554	0.2308019
-0.3751437	-0.9018523	0.2143122
-0.3429889	-0.9194799	0.1921332
-0.3777034	-0.9025048	0.2069422
-0.3584	-0.9106222	0.2057098
-0.3261338	-0.924633	0.1966986
-0.3347465	-0.9205557	0.201301
-0.346064	-0.9212746	0.1774618
-0.3539623	-0.9190295	0.1734803
-0.3163486	-0.9325461	0.1740152
-0.3610136	-0.9068032	0.2176632
-0.3427159	-0.9170617	0.2038223
-0.3461712	-0.9123614	0.2185455
-0.3573342	-0.905296	0.2296768
-0.3318503	-0.91127	0.2438491
-0.3351837	-0.9176559	0.2134464
-0.3275783	-0.9223902	0.204667
-0.3311427	-0.9201108	0.2091425
-0.3352319	-0.9274282	0.1658206
-0.3601011	-0.916655	0.1734095
-0.3627793	-0.9188115	0.155488
-0.3754693	-0.9140397	0.153474
-0.3672642	-0.9124133	0.1806073
-0.3557265	-0.9253913	0.1308035
-0.3468988	-0.9279497	0.1362734
-0.3217221	-0.9369666	0.1363394
-0.3399035	-0.9243904	0.1731128
-0.3348195	-0.9242309	0.1835565
-0.3471922	-0.9199964	0.1818354
-0.3798677	-0.9124635	0.1520228
-0.3889852	-0.9115828	0.1330688
-0.3612247	-0.9129586	0.1897984
-0.3725726	-0.915073	0.154373
-0.3803789	-0.9126647	0.1495163
-0.3454545	-0.9248703	0.1589844
-0.3680805	-0.9084477	0.1980894
-0.3520856	-0.9078618	0.2276458
-0.3365747	-0.9270658	0.1651255
-0.3577286	-0.9182942	0.1696052
-0.3885729	-0.9102122	0.143265
-0.3323219	-0.917655	0.2178795
-0.352778	-0.9248568	0.1420826
-0.3438061	-0.9207941	0.1842158
-0.3453029	-0.9230833	0.1693614
-0.345753	-0.9249086	0.15811
-0.3772047	-0.9152462	0.1415664
-0.3420357	-0.9253427	0.1635617
-0.3798568	-0.9183503	0.1110916
-0.3773251	-0.9171659	0.1281889
-0.3564841	-0.9229698	0.1450723
-0.3579062	-0.9165562	0.1784033
-0.3344063	-0.9298143	0.1536802
-0.3786317	-0.9152848	0.1374475
-0.3464159	-0.9234347	0.1651196
-0.3434256	-0.9276439	0.1467501
-0.368426	-0.9182659	0.1450865
-0.319172	-0.9303159	0.1806702
-0.3574851	-0.9168515	0.1777295
-0.3911004	-0.9045706	0.1696835
-0.3695678	-0.9183456	0.1416364
-0.3323124	-0.9261419	0.178409
-0.3564564	-0.9231461	0.1440143
-0.3453842	-0.9214234	0.1780127
-0.3748465	-0.9094348	0.180051
-0.3611299	-0.9207708	0.1475339
-0.3656999	-0.9204205	0.1381655
-0.3735714	-0.9026746	0.2135957
-0.3401231	-0.9293919	0.143342
-0.3415172	-0.9233879	0.1752732
-0.3573497	-0.9169091	0.1777048
-0.3807277	-0.9184398	0.107306
-0.356698	-0.9231004	0.1437088
-0.3432435	-0.9260171	0.1570865
-0.3990017	-0.9058406	0.142304
-0.3379362	-0.9266627	0.1646065
-0.3454645	-0.9311709	0.1165116
-0.3680061	-0.9168187	0.1549682
-0.366922	-0.9168689	0.157225
-0.331996	-0.9262965	0.178195
-0.34235	-0.9263492	0.1570783
-0.3451983	-0.9312065	0.1170156
-0.376121	-0.9161234	0.1387478
-0.3371982	-0.9340199	0.1179166
-0.362323	-0.9170687	0.1664544
-0.3652027	-0.9208143	0.13685
-0.3523887	-0.9257271	0.1373006
-0.3893445	-0.9110435	0.1356864
-0.3758639	-0.9162406	0.1386701
-0.3769963	-0.9178953	0.1238625
-0.3474088	-0.9261106	0.1470581
-0.3748774	-0.9161196	0.1420978
-0.3712981	-0.9166026	0.1482475
-0.3435405	-0.9279831	0.1443164
-0.3505283	-0.923675	0.1547722
-0.354455	-0.9215826	0.1582627
-0.334006	-0.9216253	0.1976022
-0.3970808	-0.9041333	0.1577019
-0.3645787	-0.9210433	0.1369728
-0.3535259	-0.9197178	0.1707007
-0.3532273	-0.9274179	0.1229901
-0.3495072	-0.9217733	0.167865
-0.3191123	-0.9383287	0.1330663
-0.3788231	-0.9155949	0.1348296
-0.3712448	-0.9120228	0.1743325
-0.4153532	-0.8916637	0.1800484
-0.324543	-0.9307476	0.1684658
-0.3489894	-0.919568	0.1805576
-0.4110238	-0.900641	0.1410867
-0.3787184	-0.9074184	0.1821097
-0.3561091	-0.923546	0.1422989
-0.3550034	-0.9151787	0.1908418
-0.3626989	-0.9192322	0.1531721
-0.2980327	-0.936137	0.1866126
-0.3255391	-0.9323251	0.157462
-0.326595	-0.9342462	0.143247
-0.3428084	-0.9195009	0.192355
-0.3799132	-0.9173321	0.119029
-0.339101	-0.9301839	0.1406004
-0.3579343	-0.9193821	0.1631554
-0.3613448	-0.9279079	0.09174213
-0.3848954	-0.9114341	0.1454078
-0.3605005	-0.9149802	0.1812474
-0.3516107	-0.9238887	0.1509949
-0.3600817	-0.9174054	0.1694359
-0.3666033	-0.917061	0.1568476
-0.3418858	-0.9262331	0.1587657
-0.3462734	-0.9239795	0.1623476
-0.3819884	-0.913527	0.139833
-0.354809	-0.9194238	0.169619
-0.3652336	-0.9224963	0.1249208
-0.3550359	-0.9217044	0.1562391
-0.3384469	-0.921925	0.1884356
-0.3596261	-0.9126472	0.1942785
-0.3669671	-0.9189536	0.144428
-0.3030176	-0.936203	0.178057
-0.3384764	-0.9283745	0.1534749
-0.3626579	-0.9190844	0.1541531
-0.3574415	-0.9171784	0.1761234
-0.3484581	-0.9276618	0.1342406
-0.3541072	-0.9257357	0.132746
-0.3296386	-0.9306297	0.1589551
-0.3506053	-0.9217753	0.1655482
-0.3003407	-0.9438244	0.1378079
-0.3633418	-0.9169206	0.1650434
-0.3838847	-0.9115681	0.1472282
-0.354164	-0.9194039	0.1710682
-0.3513452	-0.9237654	0.1523615
-0.3585032	-0.917026	0.1747529
-0.3720494	-0.9163346	0.1480203
-0.3667435	-0.9205228	0.1346734
-0.3264149	-0.9323058	0.1557535
-0.3585993	-0.9190578	0.1635221
-0.3434591	-0.9191093	0.1930647
-0.3286133	-0.9279391	0.1759046
-0.370162	-0.9121941	0.175733
-0.3733751	-0.9099277	0.1806171
-0.374639	-0.9095322	0.1799909
-0.3900223	-0.9085492	0.1497359
-0.3991165	-0.896516	0.1922628
-0.3558044	-0.9228941	0.1472058
-0.3303859	-0.9303283	0.1591674
-0.3426012	-0.9257645	0.1599517
-0.3545618	-0.9190162	0.1723229
-0.3299449	-0.9301928	0.1608654
-0.3244855	-0.9379224	0.1225181
-0.3273661	-0.9343427	0.1408368
-0.3779471	-0.9154409	0.1382892
-0.3481171	-0.9255738	0.1487533
-0.3441358	-0.9275622	0.1455985
-0.3823319	-0.913059	0.1419354
-0.3618719	-0.9226509	0.1332812
-0.3443092	-0.921446	0.179968
-0.342173	-0.9258618	0.1603051
-0.3504389	-0.9235086	0.1559629
-0.366515	-0.914422	0.1717532
-0.3203899	-0.9323238	0.1676982
-0.3473013	-0.9260203	0.1478789
-0.3636456	-0.9126129	0.1868144
-0.3188564	-0.9307777	0.1788393
-0.35763	-0.9194617	0.1633742
-0.3472099	-0.9260857	0.1476841
-0.3759318	-0.9104618	0.1724371
-0.3464122	-0.9260506	0.1497623
-0.3381902	-0.930114	0.1432315
-0.3469669	-0.9261801	0.1476631
-0.3632777	-0.9210944	0.1400515
-0.3719579	-0.9166272	0.1464303
-0.3394319	-0.9219676	0.1864454
-0.3661465	-0.9170309	0.1580851
-0.3329236	-0.9288384	0.162546
-0.3691903	-0.9084582	0.1959646
-0.3370892	-0.9284675	0.155945
-0.3807918	-0.9079133	0.1751885
-0.3576494	-0.9196486	0.1622755
-0.3392153	-0.9241949	0.1754901
-0.330593	-0.9264855	0.179813
-0.3016637	-0.9366801	0.1778471
-0.3501526	-0.9240593	0.1533218
-0.3729934	-0.9165244	0.1444264
-0.3672445	-0.9169613	0.155928
-0.376708	-0.9161072	0.137254
-0.3654391	-0.9208756	0.1358026
-0.3533272	-0.9196295	0.1715858
-0.3451433	-0.9302309	0.124686
-0.3391732	-0.9303723	0.1391724
-0.3714356	-0.912165	0.1731784
-0.3678904	-0.9188092	0.1429909
-0.3330658	-0.9285904	0.1636674
-0.3255117	-0.9327721	0.154849
-0.3878011	-0.9127171	0.1286767
-0.3413667	-0.9259872	0.161296
-0.3500652	-0.9237386	0.1554392
-0.3336998	-0.9216683	0.197919
-0.3736832	-0.9180976	0.1321279
-0.3248428	-0.9236556	0.2033162
-0.3361628	-0.9260736	0.1714131
-0.3249503	-0.9235578	0.2035888
-0.328272	-0.9282479	0.1749097
-0.352297	-0.9170386	0.186888
-0.3800356	-0.9117586	0.1557854
-0.3390749	-0.930028	0.1416908
-0.3328005	-0.9283286	0.1656801
-0.3703718	-0.9202562	0.1263062
-0.3370348	-0.9281684	0.1578318
-0.3842313	-0.9134722	0.1339206
-0.3608693	-0.9290925	0.08099832
-0.3619289	-0.9147526	0.1795414
-0.3792766	-0.9157141	0.1327288
-0.3464392	-0.9327679	0.09961901
-0.3762567	-0.9093897	0.1773168
-0.3804524	-0.9101276	0.1640847
-0.3356845	-0.9238889	0.1836988
-0.3165697	-0.9345331	0.162578
-0.3530237	-0.9214374	0.1622575
-0.3516107	-0.9254743	0.140951
-0.351566	-0.9255294	0.140701
-0.3346911	-0.9239175	0.1853601
-0.3554351	-0.914977	0.1910048
-0.3274211	-0.9284656	0.1753486
-0.3381598	-0.9285641	0.1530255
-0.361838	-0.9172876	0.1663036
-0.3893679	-0.9067737	0.1617228
-0.3596066	-0.9125191	0.1949154
-0.3843639	-0.9131886	0.1354663
-0.3418472	-0.9262277	0.1588801
-0.3558254	-0.9234397	0.1436914
-0.3954191	-0.9099849	0.1247842
-0.3394761	-0.9216435	0.187961
-0.3561063	-0.9146212	0.1914585
-0.36388	-0.9188044	0.1529376
-0.3502347	-0.9234088	0.1570091
-0.3913867	-0.9067962	0.1566432
-0.3460691	-0.923641	0.1646924
-0.3625794	-0.9168448	0.1671282
-0.3207915	-0.9325727	0.1655326
-0.2976173	-0.936382	0.1860449
-0.3608904	-0.9147444	0.1816609
-0.3656902	-0.9145855	0.1726385
-0.3451631	-0.9214758	0.1781704
-0.3994232	-0.9031999	0.1571341
-0.3728527	-0.9160991	0.1474566
-0.3648399	-0.9186216	0.1517436
-0.3582665	-0.9248053	0.1279848
-0.3543407	-0.9283912	0.1119494
-0.3805604	-0.9114753	0.1561616
-0.3716093	-0.9141818	0.161797
-0.3639456	-0.9186674	0.1536027
-0.3687263	-0.9182473	0.1444398
-0.3220723	-0.9346413	0.1507147
-0.3561405	-0.9188409	0.1699862
-0.3614613	-0.9223934	0.1361474
-0.3545933	-0.9209056	0.1618531
-0.3537677	-0.9188907	0.1746089
-0.318559	-0.9360675	0.1493243
-0.3105921	-0.9404284	0.1383
-0.344768	-0.9291429	0.1335231
-0.3328267	-0.9259136	0.1786352
-0.3383763	-0.9277356	0.157506
-0.3377563	-0.9259585	0.1688828
-0.3710416	-0.9178536	0.1409718
-0.3612215	-0.9224426	0.1364502
-0.3438162	-0.9276029	0.1460929
-0.3632767	-0.9241003	0.1186113
-0.3671615	-0.9163568	0.1596326
-0.3617195	-0.916526	0.1707022
-0.4001044	-0.903715	0.1523666
-0.3595325	-0.9208666	0.150802
-0.3780287	-0.9118257	0.1602129
-0.3628696	-0.9141103	0.180909
-0.3742638	-0.9176662	0.1334744
-0.3663096	-0.9221351	0.1244354
-0.3437205	-0.929189	0.1358825
-0.3315586	-0.9256891	0.1821228
-0.3304535	-0.931829	0.1499846
-0.3499115	-0.9214149	0.168987
-0.3394623	-0.9212821	0.1897493
-0.3405086	-0.9311958	0.1301086
-0.3445462	-0.9289183	0.1356419
-0.3377176	-0.9254642	0.171647
-0.3628459	-0.9239857	0.1208022
-0.3729816	-0.9071254	0.1949571
-0.3606609	-0.9208369	0.1482668
-0.3563856	-0.9211371	0.1565115
-0.3791389	-0.9116543	0.1585567
-0.363673	-0.9187937	0.1534929
-0.3758313	-0.9140694	0.1524073
-0.3684202	-0.9203618	0.1311516
-0.3445915	-0.9296924	0.1301103
-0.3401953	-0.9320515	0.1246884
-0.3604953	-0.918668	0.1615315
-0.3326086	-0.9316067	0.1465623
-0.3087331	-0.9332633	0.1835851
-0.3593464	-0.9159905	0.1784143
-0.3388143	-0.9251083	0.1714039
-0.3406876	-0.9206659	0.1905418
-0.3418171	-0.9229094	0.1771986
-0.3475441	-0.9160825	0.2000146
-0.3513395	-0.9225876	0.1593506
-0.3376643	-0.9250377	0.1740349
-0.3843659	-0.9142376	0.1281896
-0.3451801	-0.9136578	0.2146623
-0.3888602	-0.9151422	0.1063136
-0.355334	-0.9205214	0.1624133
-0.3693009	-0.915827	0.157727
-0.3445149	-0.9254999	0.1573509
-0.3434944	-0.9252355	0.1610928
-0.3676701	-0.9215646	0.1246494
-0.3401278	-0.9277117	0.1538317
-0.3724954	-0.913574	0.1631861
-0.3176826	-0.9344727	0.1607433
-0.3684027	-0.9137498	0.1712914
-0.3200178	-0.9296583	0.182549
-0.3161008	-0.9319934	0.1773937
-0.3349822	-0.9295161	0.154229
-0.3368416	-0.9251929	0.1748024
-0.3513383	-0.9230539	0.1566301
-0.348299	-0.9270478	0.1388166
-0.3308107	-0.9230999	0.1960887
-0.3269006	-0.925526	0.1911486
-0.3597019	-0.9208975	0.1502079
-0.3360365	-0.9318897	0.136606
-0.377187	-0.9137148	0.1511794
-0.3708427	-0.9198886	0.1275957
-0.3831707	-0.9149325	0.1268019
-0.3165444	-0.9349466	0.1602326
-0.3581157	-0.9168078	0.176682
-0.3637053	-0.9187521	0.1536656
-0.3423432	-0.9258785	0.1598446
-0.3755402	-0.9193947	0.1169745
-0.3649808	-0.9207287	0.1380132
-0.3561772	-0.9232846	0.1438169
-0.3336866	-0.9281253	0.165035
-0.3333391	-0.9279719	0.166593
-0.3408224	-0.9239616	0.1735947
-0.366407	-0.9146526	0.170753
-0.3548583	-0.9149338	0.1922805
-0.3339674	-0.9302115	0.1522242
-0.3216462	-0.9344512	0.1527895
-0.3324183	-0.9189767	0.2120848
-0.3416356	-0.924125	0.1711081
-0.368082	-0.9165642	0.1562873
-0.3726231	-0.914067	0.1601046
-0.3790367	-0.9094691	0.1708715
-0.3956106	-0.9043248	0.1602772
-0.3691971	-0.9184611	0.1418545
-0.3572933	-0.9249659	0.1295366
-0.3650203	-0.9169617	0.1610633
-0.367415	-0.9186267	0.1453657
-0.3713296	-0.9143662	0.1613962
-0.3457136	-0.930976	0.1173275
-0.3618304	-0.9145731	0.1806512
-0.350709	-0.9215169	0.1667625
-0.3363569	-0.9237899	0.182965
-0.3518098	-0.9252999	0.1415977
-0.3650941	-0.920598	0.1385844
-0.3717795	-0.9101821	0.182616
-0.3428589	-0.919223	0.1935892
-0.314198	-0.9298429	0.1914985
-0.3191586	-0.9304689	0.1799043
-0.3523321	-0.9169531	0.1872408
-0.3678375	-0.9165853	0.1567389
-0.3775228	-0.9157327	0.1375135
-0.3821674	-0.9133428	0.140545
-0.3665714	-0.9204709	0.1354944
-0.3601876	-0.9189972	0.1603405
-0.3807769	-0.9114479	0.1557936
-0.3595067	-0.9166889	0.1744607
-0.3274159	-0.9347723	0.1378398
-0.323256	-0.9283268	0.1836163
-0.3896984	-0.9048643	0.1713352
-0.3539703	-0.9192672	0.1722001
-0.3622632	-0.9168117	0.1679934
-0.3525449	-0.9169575	0.1868182
-0.3597887	-0.907787	0.2155802
-0.314416	-0.937839	0.1469721
-0.3546324	-0.9213377	0.1592881
-0.3550017	-0.9147341	0.1929644
-0.3581393	-0.9190887	0.164354
-0.3640734	-0.9123625	0.1872044
-0.3819155	-0.9152243	0.1284715
-0.4002692	-0.9017274	0.1633161
-0.3729795	-0.9098853	0.1816451
-0.381209	-0.9197555	0.09343147
-0.3642607	-0.916535	0.1651598
-0.3539122	-0.9192038	0.1726573
-0.3732398	-0.9123072	0.1684859
-0.3683078	-0.9185072	0.1438538
-0.3864234	-0.907122	0.1667533
-0.3629023	-0.92431	0.1181221
-0.372262	-0.9140956	0.1607797
-0.3695378	-0.920097	0.1298594
-0.4027631	-0.8994634	0.1695508
-0.3515474	-0.9236316	0.1527055
-0.3663151	-0.9144161	0.1722104
-0.3458404	-0.9238807	0.163826
-0.3657879	-0.9206071	0.1366814
-0.3800517	-0.909215	0.169967
-0.342041	-0.9258694	0.1605423
-0.3556755	-0.9190679	0.1697329
-0.3802972	-0.9092326	0.1693225
-0.3554849	-0.9231294	0.1465003
-0.3515575	-0.9251463	0.1432185
-0.3559721	-0.9145404	0.1920926
-0.3509729	-0.9144635	0.2014312
-0.3425128	-0.9258635	0.1595677
-0.3403492	-0.9238195	0.1752708
-0.3409654	-0.9238219	0.1740567
-0.3126518	-0.9275907	0.2045099
-0.3330787	-0.9280293	0.1667939
-0.3629115	-0.9188547	0.1549236
-0.3688776	-0.9140659	0.1685613
-0.3624797	-0.9145456	0.1794849
-0.4062949	-0.903028	0.1395169
-0.3683181	-0.9185442	0.1435912
-0.3629285	-0.9188279	0.1550429
-0.3205399	-0.9327811	0.1648442
-0.3720424	-0.9198697	0.1241942
-0.371154	-0.907577	0.1963382
-0.3562663	-0.9212108	0.1563492
-0.3483054	-0.9257717	0.1470722
-0.3908875	-0.9068508	0.1575708
-0.3440936	-0.929483	0.1328944
-0.3500043	-0.9292196	0.1185245
-0.3674812	-0.9236295	0.1089312
-0.3265509	-0.9346422	0.1407423
-0.3691784	-0.9203141	0.1293422
-0.3887484	-0.9110315	0.1374638
-0.3548661	-0.9215693	0.1574174
-0.348271	-0.9278432	0.1334702
-0.3481396	-0.9196846	0.1816011
-0.3294131	-0.9241338	0.1935552
-0.3246572	-0.9237848	0.2030258
-0.3397465	-0.9241412	0.1747435
-0.3367387	-0.9195181	0.2027159
-0.3407454	-0.924305	0.1719097
-0.3324966	-0.9191757	0.211097
-0.3682424	-0.9128232	0.1764977
-0.3478668	-0.9198082	0.181498
-0.3374054	-0.928227	0.1566914
-0.3816493	-0.9100037	0.1619788
-0.3173498	-0.9370455	0.1457216
-0.3707987	-0.9217635	0.1134034
-0.3558537	-0.9233823	0.1439898
-0.3802079	-0.9117659	0.1553217
-0.3360983	-0.9323367	0.133365
-0.3669708	-0.916812	0.1574426
-0.3569378	-0.9233918	0.1412199
-0.348512	-0.9276155	0.1344205
-0.3605415	-0.9150046	0.1810426
-0.4048086	-0.9049891	0.1308615
-0.3685538	-0.9167296	0.1541914
-0.3660088	-0.9167259	0.1601598
-0.3566286	-0.9231374	0.1436431
-0.3523782	-0.9224231	0.1580035
-0.3497224	-0.9255314	0.1452091
-0.3998668	-0.9073956	0.1293827
-0.3651159	-0.9227928	0.1230612
-0.3765786	-0.9191674	0.1154117
-0.3771511	-0.9138209	0.1506267
-0.3644114	-0.926685	0.09197452
-0.3369151	-0.9324179	0.1307099
-0.3251857	-0.9279383	0.1821667
-0.3545133	-0.9189059	0.1730095
-0.3464281	-0.9282832	0.1351961
-0.3524778	-0.9189619	0.176829
-0.3384926	-0.926941	0.1618738
-0.3733868	-0.9132708	0.1628458
-0.3665133	-0.9204556	0.1357554
-0.3710205	-0.9197707	0.1279292
-0.3524172	-0.9316357	0.08863991
-0.3344322	-0.9341766	0.1243755
-0.395449	-0.9110276	0.1168281
-0.3615842	-0.9173077	0.1667436
-0.3261173	-0.9346415	0.1417486
-0.3971212	-0.904599	0.1549044
-0.372659	-0.9150709	0.1541769
-0.3538295	-0.9165829	0.1862271
-0.3717187	-0.9168876	0.1454046
-0.3824856	-0.9059533	0.1815306
-0.3761417	-0.9099957	0.1744279
-0.3356007	-0.92001	0.2023704
-0.3490375	-0.9162629	0.1965579
-0.3711889	-0.8977998	0.2370108
-0.3530995	-0.9106696	0.2144799
-0.3426795	-0.9025477	0.2607269
-0.3615935	-0.8968502	0.254774
-0.3482356	-0.9006056	0.2600798
-0.3651865	-0.8895344	0.2745312
-0.3755997	-0.8958805	0.2373247
-0.3459364	-0.9168251	0.1993984
-0.3496414	-0.9105277	0.2206588
-0.3368105	-0.9174517	0.2117572
-0.3439572	-0.9142303	0.214188
-0.3302283	-0.9206679	0.2081346
-0.3226022	-0.9262799	0.1947648
-0.3599588	-0.916319	0.1754679
-0.3366564	-0.9174791	0.2118831
-0.3640067	-0.9140267	0.1790371
-0.3546292	-0.9020823	0.2459382
-0.3752276	-0.9061655	0.1951113
-0.3309845	-0.919005	0.214194
-0.3661785	-0.9072917	0.2067247
-0.3370025	-0.9196334	0.2017516
-0.3357763	-0.9212456	0.1963695
-0.3423626	-0.9257916	0.1603048
-0.3674016	-0.9113581	0.1855866
-0.3955837	-0.8996128	0.1849604
-0.353862	-0.9286908	0.1109735
-0.3443801	-0.9253862	0.1583127
-0.3678555	-0.9214267	0.1251207
-0.3992772	-0.9057141	0.1423367
-0.3538238	-0.9252622	0.1367436
-0.4193369	-0.8933057	0.1617452
-0.3911435	-0.9115675	0.1266944
-0.3489268	-0.9207433	0.1745907
-0.3584802	-0.9271134	0.1093287
-0.3654659	-0.9053531	0.2162648
-0.328954	-0.926622	0.1821013
-0.3511179	-0.9214367	0.1663448
-0.3623519	-0.9123268	0.1906854
-0.3687164	-0.905835	0.2085931
-0.3335302	-0.9196155	0.2075211
-0.3184552	-0.9294173	0.1864661
-0.3499634	-0.912659	0.2111378
-0.3529609	-0.9204713	0.1677828
-0.3570846	-0.9126745	0.1987857
-0.3522306	-0.9206926	0.1681034
-0.3848518	-0.9054309	0.1791197
-0.3510218	-0.9202937	0.1727523
-0.375142	-0.9111117	0.1707162
-0.3541206	-0.9190993	0.1727862
-0.3724389	-0.9095414	0.1844549
-0.3729755	-0.9100664	0.1807438
-0.3645963	-0.9151514	0.1719518
-0.4076707	-0.9034514	0.1325904
-0.3626319	-0.9147665	0.178046
-0.3801163	-0.9114296	0.1575045
-0.3802536	-0.9181976	0.1109973
-0.3563809	-0.9128085	0.1994324
-0.3673134	-0.9046524	0.216067
-0.3403783	-0.9237675	0.1754885
-0.3299876	-0.9260843	0.1829645
-0.3200721	-0.9205956	0.2237354
-0.3381411	-0.919426	0.2007895
-0.3597297	-0.9209629	0.1497399
-0.3473961	-0.9213486	0.1744492
-0.3495876	-0.9250754	0.1484055
-0.3557103	-0.9206001	0.1611387
-0.3530993	-0.919018	0.1752907
-0.3510839	-0.9251132	0.1445876
-0.3402674	-0.9319634	0.1251486
-0.3444699	-0.9296919	0.1304363
-0.3672095	-0.9155556	0.1640582
-0.3781081	-0.910271	0.1686441
-0.3723552	-0.914809	0.1564483
-0.38799	-0.910091	0.1455956
-0.3567829	-0.9246781	0.1329517
-0.3348764	-0.9308978	0.145901
-0.346393	-0.9260925	0.1495478
-0.3539002	-0.9268181	0.1255505
-0.3483404	-0.9212798	0.1729235
-0.3391943	-0.9231525	0.1809331
-0.3732192	-0.9133486	0.1627938
-0.351629	-0.9186043	0.1803421
-0.3680906	-0.9119098	0.181466
-0.3052901	-0.9347062	0.1819955
-0.3367926	-0.925844	0.1714169
-0.4251574	-0.8934526	0.144857
-0.3554068	-0.9206899	0.161295
-0.3865328	-0.9099843	0.1500695
-0.3609315	-0.9137677	0.1864326
-0.4089023	-0.8976089	0.1646124
-0.3618123	-0.9200116	0.1505671
-0.3714036	-0.9173131	0.1435132
-0.379011	-0.9111304	0.1618396
-0.3662126	-0.9244187	0.106482
-0.4087647	-0.901354	0.1430823
-0.362904	-0.917918	0.1603972
-0.3392395	-0.9270871	0.1594556
-0.3510638	-0.9263797	0.1362897
-0.3562247	-0.9257165	0.1270936
-0.3908007	-0.9034431	0.1762535
-0.3554461	-0.9137977	0.1965499
-0.3631947	-0.9177913	0.1604641
-0.3369097	-0.9184187	0.2073619
-0.3540555	-0.9203354	0.1662155
-0.3541707	-0.9139066	0.1983377
-0.3651152	-0.91364	0.1787537
-0.3414187	-0.9290534	0.1424536
-0.3676669	-0.9175292	0.1515302
-0.3821253	-0.9102312	0.1595603
-0.3465912	-0.9228819	0.1678196
-0.3897866	-0.9077044	0.1553682
-0.351696	-0.9280674	0.1224785
-0.3519729	-0.9279462	0.1226012
-0.3735623	-0.9150743	0.1519545
-0.3456984	-0.9283704	0.1364595
-0.3706188	-0.9172575	0.1458784
-0.3863535	-0.9118027	0.1390928
-0.3627836	-0.9197922	0.1495672
-0.3362219	-0.9229645	0.1873273
-0.355872	-0.92567	0.1284144
-0.3249862	-0.9224792	0.2083649
-0.3375351	-0.9248816	0.1751116
-0.368758	-0.9113571	0.1828816
-0.3390535	-0.9268822	0.1610347
-0.3246363	-0.9290342	0.1775015
-0.3378879	-0.9309087	0.1387114
-0.3758319	-0.9180633	0.1261354
-0.3496546	-0.9245331	0.1515921
-0.355439	-0.9256864	0.1294906
-0.3872175	-0.9096043	0.1506074
-0.3635668	-0.9156613	0.1714169
-0.3637092	-0.9156333	0.1712638
-0.3429049	-0.9304023	0.12949
-0.3785417	-0.9177325	0.1203044
-0.3678119	-0.9088821	0.1965901
-0.3339292	-0.9327762	0.1357199
-0.3840584	-0.9079481	0.1677184
-0.3687765	-0.9151387	0.1628653
-0.3434369	-0.9248767	0.163261
-0.3598581	-0.9199236	0.1557009
-0.3672964	-0.9154484	0.164461
-0.3492391	-0.9136742	0.2079221
-0.3045262	-0.9379088	0.166105
-0.3413601	-0.9228551	0.1783586
-0.3632728	-0.9039801	0.2255058
-0.3372312	-0.9247674	0.1762962
-0.3514351	-0.9159909	0.1935309
-0.3827276	-0.91202	0.1474419
-0.375237	-0.908366	0.184576
-0.3643252	-0.917603	0.1589714
-0.3646596	-0.9175031	0.1587816
-0.3681394	-0.9130844	0.1753577
-0.3352711	-0.9287906	0.1579282
-0.3906053	-0.90727	0.1558483
-0.3451007	-0.926481	0.1501279
-0.3568141	-0.9199001	0.1626882
-0.3631374	-0.9227596	0.1290189
-0.3461766	-0.92046	0.1814253
-0.334022	-0.9203134	0.2035989
-0.3435962	-0.9248909	0.1628443
-0.3326955	-0.9249721	0.1836855
-0.3484287	-0.9181377	0.188734
-0.3139904	-0.9289535	0.1961007
-0.3390374	-0.9205292	0.1941119
-0.3407674	-0.922798	0.1797818
-0.3626667	-0.9087039	0.2067125
-0.3732466	-0.9110005	0.1753998
-0.3663263	-0.9190983	0.1451326
-0.3586633	-0.9155768	0.1818785
-0.3436749	-0.930387	0.1275448
-0.37309	-0.9127486	0.1664146
-0.3912722	-0.9055396	0.1640248
-0.3428634	-0.9247136	0.1653763
-0.3323155	-0.9313712	0.1487083
-0.3664876	-0.9133305	0.1775227
-0.3573376	-0.9158277	0.1832199
-0.3593865	-0.9178044	0.1687498
-0.3799736	-0.91743	0.1180777
-0.3395488	-0.9205372	0.1931783
-0.3911035	-0.9031633	0.1770146
-0.3411477	-0.9154561	0.2134438
-0.3349897	-0.9285961	0.1596593
-0.3563695	-0.9157477	0.1854911
-0.3298864	-0.9288474	0.1685748
-0.3634349	-0.915422	0.1729675
-0.3479022	-0.9137264	0.2099237
-0.3318339	-0.9307087	0.1538427
-0.378262	-0.9142526	0.1451208
-0.3702199	-0.9205714	0.1244414
-0.3947163	-0.906827	0.147864
-0.3494326	-0.9244355	0.1526954
-0.3718715	-0.9167392	0.1459482
-0.3713866	-0.9090362	0.1890112
-0.3644082	-0.9229493	0.1239809
-0.3279414	-0.9331208	0.1474445
-0.3759447	-0.910585	0.1717572
-0.3584312	-0.9179205	0.170144
-0.3536149	-0.9224168	0.1552542
-0.3572567	-0.9181065	0.1716046
-0.345325	-0.928245	0.1382457
-0.349923	-0.9204186	0.1743087
-0.3561017	-0.918174	0.1736321
-0.3265744	-0.9252703	0.1929354
-0.3208923	-0.9248887	0.2039829
-0.3446555	-0.9207987	0.1825989
-0.342619	-0.9250302	0.1641076
-0.354392	-0.9140174	0.1974298
-0.3622934	-0.9159676	0.1724723
-0.3802653	-0.9067349	0.1822914
-0.3975533	-0.9049512	0.1517061
-0.3529785	-0.9279596	0.1195706
-0.3597017	-0.9237014	0.1318726
-0.3628837	-0.9215777	0.137877
-0.3416175	-0.9229878	0.1771751
-0.3832397	-0.9154851	0.1225326
-0.3700961	-0.9151754	0.1596338
-0.3566209	-0.9256994	0.1261031
-0.4052892	-0.897608	0.1733223
-0.374443	-0.9085987	0.1850427
-0.3559045	-0.9257339	0.127862
-0.3677673	-0.9156262	0.1624058
-0.3731106	-0.9131531	0.1641335
-0.3748805	-0.911166	0.1710007
-0.3582398	-0.9162902	0.179099
-0.3636116	-0.9160486	0.1692387
-0.3716139	-0.9135298	0.1654281
-0.372384	-0.915369	0.1530679
-0.3410331	-0.9232316	0.1770312
-0.3481373	-0.9247345	0.1538394
-0.3417153	-0.9303224	0.133157
-0.3356369	-0.9293275	0.1539423
-0.3571063	-0.9223296	0.1475913
-0.3454687	-0.9165778	0.2013364
-0.328023	-0.9274739	0.1794242
-0.378113	-0.8988126	0.2217352
-0.3683123	-0.9116899	0.1821194
-0.3469847	-0.9247105	0.1565632
-0.3469366	-0.9188195	0.1881639
-0.3632401	-0.91179	0.1915613
-0.3947383	-0.9071692	0.1456908
-0.3353954	-0.9292829	0.1547357
-0.3727379	-0.913143	0.1650341
-0.3640147	-0.9178075	0.1585017
-0.3599795	-0.9181111	0.1657909
-0.3584168	-0.9237427	0.1350436
-0.354829	-0.9183651	0.1752201
-0.4010209	-0.9060953	0.1348094
-0.3408704	-0.929028	0.1439247
-0.3473681	-0.9188129	0.1873986
-0.3336173	-0.9276883	0.1676127
-0.3764361	-0.9067132	0.1901761
-0.3210191	-0.9366665	0.1400088
-0.327786	-0.9273606	0.18044
-0.3298866	-0.929619	0.1642657
-0.338533	-0.9324703	0.126073
-0.3585853	-0.9182707	0.1679153
-0.3404741	-0.9290907	0.1444565
-0.3875012	-0.9082553	0.1578456
-0.3798088	-0.9108486	0.1615557
-0.3574294	-0.9163268	0.1805255
-0.3809328	-0.9067302	0.1809159
-0.3637862	-0.9234056	0.1223998
-0.3780136	-0.9208234	0.09586442
-0.3641876	-0.9232002	0.1227543
-0.3587933	-0.9184015	0.1667515
-0.3718133	-0.9154879	0.1537421
-0.3935427	-0.908996	0.1372962
-0.3493989	-0.9265316	0.1394984
-0.3459256	-0.9229332	0.1689076
-0.3394611	-0.920908	0.1915579
-0.3934845	-0.9014863	0.1802562
-0.3448399	-0.9208527	0.1819774
-0.3703053	-0.9172686	0.1466025
-0.3250091	-0.9300109	0.1716064
-0.3195634	-0.9295805	0.1837373
-0.3457524	-0.9283221	0.136651
-0.3694037	-0.9071439	0.2015714
-0.3528953	-0.9257109	0.1361044
-0.3739884	-0.9200943	0.1164427
-0.3461101	-0.9227755	0.1693907
-0.3800053	-0.9141351	0.141255
-0.3470166	-0.9227638	0.1675897
-0.3383216	-0.93225	0.128252
-0.3856145	-0.9100793	0.1518461
-0.3892772	-0.9113078	0.1340949
-0.3913893	-0.9025027	0.1797313
-0.3648044	-0.9157075	0.1685156
-0.3446795	-0.926819	0.1490052
-0.3497474	-0.9263075	0.1401115
-0.366199	-0.9094935	0.1967739
-0.3440647	-0.9137905	0.2158851
-0.3441806	-0.9208117	0.1834271
-0.3595062	-0.9180791	0.1669916
-0.3602385	-0.9199722	0.1545293
-0.3642411	-0.9177852	0.1581103
-0.3796477	-0.9043257	0.1950968
-0.3770145	-0.9064902	0.1900934
-0.3717806	-0.9132265	0.166723
-0.3929335	-0.903097	0.1732606
-0.3688311	-0.9154392	0.1610425
-0.3373155	-0.929702	0.1478931
-0.3751458	-0.9148235	0.1495447
-0.4023185	-0.9023393	0.1546724
-0.346638	-0.9230403	0.1668491
-0.3822989	-0.9103454	0.1584897
-0.3646225	-0.9115938	0.1898612
-0.3888174	-0.9095767	0.1465994
-0.3265658	-0.9318226	0.1583083
-0.3452032	-0.916454	0.2023528
-0.3628038	-0.9181039	0.1595575
-0.3686128	-0.9139904	0.1695469
-0.3527064	-0.9187207	0.1776249
-0.3695197	-0.9138587	0.1682779
-0.3462853	-0.916434	0.2005869
-0.3627401	-0.9118717	0.1921191
-0.3462134	-0.9230441	0.1677077
-0.3630224	-0.9090948	0.2043562
-0.3830714	-0.9085149	0.1669045
-0.3538213	-0.9260018	0.1316473
-0.3741185	-0.9150869	0.1505035
-0.3504086	-0.9226648	0.160945
-0.3585506	-0.9182353	0.1681829
-0.3723	-0.9131296	0.1660936
-0.3453182	-0.928279	0.1380344
-0.347599	-0.9246789	0.1553828
-0.3516414	-0.9225791	0.158733
-0.3755	-0.9183101	0.1253245
-0.372283	-0.9231955	0.09547487
-0.3313476	-0.9361781	0.1173853
-0.3560797	-0.9220356	0.1518475
-0.3322166	-0.9253608	0.1825908
-0.3003422	-0.9454889	0.1258777
-0.324231	-0.9292841	0.176933
-0.3807908	-0.9024791	0.2013201
-0.3660901	-0.9156733	0.1658931
-0.3083284	-0.9357945	0.1709451
-0.3381957	-0.9251719	0.1722805
-0.3780338	-0.9124439	0.1566415
-0.379987	-0.9055446	0.1886767
-0.3401183	-0.9271332	0.1573008
-0.382912	-0.9032577	0.193659
-0.379425	-0.9123262	0.1539401
-0.3640894	-0.9178134	0.1582954
-0.3644534	-0.9038926	0.2239457
-0.353682	-0.9291218	0.1078968
-0.3871138	-0.9097286	0.1501223
-0.3675491	-0.9090586	0.1962653
-0.3605396	-0.9178776	0.1658671
-0.3752469	-0.9146874	0.1501223
-0.339045	-0.9269791	0.1604937
-0.375397	-0.906921	0.1912364
-0.3500639	-0.9206555	0.1727681
-0.3382747	-0.9252862	0.1715097
-0.3846917	-0.9136455	0.1313931
-0.3592432	-0.9181739	0.1670361
-0.3861368	-0.9038018	0.1845015
-0.4020262	-0.9024504	0.1547839
-0.4105652	-0.9027519	0.1283553
-0.3744201	-0.9150879	0.1497456
-0.3295738	-0.9298097	0.1638138
-0.3166847	-0.9276394	0.1979795
-0.3505051	-0.9167132	0.1917895
-0.3745099	-0.9073759	0.1908175
-0.3018941	-0.9364029	0.1789121
-0.3371699	-0.9189371	0.2046244
-0.3367186	-0.9256341	0.1726907
-0.3588196	-0.9142715	0.188032
-0.3586705	-0.914248	0.18843
-0.367045	-0.9136227	0.1748471
-0.3606341	-0.9253564	0.1168697
-0.3543645	-0.9186593	0.1746167
-0.3795271	-0.9162651	0.1281306
-0.3445796	-0.9272161	0.1467485
-0.3745163	-0.9170294	0.1370927
-0.3969186	-0.9072557	0.1390782
-0.3556218	-0.9096136	0.2147936
-0.3629656	-0.9234169	0.1247295
-0.3656956	-0.9197553	0.1425375
-0.3492553	-0.9266014	0.1393941
-0.3660536	-0.9138863	0.1755467
-0.3568223	-0.9204971	0.1592569
-0.3355463	-0.9295723	0.1526565
-0.3951515	-0.9034653	0.1661495
-0.316598	-0.9393564	0.1318153
-0.3405172	-0.9231267	0.1785647
-0.3650948	-0.9177914	0.1560924
-0.3637769	-0.9216008	0.1353454
-0.37928	-0.9124446	0.1535952
-0.3572438	-0.9183003	0.170592
-0.3246309	-0.9294667	0.1752319
-0.3369282	-0.9185183	0.20689
-0.3593042	-0.9114519	0.2003896
-0.370207	-0.9134633	0.1689128
-0.3491189	-0.9206504	0.1746961
-0.3677517	-0.9134459	0.1742848
-0.3709054	-0.9220848	0.1104036
-0.3178404	-0.9341449	0.1623292
-0.3574447	-0.916088	0.1817033
-0.3545902	-0.9243227	0.1410434
-0.334611	-0.9276326	0.1659319
-0.3375443	-0.9252992	0.1728738
-0.3917253	-0.9093112	0.1403725
-0.3471609	-0.9229917	0.1660289
-0.3545664	-0.9205161	0.1641122
-0.3742973	-0.9149782	0.1507197
-0.3879561	-0.9080408	0.1579626
-0.3397195	-0.9230823	0.1803044
-0.3731459	-0.9187952	0.1287538
-0.3599734	-0.9140419	0.1869403
-0.3749112	-0.9071219	0.1912366
-0.3696522	-0.9088704	0.1931626
-0.3261587	-0.931625	0.1602977
-0.3583761	-0.911769	0.200609
-0.3689998	-0.9175235	0.1482894
-0.3872462	-0.9098049	0.1493162
-0.3749708	-0.9148595	0.149763
-0.36553	-0.9177188	0.1554995
-0.3480665	-0.9246463	0.154528
-0.3678208	-0.9210608	0.1278859
-0.3422799	-0.9232552	0.1744827
-0.3772351	-0.9181277	0.1213882
-0.3831676	-0.91405	0.1330232
-0.3836975	-0.9084743	0.165683
-0.3827117	-0.9123012	0.1457328
-0.31583	-0.9315905	0.179974
-0.397723	-0.9027368	0.1639597
-0.3606623	-0.9218776	0.141649
-0.3681765	-0.9157625	0.1607018
-0.3503444	-0.9210926	0.169845
-0.3378476	-0.9273175	0.1610626
-0.3100974	-0.9320999	0.1871615
-0.3304191	-0.929663	0.1629409
-0.3407252	-0.9230719	0.1784504
-0.3725212	-0.9153692	0.1527325
-0.411829	-0.8991705	0.14795
-0.3670091	-0.9175676	0.152886
-0.3614557	-0.9199827	0.1515969
-0.3539009	-0.9291827	0.1066472
-0.3417438	-0.9292026	0.1406907
-0.4051466	-0.8964376	0.1795987
-0.3708879	-0.9190074	0.1336699
-0.3879492	-0.9160695	0.1015482
-0.3446172	-0.9267831	0.1493717
-0.3445311	-0.926814	0.149379
-0.4020829	-0.9000978	0.1677892
-0.356221	-0.9202392	0.1620691
-0.351003	-0.9204987	0.1716946
-0.359461	-0.9158465	0.1789216
-0.3530599	-0.9184518	0.1783118
-0.3889651	-0.9039949	0.1774806
-0.3765534	-0.906516	0.1908829
-0.298486	-0.9383147	0.1745614
-0.3416406	-0.9249653	0.1664956
-0.3445401	-0.9282676	0.1400402
-0.3527135	-0.9242342	0.1462346
-0.3509356	-0.9205465	0.1715765
-0.3788119	-0.9085397	0.1762305
-0.3658988	-0.9111481	0.189545
-0.3597266	-0.9249879	0.1224517
-0.3523459	-0.922428	0.1580475
-0.3604025	-0.9199053	0.1545456
-0.3415263	-0.9288416	0.1435722
-0.3559355	-0.9256409	0.1284477
-0.3953152	-0.9116167	0.1126094
-0.3832438	-0.912006	0.1461816
-0.3969992	-0.9084415	0.1308656
-0.363614	-0.9158074	0.1705335
-0.3759495	-0.910909	0.1700197
-0.3368563	-0.9184659	0.2072396
-0.3577701	-0.9159813	0.1816012
-0.338607	-0.9207008	0.1940501
-0.3430321	-0.924956	0.1636619
-0.3390097	-0.9208953	0.1924167
-0.3602186	-0.9139825	0.1867582
-0.3664817	-0.9210989	0.131407
-0.3392731	-0.927116	0.1592153
-0.4021181	-0.8999179	0.1686675
-0.390545	-0.9009438	0.1891424
-0.3478635	-0.9246491	0.154968
-0.3214441	-0.9319073	0.167995
-0.357961	-0.9221314	0.1467562
-0.3770564	-0.9147589	0.1450678
-0.3685578	-0.9155129	0.1612495
-0.3381771	-0.9184906	0.2049664
-0.3300344	-0.9348013	0.1312395
-0.3724555	-0.918717	0.1312867
-0.3592207	-0.9182475	0.1666797
-0.3869891	-0.909986	0.1488783
-0.3538539	-0.9185663	0.1761346
-0.3260928	-0.9315836	0.1606721
-0.3743013	-0.9111539	0.172329
-0.3791188	-0.9108627	0.1630893
-0.3557304	-0.916504	0.1829655
-0.3500828	-0.9166433	0.1928914
-0.3602824	-0.9140502	0.1863033
-0.3545699	-0.9244038	0.1405617
-0.375915	-0.9109098	0.1700913
-0.3554837	-0.9257917	0.1286123
-0.3442189	-0.9185513	0.1943631
-0.3604009	-0.9138119	0.1872411
-0.3538286	-0.9241299	0.1441849
-0.370237	-0.9133678	0.1693628
-0.3842756	-0.9041406	0.1867136
-0.3684905	-0.9154121	0.1619733
-0.3879744	-0.9057506	0.1705622
-0.3733874	-0.9150106	0.1527661
-0.3634875	-0.9156777	0.1714974
-0.4013277	-0.9039782	0.1475111
-0.3386182	-0.9270352	0.1610704
-0.349901	-0.9205765	0.1735172
-0.3407925	-0.9286522	0.1465115
-0.3286342	-0.9273298	0.1790501
-0.3516774	-0.9275671	0.1262627
-0.3445887	-0.9205583	0.1839323
-0.3157164	-0.9371637	0.1484831
-0.3513563	-0.9224178	0.1602933
-0.3900425	-0.9052868	0.1682931
-0.3521053	-0.9225399	0.1579299
-0.3522683	-0.9224859	0.1578816
-0.3500027	-0.9262612	0.1397795
-0.3742104	-0.9200625	0.1159802
-0.3750942	-0.9148094	0.1497601
-0.3155485	-0.9379091	0.1440684
-0.3519342	-0.9225127	0.1584692
-0.3435594	-0.9250473	0.1620319
-0.3496613	-0.9184908	0.1846939
-0.3667329	-0.9209803	0.1315379
-0.3845516	-0.9136566	0.1317255
-0.3753642	-0.9084477	0.1839145
-0.3403727	-0.9228681	0.1801689
-0.3484738	-0.9183032	0.1878436
-0.3902807	-0.9021236	0.1839948
-0.3379965	-0.9252707	0.1721412
-0.3715001	-0.9131359	0.1678404
-0.3477779	-0.9245833	0.1555516
-0.3266016	-0.9250302	0.1940373
-0.39498	-0.9067857	0.1474127
-0.340452	-0.9205724	0.1914131
-0.3349957	-0.934031	0.1239518
-0.3766109	-0.9126061	0.1591047
-0.3522732	-0.9222041	0.1595093
-0.3731912	-0.9126868	0.1665268
-0.3740588	-0.9084893	0.1863524
-0.3541968	-0.9179962	0.1784024
-0.3651581	-0.9241013	0.1126775
-0.3685896	-0.9151174	0.1634072
-0.332091	-0.9309929	0.1515512
-0.3765617	-0.9162384	0.136779
-0.3519197	-0.915953	0.1928279
-0.3245254	-0.9294662	0.1754303
-0.349246	-0.9163187	0.1959272
-0.3569289	-0.9238847	0.1379814
-0.3595134	-0.9140794	0.187641
-0.3707023	-0.9135109	0.1675638
-0.3419453	-0.925141	0.1648864
-0.3167908	-0.9273406	0.1992061
-0.344288	-0.9209386	0.1825864
-0.3751358	-0.9068279	0.1921884
-0.3600421	-0.9138798	0.1875995
-0.4057285	-0.9052733	0.1259556
-0.3557107	-0.922142	0.1520662
-0.3683419	-0.9154657	0.1620086
-0.3411375	-0.9231313	0.1773521
-0.376894	-0.910722	0.1689275
-0.3648468	-0.9179149	0.1559456
-0.3872759	-0.9035621	0.1832839
-0.359695	-0.9201869	0.1545175
-0.328087	-0.9278606	0.1772955
-0.3431419	-0.9208341	0.1852511
-0.3580613	-0.9182249	0.1692783
-0.3531637	-0.9183985	0.1783808
-0.3262337	-0.9310891	0.1632322
-0.3670963	-0.9155667	0.1642492
-0.3425351	-0.9249173	0.1649171
-0.3425989	-0.9184271	0.1977818
-0.3570147	-0.9181901	0.1716615
-0.354956	-0.920287	0.1645547
-0.3829971	-0.9059339	0.1805465
-0.3282877	-0.9337966	0.142306
-0.390344	-0.9036428	0.1762421
-0.3495627	-0.9206843	0.1736271
-0.3502494	-0.9277514	0.1288509
-0.4051951	-0.9067146	0.1169853
-0.3758166	-0.9107489	0.1711674
-0.3729071	-0.9062064	0.1993243
-0.3676025	-0.9208902	0.1297291
-0.3591297	-0.9179731	0.1683784
-0.3656227	-0.9110656	0.190472
-0.3582767	-0.915837	0.1813296
-0.3601446	-0.9198084	0.1557193
-0.338187	-0.9135026	0.2261473
-0.3530906	-0.9240415	0.1465415
-0.3372409	-0.9182575	0.207537
-0.3606672	-0.9110386	0.1998196
-0.3352573	-0.922888	0.1894209
-0.3550264	-0.920296	0.1643525
-0.3569897	-0.9219878	0.1499897
-0.343472	-0.9313977	0.1205203
-0.3925534	-0.908743	0.1417319
-0.3714066	-0.9106374	0.1810981
-0.3525471	-0.9221947	0.1589573
-0.3500553	-0.9243966	0.1514997
-0.3727917	-0.9183511	0.1328821
-0.3419086	-0.9285462	0.1445695
-0.397431	-0.9062219	0.1442585
-0.4077363	-0.8991488	0.1590053
-0.3365974	-0.9290958	0.1532423
-0.3821089	-0.915526	0.1257178
-0.3607782	-0.91786	0.1654445
-0.3268772	-0.9312197	0.1611868
-0.3492267	-0.9183282	0.1863174
-0.348881	-0.9261799	0.1430831
-0.3436071	-0.9209419	0.1838482
-0.3410966	-0.923205	0.1770471
-0.3565775	-0.9222769	0.1491909
-0.3346265	-0.9233131	0.188462
-0.3550795	-0.9165166	0.1841626
-0.3653623	-0.9213113	0.1330257
-0.3337901	-0.9334678	0.1312331
-0.3600046	-0.9182561	0.1649312
-0.3406272	-0.9231516	0.1782257
-0.3499712	-0.9265761	0.1377567
-0.3728706	-0.9152845	0.1523867
-0.3772522	-0.9129176	0.1557635
-0.3095561	-0.9320746	0.1881805
-0.3575436	-0.9185342	0.1686937
-0.3667533	-0.9158934	0.1631905
-0.3755027	-0.9109491	0.1707907
-0.35431	-0.9243491	0.1415739
-0.3706053	-0.9111078	0.1803727
-0.3669075	-0.9157209	0.1638106
-0.3467287	-0.9228086	0.1679385
-0.317322	-0.9335414	0.1667549
-0.3316867	-0.9251772	0.1844749
-0.3670711	-0.9155734	0.1642686
-0.3549812	-0.9138159	0.1973041
-0.3438798	-0.920683	0.1846336
-0.3619024	-0.9091266	0.2061926
-0.387636	-0.9031558	0.1845207
-0.3590551	-0.918095	0.1678724
-0.3447835	-0.926988	0.1477075
-0.3672516	-0.9241828	0.1049403
-0.3584217	-0.9221612	0.1454396
-0.3911505	-0.9073718	0.1538756
-0.3777034	-0.9147538	0.1434073
-0.3628607	-0.9233093	0.1258262
-0.3741549	-0.9150605	0.1505737
-0.3697645	-0.9173723	0.1473174
-0.3182205	-0.9407359	0.1172678
-0.3311838	-0.9183597	0.2166393
-0.3587743	-0.9069513	0.2207269
-0.3839681	-0.9041957	0.1870794
-0.3710126	-0.9172068	0.1451941
-0.3452059	-0.9165405	0.2019562
-0.3552317	-0.9205999	0.1621918
-0.3453791	-0.9229766	0.1697867
-0.3597578	-0.913974	0.1876855
-0.3653999	-0.9196227	0.1441426
-0.3618285	-0.9159951	0.1733004
-0.3698495	-0.9173815	0.1470461
-0.3283092	-0.9277097	0.1776736
-0.3526421	-0.9185416	0.1786759
-0.3825556	-0.9121472	0.1471007
