-18.79609  12.25957   4.521973
-18.80566  12.27871   4.488477
-18.81045  12.41269   4.469336
-18.80088  12.54668   4.43584
-18.79609  12.61367   4.43584
-18.79609  12.5084   4.464551
-18.80566  12.33613   4.464551
-18.78174  12.27871   4.478906
-18.79609  12.42227   4.464551
-18.79609  12.53711   4.478906
-18.8248  12.52754   4.43584
-18.82002  12.42227   4.43584
-18.79609  12.35527   4.493262
-18.79131  12.30742   4.507617
-18.83438  12.42227   4.483691
-18.80088  12.54668   4.440625
-18.81045  12.5084   4.402344
-18.83438  12.45098   4.469336
-18.80088  12.35527   4.464551
-18.80566  12.36484   4.507617
-18.79131  12.39355   4.450195
-18.81045  12.49883   4.45498
-18.81524  12.5084   4.431055
-18.79131  12.46055   4.45498
-18.81045  12.31699   4.45498
-18.80088  12.35527   4.488477
-18.82002  12.40312   4.450195
-18.80566  12.57539   4.411914
-18.81045  12.54668   4.478906
-18.8248  12.46055   4.459765
-18.81524  12.37441   4.478906
-18.81045  12.3457   4.459765
-18.80088  12.45098   4.459765
-18.8248  12.51797   4.45498
-18.79131  12.53711   4.45498
-18.81045  12.44141   4.44541
-18.81524  12.36484   4.464551
-18.81524  12.39355   4.464551
-18.80566  12.46055   4.440625
-18.81045  12.49883   4.44541
-18.80088  12.47969   4.450195
-18.80088  12.45098   4.483691
-18.81524  12.39355   4.44541
-18.81524  12.41269   4.459765
-18.81045  12.47012   4.464551
-18.81524  12.49883   4.45498
-18.81524  12.5084   4.43584
-18.82002  12.47969   4.440625
-18.80566  12.38398   4.464551
-18.81524  12.40312   4.493262
-18.82002  12.3457   4.541113
-18.80566  12.36484   4.431055
-18.81524  12.48926   4.431055
-18.81524  12.59453   4.44541
-18.80566  12.51797   4.43584
-18.80088  12.35527   4.469336
-18.81045  12.29785   4.498047
-18.81524  12.36484   4.483691
-18.81524  12.54668   4.411914
-18.81045  12.62324   4.387988
-18.80566  12.5084   4.45498
-18.8248  12.33613   4.478906
-18.81045  12.28828   4.474121
-18.80566  12.36484   4.45498
-18.82002  12.56582   4.464551
-18.8248  12.6041   4.43584
-18.82002  12.55625   4.431055
-18.80566  12.36484   4.483691
-18.81524  12.27871   4.531543
-18.80566  12.33613   4.483691
-18.82002  12.5084   4.416699
-18.80088  12.59453   4.392774
-18.8248  12.55625   4.464551
-18.81045  12.37441   4.493262
-18.81524  12.26914   4.478906
-18.80088  12.35527   4.474121
-18.81524  12.47012   4.474121
-18.82959  12.62324   4.416699
-18.81524  12.54668   4.421484
-18.81524  12.38398   4.498047
-18.82002  12.27871   4.493262
-18.80088  12.36484   4.493262
-18.80088  12.45098   4.45498
-18.79131  12.55625   4.392774
-18.81045  12.53711   4.43584
-18.8248  12.41269   4.483691
-18.79609  12.30742   4.507617
-18.80566  12.27871   4.459765
-18.81524  12.45098   4.42627
-18.81045  12.62324   4.464551
-18.81045  12.52754   4.440625
-18.79609  12.36484   4.488477
-18.78174  12.26914   4.502832
-18.82002  12.37441   4.469336
-18.8248  12.48926   4.478906
-18.80566  12.51797   4.440625
-18.78174  12.48926   4.464551
-18.81524  12.40312   4.512403
-18.8248  12.35527   4.498047
-18.80566  12.39355   4.474121
-18.81524  12.46055   4.474121
-18.80566  12.57539   4.440625
-18.80566  12.54668   4.450195
-18.79131  12.41269   4.402344
-18.80088  12.31699   4.474121
-18.81524  12.35527   4.483691
-18.80566  12.47969   4.474121
-18.80566  12.52754   4.440625
-18.81045  12.48926   4.431055
-18.81524  12.44141   4.464551
-18.79131  12.38398   4.464551
-18.8248  12.33613   4.488477
-18.78652  12.45098   4.45498
-18.79609  12.53711   4.431055
-18.80566  12.48926   4.43584
-18.79609  12.42227   4.431055
-18.81045  12.32656   4.464551
-18.8248  12.41269   4.459765
-18.82002  12.47969   4.464551
-18.82959  12.52754   4.416699
-18.80088  12.5084   4.459765
-18.82002  12.41269   4.483691
-18.81524  12.38398   4.450195
-18.79131  12.44141   4.450195
-18.79609  12.45098   4.459765
-18.82002  12.48926   4.45498
-18.81045  12.49883   4.469336
-18.80566  12.41269   4.469336
-18.81045  12.39355   4.450195
-18.80088  12.38398   4.474121
-18.80088  12.45098   4.45498
-18.81524  12.5084   4.42627
-18.79131  12.45098   4.421484
-18.81045  12.42227   4.431055
-18.81045  12.41269   4.44541
-18.81524  12.38398   4.464551
-18.79131  12.45098   4.493262
-18.80088  12.42227   4.464551
-18.80566  12.51797   4.478906
-18.81524  12.42227   4.474121
-18.81045  12.36484   4.45498
-18.81524  12.39355   4.469336
-18.81045  12.45098   4.464551
-18.81045  12.47969   4.416699
-18.82959  12.47012   4.459765
-18.80566  12.43184   4.464551
-18.82002  12.36484   4.493262
-18.79609  12.38398   4.464551
-18.80566  12.42227   4.44541
-18.80566  12.5084   4.493262
-18.81045  12.54668   4.483691
-18.79609  12.42227   4.45498
-18.81045  12.33613   4.45498
-18.79609  12.45098   4.488477
-18.81045  12.5084   4.493262
-18.8248  12.46055   4.42627
-18.79609  12.37441   4.474121
-18.78652  12.39355   4.507617
-18.81045  12.43184   4.474121
-18.81524  12.42227   4.42627
-18.79131  12.45098   4.459765
-18.80566  12.47969   4.478906
-18.83438  12.47969   4.474121
-18.8248  12.36484   4.478906
-18.80088  12.37441   4.421484
-18.79131  12.47012   4.474121
-18.82959  12.52754   4.440625
-18.80566  12.45098   4.450195
-18.80566  12.37441   4.469336
-18.79609  12.37441   4.498047
-18.84394  12.49883   4.44541
-18.81045  12.51797   4.42627
-18.79609  12.41269   4.44541
-18.81045  12.45098   4.464551
-18.79131  12.47012   4.483691
-18.82959  12.45098   4.450195
-18.8248  12.43184   4.474121
-18.82002  12.47012   4.478906
-18.80566  12.47012   4.464551
-18.79609  12.47969   4.493262
-18.80566  12.44141   4.45498
-18.8248  12.44141   4.493262
-18.80566  12.52754   4.450195
-18.81524  12.48926   4.450195
-18.79131  12.39355   4.474121
-18.80566  12.43184   4.498047
-18.80566  12.47012   4.493262
-18.82959  12.46055   4.478906
-18.78652  12.41269   4.474121
-18.78652  12.45098   4.421484
-18.81045  12.45098   4.483691
-18.81524  12.47012   4.464551
-18.80566  12.38398   4.464551
-18.80088  12.42227   4.464551
-18.80088  12.5084   4.44541
-18.81524  12.47012   4.440625
-18.80566  12.43184   4.459765
-18.80088  12.41269   4.440625
-18.81045  12.43184   4.469336
-18.80566  12.53711   4.474121
-18.80566  12.45098   4.440625
-18.77217  12.40312   4.459765
-18.78174  12.42227   4.502832
-18.80566  12.49883   4.469336
-18.80566  12.46055   4.459765
-18.79131  12.47012   4.43584
-18.78652  12.46055   4.498047
-18.80088  12.47969   4.45498
-18.81524  12.40312   4.440625
-18.80088  12.41269   4.440625
-18.80088  12.47969   4.459765
-18.82002  12.49883   4.469336
-18.80566  12.45098   4.450195
-18.81524  12.39355   4.45498
-18.81045  12.43184   4.483691
-18.81045  12.46055   4.469336
-18.79609  12.47012   4.44541
-18.79609  12.43184   4.478906
-18.79609  12.45098   4.478906
-18.83438  12.44141   4.440625
-18.80088  12.42227   4.43584
-18.80088  12.41269   4.474121
-18.79609  12.45098   4.521973
-18.82959  12.46055   4.43584
-18.79609  12.42227   4.43584
-18.79131  12.42227   4.459765
-18.82002  12.45098   4.464551
-18.8248  12.46055   4.44541
-18.82002  12.43184   4.459765
-18.80566  12.42227   4.43584
-18.79609  12.47969   4.478906
-18.82002  12.44141   4.474121
-18.81524  12.39355   4.459765
-18.80088  12.39355   4.459765
-18.79609  12.47969   4.459765
-18.82002  12.53711   4.469336
-18.81045  12.46055   4.44541
-18.79609  12.38398   4.459765
-18.81524  12.39355   4.464551
-18.79609  12.47012   4.464551
-18.80088  12.47969   4.407129
-18.82002  12.46055   4.478906
-18.80566  12.43184   4.44541
-18.80088  12.39355   4.440625
-18.80566  12.43184   4.44541
-18.82002  12.41269   4.450195
-18.81524  12.45098   4.478906
-18.80088  12.44141   4.45498
-18.79609  12.46055   4.450195
-18.79609  12.43184   4.478906
-18.81524  12.43184   4.464551
-18.80566  12.42227   4.478906
-18.80088  12.47969   4.450195
-18.81045  12.45098   4.478906
-18.79609  12.40312   4.474121
-18.81524  12.40312   4.450195
-18.80088  12.39355   4.464551
-18.80566  12.43184   4.440625
-18.81045  12.5084   4.459765
-18.82959  12.51797   4.469336
-18.81524  12.47012   4.43584
-18.78652  12.40312   4.421484
-18.79609  12.43184   4.469336
-18.80566  12.45098   4.483691
-18.80088  12.44141   4.459765
-18.80088  12.43184   4.483691
-18.78652  12.43184   4.478906
-18.82002  12.46055   4.478906
-18.80088  12.43184   4.507617
-18.80088  12.41269   4.440625
-18.80088  12.41269   4.469336
-18.80566  12.48926   4.469336
-18.81045  12.48926   4.416699
-18.80088  12.43184   4.474121
-18.80088  12.42227   4.464551
-18.80088  12.43184   4.483691
-18.81524  12.45098   4.43584
-18.80088  12.43184   4.464551
-18.82002  12.48926   4.440625
-18.80088  12.45098   4.483691
-18.80566  12.43184   4.483691
-18.81524  12.36484   4.474121
-18.82002  12.39355   4.521973
-18.81524  12.49883   4.44541
-18.81045  12.52754   4.44541
-18.82002  12.44141   4.464551
-18.78652  12.39355   4.459765
-18.80088  12.42227   4.469336
-18.81045  12.45098   4.45498
-18.81045  12.47012   4.459765
-18.82959  12.45098   4.478906
-18.81045  12.44141   4.45498
-18.82002  12.43184   4.440625
-18.81524  12.40312   4.450195
-18.80566  12.42227   4.483691
-18.80566  12.46055   4.42627
-18.81524  12.49883   4.483691
-18.81524  12.41269   4.459765
-18.79609  12.38398   4.488477
-18.80088  12.40312   4.502832
-18.80088  12.47012   4.469336
-18.81045  12.45098   4.450195
-18.81524  12.43184   4.43584
-18.79609  12.48926   4.469336
-18.81524  12.47012   4.45498
-18.80088  12.38398   4.440625
-18.80088  12.39355   4.464551
-18.79131  12.46055   4.450195
-18.79131  12.47969   4.450195
-18.81524  12.43184   4.45498
-18.78652  12.37441   4.469336
-18.79131  12.37441   4.493262
-18.81524  12.45098   4.44541
-18.80088  12.46055   4.469336
-18.8248  12.47012   4.474121
-18.80088  12.39355   4.459765
-18.79609  12.39355   4.44541
-18.79131  12.43184   4.43584
-18.81524  12.44141   4.488477
-18.81524  12.42227   4.474121
-18.80088  12.49883   4.459765
-18.80088  12.45098   4.459765
-18.80566  12.37441   4.474121
-18.80566  12.46055   4.464551
-18.83438  12.49883   4.42627
-18.81045  12.46055   4.474121
-18.81524  12.47969   4.450195
-18.80566  12.42227   4.44541
-18.81045  12.39355   4.44541
-18.83438  12.45098   4.469336
-18.81045  12.45098   4.488477
-18.80566  12.47012   4.464551
-18.80088  12.46055   4.450195
-18.80566  12.41269   4.459765
-18.8248  12.41269   4.459765
-18.80566  12.36484   4.483691
-18.79131  12.43184   4.45498
-18.80088  12.48926   4.440625
-18.80566  12.44141   4.483691
-18.80088  12.46055   4.45498
-18.79131  12.41269   4.43584
-18.80566  12.38398   4.478906
-18.8248  12.39355   4.488477
-18.81524  12.44141   4.483691
-18.81524  12.47969   4.42627
-18.79131  12.46055   4.43584
-18.80566  12.46055   4.474121
-18.78652  12.49883   4.493262
-18.79131  12.41269   4.469336
-18.78174  12.46055   4.450195
-18.78174  12.43184   4.464551
-18.80088  12.47012   4.483691
-18.78652  12.47012   4.464551
-18.81524  12.44141   4.474121
-18.80088  12.42227   4.488477
-18.81524  12.41269   4.541113
-18.81524  12.47012   4.44541
-18.82959  12.54668   4.431055
-18.82002  12.45098   4.478906
-18.80566  12.38398   4.450195
-18.79131  12.38398   4.469336
-18.77695  12.41269   4.44541
-18.81045  12.48926   4.483691
-18.82959  12.47969   4.493262
-18.80566  12.44141   4.469336
-18.80566  12.43184   4.464551
-18.80088  12.44141   4.474121
-18.80566  12.47012   4.488477
-18.79131  12.48926   4.43584
-18.81045  12.48926   4.440625
-18.80088  12.47969   4.42627
-18.80566  12.44141   4.459765
-18.81524  12.40312   4.474121
-18.8248  12.45098   4.469336
-18.81524  12.47012   4.464551
-18.79609  12.51797   4.512403
-18.80088  12.47012   4.44541
-18.80088  12.40312   4.45498
-18.80566  12.38398   4.483691
-18.79609  12.41269   4.517188
-18.80088  12.44141   4.459765
-18.82959  12.45098   4.469336
-18.81045  12.46055   4.493262
-18.81045  12.45098   4.469336
-18.78652  12.40312   4.464551
-18.82002  12.46055   4.464551
-18.80566  12.43184   4.43584
-18.80088  12.48926   4.459765
-18.8248  12.44141   4.431055
-18.82002  12.42227   4.440625
-18.80088  12.42227   4.474121
-18.82002  12.42227   4.498047
-18.79609  12.42227   4.459765
-18.80088  12.47012   4.44541
-18.81045  12.47012   4.44541
-18.81045  12.47012   4.45498
-18.80566  12.42227   4.469336
-18.81524  12.45098   4.43584
-18.82002  12.47012   4.474121
-18.78652  12.46055   4.464551
-18.80088  12.47012   4.44541
-18.79609  12.47012   4.469336
-18.80088  12.47012   4.488477
-18.82002  12.40312   4.469336
-18.82002  12.42227   4.459765
-18.80566  12.46055   4.459765
-18.80566  12.47012   4.45498
-18.81045  12.41269   4.440625
-18.81045  12.40312   4.474121
-18.82002  12.40312   4.474121
-18.81045  12.40312   4.44541
-18.81524  12.5084   4.42627
-18.79131  12.5084   4.440625
-18.80566  12.47969   4.459765
-18.81045  12.45098   4.416699
-18.80566  12.42227   4.488477
-18.80088  12.46055   4.464551
-18.81045  12.44141   4.464551
-18.79131  12.51797   4.450195
-18.81045  12.47012   4.483691
-18.81045  12.47969   4.469336
-18.81524  12.43184   4.464551
-18.80566  12.46055   4.464551
-18.80088  12.49883   4.512403
-18.81045  12.43184   4.474121
-18.81524  12.37441   4.431055
-18.81524  12.40312   4.45498
-18.79609  12.42227   4.483691
-18.79609  12.43184   4.507617
-18.8248  12.43184   4.459765
-18.81045  12.43184   4.450195
-18.81045  12.47012   4.474121
-18.80088  12.41269   4.478906
-18.80566  12.36484   4.474121
-18.80088  12.43184   4.474121
-18.80088  12.47012   4.464551
-18.82959  12.52754   4.469336
-18.80088  12.47012   4.407129
-18.80088  12.42227   4.45498
-18.80566  12.42227   4.464551
-18.79609  12.46055   4.474121
-18.80566  12.47012   4.450195
-18.80088  12.5084   4.431055
-18.79609  12.47012   4.459765
-18.81524  12.47012   4.44541
-18.80088  12.39355   4.440625
-18.79609  12.40312   4.450195
-18.81524  12.47012   4.469336
-18.81524  12.53711   4.43584
-18.81045  12.42227   4.44541
-18.78652  12.41269   4.488477
-18.81524  12.40312   4.512403
-18.80566  12.43184   4.469336
-18.79609  12.46055   4.421484
-18.81045  12.46055   4.431055
-18.80566  12.47969   4.474121
-18.80566  12.45098   4.450195
-18.80566  12.43184   4.469336
-18.78652  12.40312   4.464551
-18.81045  12.48926   4.45498
-18.81045  12.46055   4.459765
-18.78652  12.44141   4.45498
-18.79609  12.41269   4.44541
-18.82002  12.41269   4.459765
-18.81524  12.46055   4.440625
-18.83916  12.42227   4.44541
-18.80566  12.46055   4.44541
-18.80088  12.47012   4.478906
-18.80566  12.46055   4.44541
-18.80566  12.38398   4.464551
-18.80088  12.38398   4.44541
-18.81045  12.44141   4.498047
-18.82002  12.48926   4.469336
-18.81524  12.45098   4.459765
-18.82002  12.43184   4.45498
-18.80088  12.45098   4.469336
-18.82002  12.47012   4.464551
-18.81045  12.45098   4.44541
-18.79609  12.44141   4.459765
-18.82002  12.47012   4.450195
-18.80566  12.47969   4.45498
-18.81524  12.43184   4.45498
-18.81045  12.38398   4.469336
-18.82959  12.42227   4.478906
-18.80088  12.47969   4.469336
-18.81045  12.48926   4.43584
-18.79131  12.45098   4.44541
-18.80088  12.41269   4.464551
-18.81524  12.47969   4.478906
-18.80088  12.41269   4.45498
-18.82002  12.44141   4.45498
-18.79609  12.44141   4.431055
-18.81524  12.47012   4.45498
-18.81045  12.43184   4.440625
-18.78652  12.43184   4.459765
-18.80566  12.44141   4.469336
-18.79131  12.47012   4.498047
-18.82002  12.47969   4.43584
-18.78652  12.39355   4.45498
-18.79131  12.40312   4.459765
-18.79609  12.45098   4.502832
-18.80566  12.49883   4.44541
-18.80566  12.48926   4.44541
-18.82002  12.47969   4.43584
-18.80088  12.47969   4.459765
-18.78652  12.43184   4.459765
-18.80088  12.40312   4.440625
-18.79131  12.42227   4.42627
-18.80566  12.53711   4.45498
-18.8248  12.47969   4.450195
-18.81524  12.37441   4.44541
-18.79609  12.41269   4.498047
-18.80088  12.46055   4.493262
-18.80088  12.47969   4.450195
-18.80088  12.42227   4.440625
-18.81045  12.41269   4.474121
-18.80088  12.47969   4.478906
-18.80566  12.47012   4.459765
-18.82002  12.42227   4.488477
-18.79131  12.39355   4.469336
-18.79609  12.48926   4.45498
-18.81524  12.48926   4.440625
-18.80566  12.44141   4.411914
-18.80088  12.40312   4.421484
-18.81524  12.43184   4.474121
-18.81045  12.47012   4.478906
-18.81524  12.44141   4.440625
-18.79131  12.42227   4.474121
-18.80566  12.40312   4.459765
-18.80566  12.46055   4.44541
-18.81524  12.42227   4.459765
-18.78174  12.41269   4.474121
-18.79609  12.43184   4.469336
-18.80566  12.47012   4.44541
-18.81524  12.46055   4.421484
-18.79131  12.47012   4.464551
-18.79609  12.43184   4.44541
-18.79609  12.43184   4.469336
-18.81045  12.45098   4.44541
-18.81045  12.44141   4.474121
-18.80088  12.45098   4.464551
-18.81524  12.49883   4.45498
-18.80088  12.37441   4.488477
-18.80566  12.36484   4.488477
-18.78652  12.44141   4.478906
-18.82002  12.5084   4.42627
-18.81045  12.51797   4.43584
-18.80088  12.44141   4.43584
-18.80088  12.45098   4.45498
-18.80088  12.40312   4.483691
-18.80088  12.41269   4.464551
-18.81045  12.44141   4.43584
-18.79131  12.52754   4.459765
-18.82002  12.47012   4.450195
-18.8248  12.43184   4.416699
-18.78652  12.37441   4.483691
-18.78652  12.37441   4.507617
-18.81524  12.47969   4.478906
-18.79609  12.42227   4.464551
-18.79609  12.36484   4.464551
-18.79609  12.41269   4.502832
-18.81524  12.44141   4.450195
-18.80088  12.44141   4.450195
-18.78652  12.45098   4.431055
-18.79609  12.42227   4.464551
-18.82959  12.48926   4.45498
-18.80088  12.47012   4.464551
-18.80566  12.36484   4.44541
-18.79609  12.36484   4.44541
-18.80088  12.43184   4.464551
-18.8248  12.51797   4.44541
-18.8248  12.45098   4.421484
-18.79609  12.44141   4.42627
-18.81045  12.42227   4.440625
-18.80566  12.45098   4.469336
-18.81045  12.42227   4.44541
-18.82002  12.46055   4.459765
-18.81045  12.5084   4.45498
-18.79609  12.5084   4.450195
-18.79131  12.41269   4.464551
-18.79131  12.36484   4.488477
-18.81045  12.39355   4.512403
-18.80088  12.48926   4.43584
-18.80088  12.49883   4.407129
-18.80088  12.47012   4.421484
-18.82002  12.42227   4.483691
-18.81045  12.37441   4.45498
-18.81524  12.37441   4.469336
-18.79131  12.43184   4.483691
-18.79131  12.51797   4.464551
-18.79609  12.53711   4.44541
-18.79609  12.44141   4.421484
-18.79131  12.36484   4.478906
-18.80088  12.41269   4.488477
-18.81524  12.43184   4.478906
-18.80566  12.48926   4.411914
-18.8248  12.48926   4.44541
-18.79131  12.5084   4.459765
-18.82002  12.41269   4.474121
-18.80566  12.3457   4.469336
-18.81045  12.40312   4.507617
-18.83438  12.51797   4.474121
-18.81524  12.5084   4.44541
-18.79609  12.40312   4.459765
-18.78174  12.38398   4.474121
-18.80566  12.47012   4.498047
-18.80566  12.47969   4.45498
-18.80088  12.46055   4.44541
-18.79609  12.43184   4.44541
-18.79609  12.44141   4.44541
-18.80088  12.42227   4.45498
-18.80566  12.37441   4.459765
-18.80566  12.39355   4.478906
-18.80566  12.5084   4.450195
-18.83438  12.54668   4.440625
-18.81524  12.44141   4.459765
-18.79609  12.37441   4.488477
-18.81524  12.36484   4.469336
-18.81524  12.48926   4.43584
-18.82002  12.56582   4.421484
-18.82002  12.46055   4.440625
-18.79131  12.40312   4.507617
-18.80088  12.37441   4.498047
-18.81524  12.39355   4.464551
-18.81524  12.44141   4.483691
-18.80566  12.47012   4.45498
-18.79609  12.45098   4.44541
-18.79609  12.43184   4.464551
-18.80566  12.37441   4.474121
-18.80566  12.41269   4.474121
-18.80566  12.48926   4.459765
-18.82002  12.51797   4.44541
-18.80566  12.42227   4.450195
-18.79609  12.39355   4.478906
-18.79131  12.38398   4.44541
-18.79609  12.40312   4.469336
-18.78174  12.42227   4.464551
-18.80566  12.44141   4.431055
-18.81045  12.49883   4.416699
-18.80088  12.46055   4.43584
-18.8248  12.38398   4.498047
-18.81524  12.36484   4.483691
-18.80566  12.45098   4.431055
-18.8248  12.5084   4.459765
-18.80566  12.5084   4.431055
-18.80566  12.41269   4.464551
-18.80566  12.38398   4.42627
-18.79131  12.35527   4.493262
-18.79609  12.42227   4.450195
-18.80088  12.47012   4.464551
-18.81045  12.47969   4.464551
-18.81524  12.46055   4.440625
-18.82002  12.42227   4.464551
-18.82959  12.44141   4.44541
-18.82002  12.44141   4.459765
-18.8248  12.48926   4.464551
-18.80088  12.46055   4.45498
-18.80088  12.42227   4.483691
-18.82002  12.40312   4.45498
-18.83438  12.42227   4.43584
-18.80566  12.44141   4.464551
-18.80566  12.46055   4.450195
-18.80566  12.45098   4.44541
-18.80566  12.40312   4.469336
-18.80088  12.37441   4.459765
-18.79609  12.40312   4.44541
-18.81045  12.43184   4.44541
-18.83438  12.45098   4.45498
-18.80088  12.5084   4.44541
-18.80566  12.48926   4.45498
-18.82002  12.42227   4.440625
-18.81045  12.39355   4.478906
-18.79609  12.36484   4.478906
-18.79131  12.39355   4.483691
-18.81524  12.53711   4.459765
-18.81045  12.56582   4.431055
-18.80566  12.43184   4.440625
-18.80566  12.32656   4.474121
-18.80566  12.33613   4.483691
-18.81045  12.42227   4.469336
-18.81045  12.52754   4.44541
-18.81045  12.52754   4.402344
-18.81045  12.52754   4.450195
-18.80566  12.39355   4.469336
-18.79609  12.3457   4.502832
-18.81045  12.41269   4.478906
-18.8248  12.56582   4.45498
-18.83438  12.58496   4.42627
-18.80566  12.45098   4.431055
-18.80088  12.29785   4.483691
-18.81045  12.31699   4.469336
-18.80566  12.46055   4.431055
-18.82002  12.52754   4.431055
-18.81524  12.57539   4.440625
-18.76738  12.42227   4.488477
-18.81045  12.3457   4.45498
-18.81045  12.33613   4.464551
-18.81045  12.44141   4.459765
-18.81045  12.54668   4.44541
-18.81045  12.55625   4.42627
-18.80088  12.44141   4.483691
-18.80566  12.31699   4.45498
-18.81524  12.38398   4.450195
-18.81045  12.43184   4.431055
-18.78652  12.49883   4.44541
-18.82002  12.55625   4.44541
-18.81045  12.45098   4.440625
-18.82002  12.39355   4.498047
-18.82002  12.3457   4.45498
-18.79609  12.47012   4.45498
