5.609756  -6.219512   1.280488
2.5  -5.487805   4.390244
4.268293  -8.170732   2.682927
5.060976  -5   6.402439
4.939024  -5.97561   0.7317073
5.304878  2.439024   -2.439024
4.512195  -2.926829   1.280488
5.609756  -5   0.4878049
4.329268  -5   2.987805
2.5  -1.585366   1.707317
5.365854  -4.268293   3.719512
6.463415  -4.146341   -0.7317073
5.792683  -7.439024   1.768293
1.890244  -6.341464   4.939024
2.439024  -5.853659   0.1829268
4.756098  -6.463415   4.756098
5  -4.268293   1.036585
4.878049  -5.365854   0.4268293
4.207317  -5.609756   1.585366
4.390244  -5.731707   -1.585366
4.45122  -6.341464   5.243902
3.536585  0.8536586   7.012195
5.121951  -3.902439   -1.219512
5.792683  -4.634146   -0.5487805
5.243902  -8.414634   2.073171
3.597561  -1.829268   4.085366
4.512195  -2.195122   1.646341
6.341464  -6.097561   4.329268
5  -5.487805   0.9756098
4.878049  2.560976   0
3.658537  -5.853659   2.926829
3.353658  -5.609756   0.4268293
5  -4.390244   5.97561
3.231707  -0.1219512   4.512195
2.743902  -4.268293   0.1219512
5.54878  -8.04878   6.280488
4.573171  -5.365854   -0.6707317
3.902439  -3.658537   3.47561
4.085366  -6.097561   -1.463415
5.182927  -6.829268   4.329268
4.45122  -3.414634   1.829268
3.597561  0.8536586   -1.158537
4.573171  -4.756098   3.536585
4.512195  -7.195122   -0.5487805
5.121951  -1.95122   4.329268
5.182927  -4.02439   4.878049
3.841463  -7.560976   -0.4878049
3.231707  -6.341464   2.743902
5  -4.146341   -0.3658537
3.780488  -7.195122   -1.829268
3.841463  -1.341463   2.439024
5  -4.634146   4.146341
3.47561  -4.390244   3.04878
3.597561  0.7317073   0.4268293
5.426829  -3.780488   1.402439
4.695122  -7.195122   -2.804878
2.195122  -4.756098   1.890244
3.780488  -3.170732   4.390244
3.597561  -5.609756   -0.6097561
5.304878  -5.487805   3.47561
5.121951  -2.560976   -0.7926829
3.719512  -7.073171   -1.768293
3.536585  -6.463415   3.170732
4.878049  -10.12195   -0.1829268
2.256098  -6.463415   4.939024
4.329268  -2.195122   -1.097561
5.731707  -1.341463   2.621951
4.939024  -2.439024   1.646341
5.365854  -0.3658537   0.7317073
1.95122  -6.829268   7.134146
3.536585  -4.512195   1.585366
4.268293  -1.707317   5.060976
6.341464  -1.707317   -1.219512
6.097561  0.9756098   -0.8536586
5.304878  -11.21951   5.426829
3.292683  -5.853659   3.719512
4.756098  -4.634146   4.512195
4.085366  -5.609756   3.780488
5.182927  -2.317073   -3.292683
8.47561  -5.243902   -1.646341
4.329268  -5.243902   4.390244
2.195122  -3.292683   3.719512
4.817073  -11.09756   -0.3048781
5.670732  -9.878049   5.243902
4.939024  -2.439024   2.073171
5.182927  0.2439024   -0.1829268
3.414634  -4.634146   2.012195
1.829268  -7.195122   1.158537
2.926829  -3.902439   3.04878
4.512195  0.7317073   5
5.304878  -0.9756098   -1.768293
6.463415  -4.634146   0.7926829
3.414634  -7.195122   1.036585
2.926829  -6.707317   4.329268
4.45122  -6.829268   -0.7317073
5.792683  -3.902439   2.256098
5.121951  -4.878049   4.45122
4.817073  -3.536585   -0.8536586
4.756098  -8.04878   3.04878
4.512195  -6.707317   0.5487805
5.304878  -3.292683   3.109756
2.012195  -4.02439   2.621951
5  -4.390244   -0.06097561
5  -7.560976   4.634146
5.304878  -5.121951   1.52439
4.207317  -0.1219512   -0.4268293
3.536585  -6.707317   2.621951
4.817073  -1.463415   -2.560976
3.353658  -4.756098   2.865854
4.02439  -6.341464   -0.9146342
3.719512  -8.04878   3.47561
3.658537  -10.36585   2.073171
2.5  -7.317073   2.134146
2.073171  -6.463415   4.390244
4.512195  -4.268293   1.036585
5.304878  -6.95122   2.804878
4.939024  -4.756098   1.890244
3.597561  -1.585366   1.52439
4.939024  -8.414634   4.02439
4.329268  -4.146341   -0.5487805
6.402439  -1.097561   3.536585
5.304878  -6.829268   2.560976
3.292683  -5.731707   3.04878
5.792683  -6.097561   0.6707317
4.512195  -6.95122   3.231707
2.987805  -3.414634   5.792683
5.121951  -4.390244   -1.097561
6.890244  -7.317073   2.743902
4.085366  -4.634146   4.634146
4.085366  -4.390244   2.378049
5.182927  -7.926829   3.47561
4.268293  -6.585366   0.6097561
5.54878  -3.658537   2.804878
3.47561  -5.853659   4.329268
3.47561  -5   0
6.707317  -9.390244   4.02439
3.414634  -6.95122   2.560976
3.902439  -5   3.963415
6.280488  -7.926829   -0.9146342
5.060976  -5.97561   4.512195
4.817073  -2.195122   2.012195
5.243902  -4.756098   2.804878
4.695122  -2.439024   3.658537
4.146341  -2.804878   0.7926829
4.390244  -7.195122   2.378049
2.134146  -2.682927   2.987805
5.304878  -6.829268   0.3658537
5.121951  -0.3658537   3.170732
4.390244  -7.682927   4.329268
5.914634  -2.804878   -0.4268293
4.695122  -3.536585   5.121951
7.195122  -2.926829   2.560976
3.414634  -6.219512   5.792683
3.353658  -0.8536586   2.743902
3.536585  -4.268293   6.402439
3.719512  -5.731707   -0.7926829
3.719512  -4.02439   3.47561
3.902439  -7.439024   2.865854
5.426829  -7.926829   -1.219512
5.670732  -3.04878   2.256098
5.243902  -4.02439   2.012195
3.780488  -7.195122   -1.036585
6.036585  -3.658537   1.097561
4.939024  -5.487805   -2.926829
4.085366  -9.512196   3.597561
3.902439  -4.02439   -0.3048781
1.890244  -4.634146   3.902439
4.512195  -4.634146   1.097561
4.268293  -2.195122   1.341463
2.682927  -2.926829   6.707317
3.109756  -4.390244   -1.280488
3.231707  -4.02439   0.7926829
4.085366  -4.878049   3.963415
4.207317  -3.414634   -0.06097561
4.756098  -1.097561   4.573171
5.54878  -5.121951   0.1829268
3.780488  -3.292683   3.841463
3.902439  -0.8536586   5.243902
3.109756  -2.804878   -1.95122
2.804878  -5.731707   -0.06097561
4.817073  -4.390244   1.402439
5.304878  -5   5.304878
4.02439  -1.463415   0.3658537
5.182927  -6.097561   2.256098
4.512195  -5.853659   3.04878
3.109756  -5.121951   -1.52439
4.878049  -6.707317   3.47561
4.085366  -9.02439   -0.3658537
3.231707  -5.243902   2.012195
4.817073  -2.682927   2.682927
4.878049  1.341463   0.06097561
3.902439  -5.853659   4.02439
4.146341  -6.097561   3.353658
2.317073  -9.146341   2.621951
6.097561  -2.439024   0.9756098
4.573171  -8.536586   0.9756098
4.45122  -1.341463   3.780488
5.243902  -6.95122   0.2439024
4.695122  -3.170732   6.158536
5.243902  -4.02439   -0.4878049
4.390244  -1.585366   -0.3658537
-1.263416  -3.798781   2.208842
0.8097548  2.29878   -2.059451
-0.1048789  0.5914631   1.660061
-0.287806  0.7134142   -1.632622
0.07804775  2.542682   -0.2911582
-0.5317082  -0.5060978   2.08689
0.4439015  -0.3841467   0.5625002
-0.2268305  -1.359756   0.5015247
-0.287806  -0.1402445   -1.632622
-0.1658545  1.567073   2.08689
-0.1048789  -0.8719516   -3.339939
-1.141464  4.859756   -1.205792
0.0170722  -1.237805   0.9893296
-0.04390335  2.786585   -3.096036
-0.5317082  2.664634   0.6844516
-0.287806  -2.091464   0.3795736
0.1390233  1.201219   -3.400914
-1.080489  -0.7500005   1.660061
0.382926  1.079268   -2.547256
0.3219504  3.884146   -1.266768
-0.8365865  -1.115854   -0.4740851
1.724389  2.542682   3.367378
-0.1048789  -0.3841467   -1.51067
-0.2268305  -0.8719516   -1.51067
0.5658526  0.2256093   1.721037
1.419511  -1.359756   -2.669207
0.6268282  0.3475604   3.916159
0.0170722  2.908536   3.184451
-1.019513  1.689024   0.5015247
1.663414  -0.3841467   1.233232
-0.1048789  1.932926   -2.852134
0.9317064  -2.70122   -1.693597
-0.7146351  -4.164635   2.269818
0.6268282  -3.920732   -1.998475
1.602438  5.591463   -0.4740851
1.480487  -0.8719516   -2.181402
1.907316  -3.310976   -0.169207
0.2609744  -1.481708   0.5625002
0.2609744  0.2256093   2.025915
-1.080489  -0.01829338   1.782012
-1.995123  -0.1402445   -1.9375
0.1390233  -4.286586   -1.083841
1.907316  -1.359756   -2.852134
-0.8365865  -0.5060978   -0.9009143
-0.8365865  -2.213415   3.001525
-1.690245  2.29878   -1.9375
-0.7146351  2.29878   0.5015247
0.7487793  2.29878   -1.449695
-0.3487816  0.1036582   -2.791158
-0.287806  0.1036582   -2.181402
-1.019513  -1.359756   -0.5960363
-0.1658545  -1.847561   1.782012
0.8707309  2.908536   -2.730183
-0.5317082  0.4695115   1.294208
0.0170722  -0.1402445   0.07469535
0.8707309  0.7134142   -1.632622
-0.8365865  1.201219   2.452744
2.27317  1.32317   -1.693597
-1.446342  -1.481708   2.635671
-0.3487816  3.640244   -0.2301826
0.5048771  2.542682   -1.998475
0.3219504  0.8353653   0.928354
1.419511  -0.7500005   0.3185978
0.1999989  0.9573166   1.477134
0.7487793  0.9573166   -3.035061
-0.1048789  2.542682   3.0625
1.114633  4.006097   -1.266768
0.6268282  2.908536   -1.083841
-1.080489  -1.603659   2.208842
-0.592684  2.420731   -2.48628
2.27317  3.396341   0.8064027
-1.263416  4.128048   1.782012
0.3219504  -0.1402445   -0.96189
-1.324391  -2.823171   2.574695
-0.6536596  2.054878   -3.644817
1.236584  -0.01829338   -1.083841
-1.812196  -2.335366   -0.2911582
0.992682  0.2256093   1.964939
0.8097548  -0.2621956   -1.022866
-1.019513  0.3475604   -1.754573
-1.690245  -2.091464   1.111281
-0.6536596  0.9573166   -0.8399388
-0.5317082  1.810975   -0.6570119
0.6268282  -0.8719516   0.8064027
1.907316  -3.798781   -1.083841
1.907316  -2.945122   2.818598
-1.080489  -1.115854   -0.4131094
-0.1048789  -0.7500005   -1.693597
-1.263416  -2.70122   1.477134
-0.5317082  1.32317   -2.791158
0.992682  2.786585   1.782012
-0.7146351  7.542683   -2.608232
-0.7756107  -2.823171   1.416159
-1.934147  0.7134142   -3.522866
-1.324391  2.542682   -0.5350606
0.8097548  4.006097   2.269818
0.5658526  -4.408537   -4.071646
-0.4097571  -0.8719516   0.3185978
-0.6536596  -1.969512   -3.644817
0.7487793  1.32317   -0.2301826
-0.5317082  -1.847561   3.550305
0.382926  2.054878   -1.571646
1.236584  2.542682   3.245427
0.6268282  -1.603659   1.416159
0.992682  1.932926   -5.535061
0.1999989  2.908536   -1.693597
-1.324391  1.689024   1.355183
-0.592684  5.713414   1.355183
0.6268282  3.152439   -3.157012
-0.7146351  -0.7500005   2.025915
-0.04390335  -0.5060978   -0.1082314
-0.7146351  0.1036582   -0.6570119
-0.04390335  0.3475604   0.3795736
-0.1048789  0.3475604   -2.242378
1.785365  3.030487   1.233232
0.382926  1.932926   1.53811
-0.9585376  2.054878   -2.974085
0.6268282  1.567073   3.0625
-1.324391  0.8353653   -2.608232
-0.8365865  6.201219   2.940549
0.1390233  1.567073   -4.376524
-0.287806  1.32317   4.525915
0.382926  -3.067074   0.8673782
0.6878037  1.932926   -1.022866
0.5048771  2.29878   0.4405491
1.29756  -4.042684   -1.571646
1.907316  -3.798781   1.53811
-1.20244  -0.1402445   1.172256
0.8707309  0.5914631   -2.059451
0.07804775  -2.579269   2.208842
0.6878037  1.567073   -1.205792
0.3219504  2.054878   -1.754573
0.992682  -1.72561   0.5625002
-0.4097571  -5.384147   -4.132622
-1.75122  1.810975   2.147866
-0.8365865  4.493902   -1.571646
0.0170722  -2.457317   2.818598
-1.019513  -4.164635   -1.51067
0.382926  1.689024   0.9893296
-0.1048789  -3.189025   0.9893296
-0.1658545  -0.6280494   -1.754573
0.0170722  -5.018293   2.818598
-0.1048789  -2.70122   -1.876524
-1.812196  2.542682   0.6234758
-1.080489  4.737804   0.8064027
2.334146  -1.969512   -0.6570119
-0.287806  2.176829   -0.1082314
0.4439015  3.640244   2.574695
0.5658526  3.27439   -0.2911582
-1.141464  -4.042684   -3.096036
-1.080489  2.908536   0.07469535
0.07804775  -0.3841467   2.452744
0.3219504  1.932926   -3.949695
1.053658  -2.945122   2.08689
-2.056098  -0.8719516   -0.2301826
-0.1048789  1.932926   -1.693597
1.663414  3.030487   2.879574
-0.5317082  2.664634   -1.876524
0.6878037  -5.018293   2.635671
0.6268282  2.542682   1.964939
0.382926  4.128048   -1.388719
-0.7146351  -4.652439   3.306403
0.1390233  0.9573166   -0.5960363
-1.019513  -1.603659   2.696646
0.4439015  1.445122   -0.7179875
0.382926  0.7134142   -0.4740851
-0.9585376  -1.237805   1.233232
-1.080489  1.32317   -0.2301826
0.8097548  -1.969512   3.733232
1.907316  -2.091464   -2.242378
-0.4707327  1.201219   1.111281
-1.568294  3.396341   2.08689
2.334146  2.29878   -1.144817
0.5048771  -1.847561   2.08689
-0.287806  3.27439   0.1356711
-0.897562  3.396341   1.599086
0.4439015  -2.945122   -3.46189
0.1999989  -0.2621956   0.6844516
-0.04390335  2.786585   -0.9009143
-0.5317082  2.054878   -2.669207
-1.263416  3.396341   3.367378
-0.6536596  0.2256093   -3.522866
0.5658526  -1.847561   -1.083841
-1.690245  2.29878   3.794208
1.053658  0.7134142   0.4405491
0.3219504  -2.213415   2.147866
-0.9585376  2.29878   3.672256
-0.9585376  0.2256093   -1.266768
0.0170722  0.3475604   2.269818
0.8707309  1.32317   -2.91311
1.541462  10.95732   1.416159
1.724389  1.567073   0.4405491
0.2609744  -1.969512   3.733232
0.382926  3.884146   -1.876524
-0.592684  3.27439   -0.1082314
-1.141464  -1.359756   1.111281
0.6878037  2.908536   -1.022866
-0.7756107  -0.5060978   2.696646
-1.507318  3.640244   0.3795736
0.8097548  1.445122   -1.51067
0.1390233  0.7134142   0.9893296
0.4439015  0.3475604   -3.217988
-0.4707327  -1.969512   1.416159
-0.592684  2.664634   2.452744
-0.592684  0.4695115   -0.96189
-0.4097571  -2.457317   -2.425305
0.5048771  1.079268   -0.169207
0.1999989  3.396341   0.9893296
1.236584  0.3475604   -1.693597
-0.1048789  -0.8719516   0.6234758
0.8097548  0.3475604   -0.7179875
-0.5317082  2.29878   -3.157012
0.5658526  0.9573166   2.940549
0.7487793  1.079268   -1.876524
-0.592684  0.4695115   0.2576222
-0.1048789  -0.7500005   1.53811
0.1999989  5.591463   -1.632622
1.053658  -1.237805   1.477134
1.541462  -0.7500005   -1.693597
0.5658526  -0.9939027   2.452744
0.1999989  1.201219   -3.096036
0.07804775  -0.2621956   3.48933
0.3219504  3.030487   -0.7789631
0.0170722  2.054878   -3.217988
0.992682  -7.70122   1.050305
-0.04390335  -0.1402445   -2.48628
-1.934147  -0.9939027   0.8673782
0.3219504  7.29878   3.367378
-0.897562  1.567073   0.6234758
-0.1658545  -3.554878   2.391769
0.3219504  0.3475604   0.2576222
-0.4097571  -1.359756   -1.144817
-0.4097571  -2.457317   0.928354
0.8707309  3.762195   2.330793
0.2609744  -2.457317   1.050305
-0.4097571  5.34756   -3.339939
-0.4707327  -0.7500005   2.08689
0.2609744  -0.7500005   0.3185978
1.114633  -3.432927   -0.2301826
-0.592684  -2.579269   4.830793
-0.5317082  -0.1402445   -2.181402
0.07804775  -0.3841467   2.452744
-0.1048789  1.810975   -1.205792
-0.8365865  -2.579269   -4.4375
-0.2268305  5.591463   1.599086
0.5658526  -3.798781   -3.339939
0.07804775  0.3475604   2.452744
-0.5317082  3.640244   -3.278963
-0.1658545  3.030487   2.08689
0.382926  -2.091464   -0.6570119
0.07804775  5.713414   0.1966467
-2.239025  0.4695115   0.4405491
0.07804775  -5.018293   -0.169207
-0.1048789  -0.8719516   -0.1082314
1.29756  -5.140244   -0.2301826
-1.385367  -1.481708   -2.974085
0.5658526  -2.945122   1.964939
-0.4707327  0.2256093   -1.51067
-0.6536596  0.4695115   0.1356711
0.5658526  4.371951   0.5625002
-0.04390335  -1.115854   -1.693597
-1.141464  -4.652439   0.4405491
-0.5317082  2.29878   -0.6570119
1.053658  -1.115854   1.294208
-0.4707327  0.2256093   -1.632622
0.1390233  -4.408537   2.330793
0.1999989  0.9573166   2.330793
-0.6536596  6.689024   -2.91311
0.8707309  0.7134142   2.452744
0.9317064  -3.067074   0.6234758
-0.8365865  -1.969512   0.07469535
0.5658526  -2.823171   2.391769
-0.4097571  3.396341   -1.327744
-0.2268305  0.1036582   2.330793
0.7487793  0.8353653   1.050305
-0.4097571  -0.3841467   2.147866
-1.324391  0.1036582   -2.91311
0.1999989  2.664634   3.428354
-0.04390335  -3.676829   3.48933
0.1999989  -0.2621956   -3.217988
1.114633  0.9573166   -0.5960363
0.4439015  -1.847561   -0.7789631
-0.8365865  1.567073   0.1356711
-0.7146351  -3.189025   1.599086
-0.287806  -2.579269   -3.400914
0.8097548  -0.3841467   1.111281
1.480487  -2.70122   0.9893296
-0.04390335  -0.7500005   -1.205792
0.8097548  0.9573166   2.147866
-0.4097571  -1.847561   1.233232
-1.446342  4.006097   3.916159
2.212194  1.689024   -1.876524
1.358536  -1.969512   2.269818
0.2609744  7.664634   -0.5350606
1.053658  1.201219   -3.217988
-0.3487816  3.396341   1.416159
0.2609744  3.030487   -2.425305
-0.4097571  1.932926   2.391769
-0.287806  -2.579269   -0.169207
0.5048771  -2.335366   -1.998475
0.1390233  -4.164635   2.452744
-0.4097571  1.201219   -2.547256
-1.385367  1.689024   1.416159
0.07804775  0.4695115   -0.6570119
1.358536  -5.018293   0.1966467
0.7487793  -4.164635   0.1356711
0.07804775  3.518292   0.2576222
-0.897562  2.542682   1.903964
0.8097548  0.2256093   -2.91311
-0.2268305  -3.067074   -1.51067
0.4439015  -0.7500005   1.903964
-1.385367  3.152439   -0.1082314
0.4439015  -1.969512   1.111281
-0.7756107  1.932926   -2.91311
-1.019513  2.664634   -0.2301826
0.2609744  1.445122   1.660061
0.1390233  1.810975   -5.108232
0.1999989  -1.359756   1.416159
0.2609744  3.27439   -0.5350606
-0.04390335  -0.7500005   3.123476
-0.04390335  0.1036582   -4.376524
0.0170722  0.3475604   -0.9009143
-0.04390335  -0.9939027   0.2576222
0.07804775  4.615853   -0.04725575
0.6268282  0.9573166   1.660061
0.8097548  0.2256093   -4.193597
0.0170722  1.445122   -0.7179875
0.5048771  6.201219   4.282013
-1.080489  -0.8719516   -2.059451
0.382926  -2.457317   2.574695
0.7487793  -3.676829   0.3185978
-0.897562  2.420731   -2.852134
-0.897562  1.689024   -2.608232
1.724389  0.5914631   -0.2301826
0.5048771  5.34756   0.1356711
-1.141464  0.9573166   0.4405491
2.090243  -0.1402445   1.842988
0.07804775  -2.091464   -0.96189
-0.1658545  3.640244   -0.4740851
-0.592684  4.25   2.818598
2.27317  -1.847561   -3.096036
0.9317064  -1.237805   0.1356711
0.1999989  0.1036582   0.5625002
-1.263416  -2.823171   -1.571646
-1.080489  2.908536   2.452744
-0.3487816  -0.7500005   -0.3521339
0.1999989  -1.359756   3.916159
1.236584  1.567073   0.4405491
1.724389  3.152439   1.599086
1.29756  -4.408537   -2.120427
0.1390233  4.006097   -2.608232
-0.3487816  0.9573166   2.635671
0.5048771  -1.359756   -4.498475
-0.04390335  -0.1402445   0.2576222
1.785365  -0.2621956   1.53811
-0.5317082  1.932926   0.07469535
-1.20244  -0.8719516   2.391769
0.07804775  -5.140244   -0.96189
0.0170722  -1.847561   0.07469535
-1.019513  5.103658   1.050305
-0.4707327  3.884146   3.245427
-0.2268305  -4.164635   -0.2911582
-1.324391  0.3475604   -1.754573
0.2609744  2.176829   2.330793
-0.6536596  -1.969512   -2.425305
1.175609  -0.6280494   0.4405491
-0.592684  -4.286586   0.8673782
-0.9585376  2.29878   0.3795736
0.992682  -0.6280494   4.342988
0.8707309  -0.8719516   -3.035061
-0.3487816  1.201219   -1.083841
-1.324391  1.32317   2.147866
0.2609744  0.2256093   -0.5960363
-0.8365865  -1.603659   0.4405491
-1.20244  3.640244   -0.7789631
0.1390233  1.32317   1.355183
0.7487793  -3.554878   -0.96189
2.090243  -1.481708   -0.96189
0.9317064  -0.3841467   -1.449695
-0.4707327  -0.6280494   -2.791158
-0.4097571  -4.164635   3.367378
0.3219504  0.4695115   0.1966467
-0.4097571  0.2256093   0.0137198
0.5048771  -2.091464   1.660061
0.2609744  4.981707   -2.730183
-0.04390335  0.3475604   0.07469535
-1.873172  2.420731   1.477134
-0.592684  -0.01829338   -1.144817
1.480487  2.542682   -1.51067
0.382926  0.7134142   -1.632622
-0.7146351  1.079268   2.696646
0.6268282  -0.5060978   -0.4740851
0.8097548  -6.481708   2.696646
0.07804775  0.8353653   -2.364329
-0.3487816  -0.6280494   -1.998475
0.3219504  -0.1402445   2.940549
1.419511  1.445122   -1.998475
0.9317064  0.4695115   -0.7789631
0.3219504  -2.335366   1.782012
-0.9585376  -1.847561   -1.9375
-0.6536596  -0.5060978   2.879574
0.382926  -0.2621956   -2.364329
0.6268282  2.420731   1.477134
-0.897562  -1.481708   -4.010671
-0.7146351  -0.9939027   3.48933
0.07804775  2.054878   -0.7179875
-1.568294  0.4695115   -0.7789631
-0.1048789  -2.945122   3.672256
-0.1048789  3.27439   -1.571646
0.8097548  1.689024   0.6844516
-1.20244  1.689024   0.5015247
-1.812196  -0.5060978   -0.8399388
-0.1048789  -2.213415   3.001525
-1.568294  4.25   -2.852134
0.9317064  1.932926   -1.876524
0.1390233  -2.945122   2.452744
-1.080489  -1.847561   -0.169207
-1.446342  -0.8719516   -0.1082314
-0.04390335  4.25   -3.522866
-0.04390335  0.9573166   1.964939
0.8097548  2.786585   -4.315548
0.1390233  2.176829   0.8673782
1.29756  -0.8719516   1.660061
-0.592684  -0.2621956   -1.388719
0.3219504  -0.9939027   0.5015247
-1.995123  -2.213415   -1.51067
-0.2268305  2.664634   -0.6570119
-0.1048789  -5.018293   1.355183
-0.04390335  0.1036582   -0.8399388
1.358536  -0.3841467   0.2576222
0.7487793  1.201219   -2.791158
0.4439015  -5.75   0.0137198
0.1999989  0.5914631   -2.974085
1.541462  -3.920732   -1.083841
-0.4097571  0.1036582   1.233232
0.4439015  -4.530488   -1.51067
1.236584  3.27439   1.050305
1.29756  0.7134142   -1.144817
0.0170722  5.103658   -2.059451
1.053658  -3.676829   1.660061
-0.897562  3.152439   -0.96189
-0.1658545  -3.432927   2.635671
-1.812196  -3.554878   1.172256
1.419511  3.884146   -2.425305
0.6878037  9.493902   -1.815548
-1.324391  1.201219   -0.5350606
-0.5317082  -1.359756   3.916159
0.8097548  -4.408537   0.9893296
-0.897562  -2.70122   1.050305
-0.4097571  3.27439   -0.3521339
-0.897562  7.176829   -2.730183
0.8707309  0.7134142   3.245427
1.785365  -0.6280494   -2.48628
0.2609744  -1.847561   -1.144817
-0.6536596  -1.481708   -0.6570119
0.6878037  1.201219   -4.620426
0.1390233  -2.945122   -0.1082314
-0.287806  1.932926   -1.815548
-1.446342  0.4695115   0.3795736
-0.04390335  2.29878   -1.571646
0.3219504  3.030487   2.452744
-1.934147  -3.920732   1.721037
-0.4707327  2.054878   -3.46189
1.236584  2.176829   2.635671
-0.04390335  -7.457317   -1.449695
0.5048771  -0.9939027   -0.1082314
0.8707309  -2.213415   2.940549
-1.690245  2.176829   -2.974085
0.382926  1.079268   1.172256
-0.5317082  2.176829   -1.693597
-0.5317082  1.932926   -2.91311
-0.7146351  0.7134142   1.599086
0.8707309  0.8353653   4.282013
-2.17805  3.152439   1.050305
0.1390233  -3.189025   -2.974085
0.8707309  -1.359756   2.879574
0.2609744  0.7134142   -2.181402
-0.7146351  1.689024   1.964939
-2.604879  1.32317   3.001525
-0.897562  0.9573166   -2.669207
0.8097548  -0.01829338   1.903964
2.517072  1.445122   -1.266768
0.9317064  9.006098   -1.9375
0.07804775  -3.310976   1.842988
-0.592684  1.201219   -1.876524
-1.385367  2.786585   1.355183
-0.1048789  1.079268   -2.791158
1.846341  2.786585   -0.2301826
0.6878037  2.29878   -3.278963
-0.7146351  0.1036582   -3.46189
-1.629269  -2.579269   0.8673782
0.7487793  -0.7500005   -3.705792
-0.04390335  -3.432927   -0.169207
1.114633  0.7134142   0.6234758
0.2609744  2.054878   -1.449695
0.07804775  -6.237805   -0.2911582
-0.4097571  -1.847561   -2.669207
-0.592684  -3.189025   0.0137198
-0.5317082  2.29878   -0.7789631
0.8097548  2.29878   -2.608232
-1.080489  0.4695115   -0.9009143
-1.20244  -3.920732   -0.04725575
-1.507318  -6.481708   1.782012
0.2609744  -0.01829338   -2.730183
1.602438  -2.579269   1.721037
0.7487793  -0.2621956   0.6844516
1.053658  0.3475604   -3.949695
-1.019513  -6.847562   0.8064027
-1.629269  0.1036582   0.4405491
