0.9997823  -0.004969987   -0.000331434 -0.0202631
0.9991409  -0.009646654   -0.0001306801 -0.04030517
0.9981343  -0.01421629   -7.576789E-05 -0.05937913
0.9967682  -0.01864666   -1.13026E-05 -0.07813754
0.9951065  -0.02285599   0.0002126433 -0.0961279
0.9931979  -0.02705916   0.0001732922 -0.113251
0.9910481  -0.03096924   0.0001407612 -0.1298629
0.9886891  -0.03479026   3.315833E-05 -0.1458884
0.9861328  -0.03844754   2.637939E-05 -0.1614434
0.9834979  -0.04192803   0.0001731283 -0.1759941
0.9806659  -0.04529762   8.94535E-05 -0.1903746
0.9777684  -0.04850326   0.0005227054 -0.2040001
0.9748394  -0.05159309   0.0004214617 -0.2168552
0.9717912  -0.05449551   0.0006393926 -0.2294596
0.9687957  -0.05728949   0.0008728676 -0.2411475
0.9657909  -0.06001084   0.0007023838 -0.2522819
0.9626983  -0.06253593   0.0007741539 -0.2632504
0.9597387  -0.065084   0.0007343274 -0.2732493
0.9567077  -0.06730361   0.0008074862 -0.2831605
0.9537469  -0.06935334   0.001117839 -0.2924989
0.950843  -0.07156856   0.001027814 -0.301288
0.9481216  -0.07340872   0.001185228 -0.3093141
0.9453149  -0.0752969   0.001145937 -0.3173464
0.9425674  -0.07712509   0.001067244 -0.3249882
0.9399871  -0.07878954   0.001070294 -0.3319872
0.9373579  -0.08034305   0.0008892452 -0.3389755
0.9349981  -0.0818076   0.0009232625 -0.3450873
0.9326764  -0.08319187   0.001173154 -0.3509881
0.9303398  -0.08461095   0.001340883 -0.3568011
0.9281424  -0.08584101   0.001244428 -0.36219
0.925859  -0.08707643   0.001363803 -0.3676968
0.923686  -0.0883105   0.001086899 -0.3728327
0.9217111  -0.08965921   0.0007781661 -0.3773714
0.9197101  -0.09080645   0.0004211625 -0.3819521
0.9178574  -0.09149116   0.0008093156 -0.386221
0.915994  -0.09236304   0.0006678032 -0.3904147
0.9142507  -0.09326573   0.0003243504 -0.3942676
0.9125879  -0.09418567   0.000192463 -0.3978848
0.9110768  -0.0949856   0.0002092857 -0.4011445
0.9096144  -0.09580269   0.0002775276 -0.4042564
0.9080585  -0.09672792   0.000309241 -0.4075209
0.9066107  -0.09756161   -3.939572E-05 -0.4105347
0.9051626  -0.09810683   -0.0002267909 -0.4135886
0.903837  -0.0988015   -0.0002347329 -0.4163135
0.9026999  -0.09953028   -0.0003428186 -0.4186007
0.9014394  -0.1001451   -0.0001155674 -0.4211627
0.9003339  -0.1006366   0.000104106 -0.4234042
0.8992276  -0.1009841   0.0002508926 -0.4256665
0.8980979  -0.1015147   0.0002353922 -0.4279191
0.8970383  -0.1019975   0.0002317721 -0.4300216
0.8960775  -0.1025841   0.000147183 -0.4318813
0.8952843  -0.1030552   3.065859E-05 -0.4334116
0.8943503  -0.1032723   0.0001969007 -0.4352842
0.8935841  -0.1036868   0.0002561696 -0.4367568
0.8928086  -0.104038   0.0002502079 -0.4382567
0.8920105  -0.104289   0.0002540901 -0.4398195
0.891407  -0.1046097   0.0004079232 -0.440965
0.89073  -0.1046747   0.0004044547 -0.4423154
0.8902168  -0.1051358   0.0003582822 -0.4432385
0.8896129  -0.105271   0.0006612288 -0.444417
0.8889572  -0.1053817   0.0008267924 -0.4457006
0.8884516  -0.1056071   0.0008659221 -0.4466545
0.8879612  -0.1058077   0.0007274312 -0.4475814
0.887527  -0.1060026   0.0007916606 -0.4483956
0.8869365  -0.106171   0.0007802762 -0.4495227
0.8866097  -0.10633   0.0009801304 -0.4501291
0.886143  -0.1063248   0.001206943 -0.451048
0.8856925  -0.1064369   0.001346078 -0.4519049
0.8853744  -0.1067951   0.001263737 -0.4524437
0.8848886  -0.1069671   0.001420876 -0.4533522
0.8846144  -0.106858   0.001568588 -0.4539122
0.884361  -0.1069486   0.001941633 -0.4543828
0.8840012  -0.1071546   0.001862646 -0.4550343
0.8837808  -0.1075751   0.001681808 -0.4553637
0.8833324  -0.107746   0.00179182 -0.4561922
0.8830331  -0.1077969   0.001714463 -0.4567596
0.8827455  -0.1082017   0.001570755 -0.4572202
0.8826091  -0.1082331   0.001555656 -0.457476
0.8823445  -0.1083455   0.001457944 -0.4579599
0.8820366  -0.1085699   0.001474912 -0.4584994
0.8818216  -0.108936   0.001365752 -0.4588265
0.8815565  -0.1091219   0.001415096 -0.4592913
0.8813643  -0.109166   0.001565671 -0.459649
0.8812655  -0.1092238   0.001474301 -0.4598253
0.8810671  -0.1093293   0.00108136 -0.4601812
0.8810237  -0.109395   0.00079456 -0.4602491
0.880832  -0.1096107   0.0007388109 -0.4605648
0.8806182  -0.1097066   0.0006716147 -0.4609506
0.8805396  -0.1099648   0.0005299087 -0.4610395
0.8802852  -0.1100113   0.0006262072 -0.461514
0.8802445  -0.1098617   0.0008246981 -0.4616268
0.8800062  -0.109649   0.001417486 -0.46213
0.8799307  -0.1098922   0.001236307 -0.4622167
0.8796568  -0.1100974   0.00131476 -0.4626886
0.879543  -0.1101132   0.001567638 -0.4629004
0.8795786  -0.1099552   0.001842303 -0.462869
0.8793194  -0.1101624   0.001425866 -0.4633138
0.8792313  -0.1103173   0.001352436 -0.4634443
0.8789911  -0.1105371   0.001163292 -0.4638478
0.8789456  -0.1104584   0.001224486 -0.4639526
0.8790336  -0.1105948   0.001138711 -0.4637536
0.8789095  -0.1104868   0.001278395 -0.464014
0.879023  -0.1103217   0.001443184 -0.4638379
0.8790387  -0.1103701   0.001302053 -0.4637971
0.8787425  -0.1102475   0.001358698 -0.4643871
0.8786113  -0.1101705   0.001541103 -0.4646528
0.8786287  -0.1102406   0.001722369 -0.4646029
0.8786596  -0.1100889   0.002182178 -0.4645781
0.8784905  -0.1099749   0.002344876 -0.4649241
0.8785098  -0.1101547   0.002295897 -0.4648455
0.878445  -0.1102876   0.002211006 -0.4649367
0.8783846  -0.1103789   0.002225251 -0.4650292
0.8783823  -0.1104271   0.002228421 -0.4650221
0.8782703  -0.1104789   0.002210229 -0.4652212
0.8782967  -0.1102766   0.002359017 -0.4652186
0.8783231  -0.1102244   0.002484403 -0.4651805
0.8781707  -0.1102601   0.002632187 -0.465459
0.8782806  -0.1102385   0.002710179 -0.465256
0.8781288  -0.1103906   0.002763646 -0.4655063
0.8782514  -0.1102544   0.003268998 -0.465304
0.8780603  -0.1102586   0.003301411 -0.4656633
0.8782006  -0.1103298   0.003409176 -0.4653809
0.8782313  -0.110504   0.00312472 -0.4652838
0.8781964  -0.1103944   0.003222999 -0.4653749
0.8782077  -0.1103436   0.003339926 -0.4653649
0.8781546  -0.1104683   0.002929703 -0.4654382
0.8782139  -0.1105292   0.002551392 -0.4653139
0.8782109  -0.1106751   0.002582956 -0.465285
0.8781134  -0.1106373   0.002548808 -0.4654778
0.8781928  -0.1108086   0.002331209 -0.4652887
0.8781455  -0.1107294   0.002392119 -0.4653962
0.8780729  -0.1106515   0.002503801 -0.4655513
0.8780823  -0.1106976   0.00231294 -0.4655235
0.8778824  -0.1109933   0.001859009 -0.4658322
0.877916  -0.1111096   0.002066845 -0.4657401
0.8778403  -0.1110095   0.002420351 -0.465905
0.8779798  -0.1111114   0.002250771 -0.4656186
0.8779016  -0.1114048   0.001934671 -0.4656973
0.8779531  -0.1113044   0.002057549 -0.4656239
0.8779808  -0.1114383   0.001831912 -0.4655404
0.8778755  -0.1115077   0.001763879 -0.4657228
0.8779618  -0.1117414   0.001395302 -0.465505
0.8778755  -0.1118624   0.001174903 -0.4656394
0.8778982  -0.1118306   0.00148344 -0.4656031
0.8779317  -0.111676   0.001920496 -0.4655758
0.8779317  -0.1115818   0.001664953 -0.4655992
0.8779486  -0.1115308   0.001827896 -0.4655789
0.8780432  -0.1113627   0.002109169 -0.4654398
0.8780423  -0.1111874   0.002332198 -0.4654819
0.8778991  -0.1114708   0.0020231 -0.4656859
0.8779013  -0.1114573   0.002275837 -0.4656837
0.8780172  -0.1114777   0.002257182 -0.4654607
0.8778478  -0.1113974   0.002344114 -0.4657986
0.877935  -0.1114805   0.002072973 -0.4656158
0.8778814  -0.111759   0.002045278 -0.46565
0.8778208  -0.111663   0.002193282 -0.4657866
0.8779964  -0.1113635   0.002402834 -0.4655262
0.8779065  -0.1113279   0.002594535 -0.4657033
0.8779942  -0.1115022   0.002200831 -0.4654981
0.8780509  -0.1113791   0.002380125 -0.4654199
0.8779837  -0.1111933   0.002664431 -0.4655893
0.8781238  -0.1114779   0.002342936 -0.4652587
0.8780956  -0.1114622   0.002387301 -0.4653158
0.8781828  -0.1116271   0.002322559 -0.4651118
0.8781369  -0.1115469   0.002406336 -0.4652174
0.8781075  -0.1115131   0.00243037 -0.4652806
0.8781468  -0.1116702   0.002368036 -0.4651694
0.8781384  -0.1116746   0.002522069 -0.4651832
0.8783049  -0.1116726   0.00238376 -0.4648699
0.8782307  -0.1115799   0.002142542 -0.4650336
0.8782523  -0.1115715   0.00226649 -0.4649943
0.8782808  -0.1115805   0.002605145 -0.4649363
0.8782337  -0.1113279   0.002670064 -0.4650857
0.8783143  -0.1113868   0.002517502 -0.4649198
0.8783261  -0.1113315   0.002748113 -0.4649096
0.8783727  -0.1112707   0.003057678 -0.4648343
0.8781963  -0.111396   0.002768246 -0.4651393
0.8781824  -0.1114484   0.002724977 -0.4651532
0.8781148  -0.1114199   0.002893268 -0.4652866
0.877989  -0.1114037   0.003034629 -0.4655268
0.8781029  -0.1113947   0.003362695 -0.4653119
0.877946  -0.1114997   0.003338768 -0.4655831
0.8779055  -0.111569   0.003143361 -0.4656439
0.8780283  -0.1116413   0.003407636 -0.4653934
0.8780516  -0.1115579   0.003410082 -0.4653693
0.87813  -0.1116323   0.003245754 -0.4652046
0.8782775  -0.1116273   0.003485697 -0.4649256
0.878192  -0.1116937   0.003534389 -0.4650707
0.8782561  -0.1116903   0.003581966 -0.4649501
0.8781179  -0.111618   0.003599879 -0.4652284
0.8781586  -0.1111246   0.004358146 -0.4652631
0.8781716  -0.1110002   0.004377434 -0.4652682
0.8783252  -0.1111126   0.00422216 -0.4649527
0.8782398  -0.1109726   0.004462969 -0.4651452
0.8782205  -0.1109502   0.004702389 -0.4651845
0.8782277  -0.1111859   0.004609352 -0.4651156
0.8781759  -0.1110606   0.004772898 -0.4652417
0.8782696  -0.1112241   0.004746414 -0.4650261
0.8782611  -0.111266   0.005050501 -0.4650286
0.8782014  -0.1112038   0.005082743 -0.4651563
0.8782395  -0.1112471   0.005095454 -0.4650736
0.8781058  -0.1112999   0.005018942 -0.4653145
0.8781254  -0.1115035   0.004859479 -0.4652303
0.8781919  -0.1115044   0.005081534 -0.465102
0.8781381  -0.1115948   0.005098655 -0.4651817
0.8780352  -0.1117811   0.004873554 -0.4653339
0.8780106  -0.1117373   0.004917582 -0.46539
0.8780243  -0.1116579   0.005144133 -0.465381
0.877937  -0.1116308   0.005065779 -0.465553
0.87794  -0.1117282   0.004983993 -0.4655246
0.8779429  -0.1116631   0.004959052 -0.4655355
0.8778381  -0.1116402   0.00510314 -0.4657368
0.8779799  -0.1116102   0.005148088 -0.4654759
0.8779095  -0.111531   0.005170482 -0.4656277
0.8779007  -0.1116543   0.005181765 -0.4656143
0.8779694  -0.1117555   0.005106431 -0.4654616
0.8778947  -0.1115748   0.005478379 -0.4656413
0.8780013  -0.1115929   0.00531919 -0.465438
0.8779499  -0.1115903   0.005135011 -0.4655375
0.8780653  -0.1116513   0.005020997 -0.4653065
0.8779231  -0.1116537   0.005042508 -0.4655741
0.87807  -0.111717   0.005018462 -0.4652818
0.8780523  -0.1116654   0.00517357 -0.465326
0.8779043  -0.1116591   0.005259744 -0.4656058
0.8779268  -0.111944   0.004620165 -0.4655015
0.8778025  -0.1119955   0.004569099 -0.4657241
0.8778144  -0.1122465   0.004545998 -0.4656416
0.8779484  -0.1119971   0.005084733 -0.4654431
0.8779498  -0.1120491   0.005224342 -0.4654265
0.8780369  -0.1122455   0.004961772 -0.4652179
0.8780511  -0.1122496   0.004953584 -0.4651899
0.8779787  -0.1123957   0.004827132 -0.465293
0.8779722  -0.112581   0.004643703 -0.4652619
0.8780639  -0.112392   0.004904301 -0.4651321
0.8781128  -0.1124996   0.004699213 -0.4650157
0.8779881  -0.1123264   0.005082525 -0.4652889
0.8780787  -0.1123726   0.005073104 -0.4651071
0.878076  -0.1124156   0.00499418 -0.4651023
0.878059  -0.1125076   0.004667171 -0.4651158
0.8782497  -0.1126858   0.004524195 -0.4647137
0.8781491  -0.1127294   0.004517287 -0.4648933
0.8782668  -0.1127074   0.004521841 -0.4646762
0.8782104  -0.1126478   0.004651425 -0.464796
0.8780159  -0.1128131   0.004448757 -0.4651254
0.8780494  -0.1125976   0.00491148 -0.4651096
0.8778972  -0.1127301   0.00455894 -0.4653683
0.8780043  -0.1127195   0.004599035 -0.4651684
0.8778972  -0.1125822   0.004877148 -0.4654008
0.8779677  -0.1124809   0.005133693 -0.4652896
0.8779306  -0.1126004   0.004919383 -0.4653332
0.8779099  -0.1124381   0.005319736 -0.4654069
0.8778976  -0.1126359   0.005427349 -0.4653811
0.8779045  -0.1128247   0.005040606 -0.4653267
0.8779053  -0.1128516   0.004984935 -0.4653192
0.8779237  -0.1129791   0.004522983 -0.4652582
0.8777909  -0.1131335   0.004443469 -0.4654721
0.8778753  -0.1132093   0.004214608 -0.4652963
0.8777962  -0.1132326   0.004241546 -0.46544
0.8778175  -0.1132311   0.004318207 -0.4653993
0.8778528  -0.1129892   0.004645323 -0.4653884
0.8777893  -0.1130354   0.004545448 -0.4654979
0.8777915  -0.1133   0.004247787 -0.4654322
0.877745  -0.1132308   0.00445169 -0.4655349
0.8778205  -0.1131582   0.004353892 -0.4654111
0.8777341  -0.1131597   0.004392438 -0.4655733
0.8778467  -0.1132974   0.004085258 -0.4653302
0.8779557  -0.1132313   0.00417668 -0.4651397
0.8778322  -0.112975   0.004706042 -0.4654298
0.8779155  -0.1128948   0.004746122 -0.4652921
0.8779247  -0.1129512   0.00448378 -0.4652634
0.8779127  -0.1131284   0.004350807 -0.4652444
0.8780296  -0.1131856   0.004139369 -0.4650118
0.8779628  -0.1130593   0.004416261 -0.4651659
0.8780416  -0.1130602   0.004466023 -0.4650166
0.8780864  -0.1129701   0.004510289 -0.4649533
0.8781661  -0.1130125   0.004521624 -0.4647925
0.8780226  -0.1130928   0.004567557 -0.4650435
0.8781565  -0.1129636   0.004801387 -0.4648198
0.8782927  -0.1131041   0.004563173 -0.4645305
0.878159  -0.1130845   0.004513524 -0.4647884
0.8781234  -0.1129515   0.004546065 -0.4648878
0.8780559  -0.1130123   0.004377556 -0.4650019
0.8780261  -0.1130261   0.004531805 -0.4650536
0.8780936  -0.1132083   0.004330921 -0.4648836
0.8779625  -0.1132903   0.004135044 -0.4651129
0.8780191  -0.1132076   0.004103027 -0.4650265
0.8780547  -0.1131945   0.003855498 -0.4649646
0.8780082  -0.1132148   0.003795092 -0.4650479
0.8780842  -0.1130888   0.003875002 -0.4649345
0.8781154  -0.1131699   0.003779786 -0.4648566
0.8782497  -0.1130672   0.004214151 -0.464624
0.878185  -0.1128087   0.004249599 -0.464809
0.8782699  -0.112767   0.004080154 -0.4646598
0.8782279  -0.1124386   0.004655262 -0.4648135
0.8780876  -0.112342   0.004659925 -0.4651017
0.8781425  -0.1122878   0.004915566 -0.4650088
0.8780448  -0.1121484   0.005112087 -0.4652247
0.8781116  -0.1121491   0.005278872 -0.4650963
0.878077  -0.1123306   0.005066769 -0.4651203
0.8779945  -0.1124614   0.004808192 -0.4652472
0.8781157  -0.1126184   0.004503286 -0.4649833
0.8780163  -0.1125918   0.004590665 -0.4651767
0.8780653  -0.1126124   0.004798035 -0.4650771
0.8780464  -0.112599   0.004816333 -0.4651159
0.8780608  -0.1127211   0.004368043 -0.4650635
0.8780503  -0.1128277   0.004028569 -0.4650605
0.8780479  -0.1126467   0.004318496 -0.4651064
0.8781475  -0.112596   0.004569597 -0.4649283
0.8780342  -0.1125225   0.004528024 -0.4651603
0.8779314  -0.1126793   0.004288944 -0.4653186
0.877997  -0.1127216   0.00421 -0.4651856
0.8779778  -0.1127294   0.004490076 -0.4652169
0.8780403  -0.1127661   0.004334104 -0.4650917
0.8778982  -0.112737   0.004494903 -0.4653654
0.8778604  -0.1127317   0.004728435 -0.4654356
0.8779461  -0.1126745   0.004828626 -0.465287
0.8777468  -0.1126028   0.004903862 -0.4656793
0.8777977  -0.1126903   0.004780655 -0.4655634
0.8777619  -0.1125703   0.005000763 -0.4656574
0.8779169  -0.1126127   0.004963609 -0.4653555
0.8777546  -0.1126068   0.004930449 -0.4656633
0.8777255  -0.1125667   0.004959751 -0.4657274
0.8777289  -0.112604   0.004893187 -0.4657126
0.877724  -0.1124435   0.005225 -0.4657573
0.8778133  -0.1123995   0.005260854 -0.4655991
0.8776509  -0.1123461   0.00519516 -0.4659187
0.8776256  -0.1123392   0.005267383 -0.4659671
0.877796  -0.1120898   0.005740857 -0.4657007
0.8777139  -0.1122483   0.00567308 -0.4658181
0.877819  -0.1123687   0.00546689 -0.4655935
0.8778353  -0.1125217   0.00512496 -0.4655294
0.877708  -0.1125323   0.005297435 -0.4657651
0.8776127  -0.1125445   0.005426741 -0.4659402
0.8776397  -0.1123798   0.005399914 -0.4659294
0.8776741  -0.1121614   0.005762879 -0.4659129
0.8776882  -0.1122524   0.005861123 -0.4658632
0.8777893  -0.1121606   0.00574647 -0.4656961
0.8777586  -0.1122781   0.005550858 -0.4657283
0.877738  -0.112201   0.005798854 -0.4657825
0.8778551  -0.1121282   0.006142257 -0.4655749
0.8777747  -0.1120779   0.005846539 -0.4657425
0.8777636  -0.1121555   0.005666006 -0.4657469
0.8777571  -0.112229   0.005626324 -0.465742
0.8776906  -0.1125093   0.005405919 -0.4658021
0.8778135  -0.1124603   0.005695421 -0.465579
0.8778312  -0.1125216   0.0056382 -0.4655314
0.8779963  -0.1125755   0.005554638 -0.4652078
0.8780239  -0.1124458   0.005613075 -0.4651868
0.8780781  -0.112256   0.005766619 -0.4651281
0.8779836  -0.1123987   0.005326084 -0.4652772
0.8778704  -0.1122406   0.005595472 -0.4655258
0.8780138  -0.1122601   0.005680892 -0.4652493
0.8778375  -0.1123127   0.00549305 -0.4655716
0.8778413  -0.1123244   0.005486607 -0.465562
0.8778959  -0.1122766   0.005370683 -0.4654716
0.8778633  -0.11234   0.005491362 -0.4655166
0.877961  -0.1125179   0.005465165 -0.4652894
0.8779132  -0.112765   0.005036926 -0.4653246
0.8778826  -0.112875   0.004883246 -0.4653574
0.8778985  -0.1128008   0.005298376 -0.4653408
0.8780191  -0.1126881   0.005642282 -0.4651366
0.8780001  -0.1128985   0.005317812 -0.4651252
0.8779191  -0.1129774   0.005385306 -0.4652582
0.8780054  -0.1128923   0.005553126 -0.4651139
0.8779079  -0.1130302   0.005399566 -0.4652661
0.8779482  -0.1129785   0.005298296 -0.4652042
0.8779415  -0.1132124   0.00500312 -0.4651631
0.8779115  -0.1131931   0.005229781 -0.4652219
0.8780913  -0.1131511   0.005179869 -0.4648932
0.8779939  -0.1130968   0.005057428 -0.4650918
0.8779398  -0.1130405   0.005173878 -0.4652064
0.8780131  -0.1130657   0.005362308 -0.4650594
0.8779745  -0.1130342   0.005368641 -0.4651402
0.8779818  -0.1131833   0.005273441 -0.465091
0.8779209  -0.1131234   0.00559981 -0.4652168
0.8779771  -0.1130675   0.005703668 -0.465123
0.8779686  -0.113156   0.005385724 -0.4651212
0.8779771  -0.1130445   0.005178337 -0.4651347
0.8779121  -0.1130095   0.005089192 -0.4652669
0.8777595  -0.1131231   0.005012457 -0.4655278
0.8778727  -0.1133812   0.004715231 -0.4652546
0.8779062  -0.1132924   0.004759963 -0.4652129
0.8779292  -0.1132456   0.004826349 -0.4651799
0.8780146  -0.1132442   0.004685458 -0.4650207
0.8778819  -0.1130389   0.005025975 -0.4653173
0.8778523  -0.1130415   0.005055306 -0.4653726
0.8778596  -0.1131126   0.005324305 -0.4653383
0.8778048  -0.1131934   0.005317145 -0.4654222
0.8777959  -0.1129738   0.005429623 -0.465491
0.8777807  -0.1129015   0.005449594 -0.4655368
0.8778909  -0.1128954   0.00559481 -0.4653289
0.8778448  -0.1129246   0.005502094 -0.4654098
0.8779522  -0.1131766   0.00497306 -0.465152
0.8778432  -0.1131559   0.005003531 -0.4653623
0.8777829  -0.1131558   0.004974013 -0.4654765
0.8779252  -0.1131108   0.00498846 -0.4652188
0.8778866  -0.1129351   0.005020018 -0.4653338
0.8778446  -0.1128718   0.005000044 -0.4654289
0.8778785  -0.1129795   0.004814187 -0.4653405
0.8777685  -0.1131836   0.004667152 -0.4655001
0.8779076  -0.1132412   0.004683232 -0.4652232
0.8778401  -0.1131874   0.004638664 -0.4653644
0.8778914  -0.1130402   0.004816637 -0.4653015
0.8776985  -0.1131986   0.004689619 -0.4656281
0.8778511  -0.1133141   0.004660616 -0.4653124
0.8778387  -0.1132005   0.00481747 -0.4653619
0.8778023  -0.1132801   0.004919024 -0.4654101
0.8779531  -0.1133892   0.004743141 -0.4651009
0.8778849  -0.1132391   0.004997655 -0.4652632
0.8779112  -0.113105   0.005104794 -0.4652452
0.8778862  -0.1131458   0.005285943 -0.4652804
0.8778102  -0.1133392   0.00529936 -0.4653767
0.8779635  -0.1134133   0.005168824 -0.4650706
0.8778635  -0.1133162   0.005547723 -0.4652788
0.8777919  -0.1131717   0.005637769 -0.465448
0.8778682  -0.1133323   0.005407218 -0.4652675
0.8778135  -0.1135147   0.005303183 -0.4653277
0.8778163  -0.1136212   0.005311286 -0.4652961
0.8777248  -0.1133817   0.005631133 -0.4655232
0.8778153  -0.1133264   0.005733585 -0.4653652
0.877632  -0.1132151   0.005840226 -0.4657363
0.8776476  -0.1131786   0.005979217 -0.4657141
0.877714  -0.1131449   0.005861992 -0.4655986
0.8776541  -0.1132407   0.005829853 -0.4656886
0.8777004  -0.1132593   0.005738582 -0.4655979
0.8776351  -0.1134992   0.00563371 -0.4656638
0.8776133  -0.1134148   0.005835026 -0.465723
0.8776509  -0.1136585   0.005454648 -0.4655974
0.8776124  -0.1136662   0.005452431 -0.4656683
0.8776689  -0.1135572   0.005374079 -0.4655891
0.8776014  -0.1134148   0.00541981 -0.4657505
0.8776132  -0.1136069   0.004964771 -0.4656864
0.8774861  -0.1135778   0.00496936 -0.4659331
0.8774565  -0.1136002   0.004607223 -0.4659871
0.8775072  -0.1136172   0.004648355 -0.4658869
0.8774668  -0.113752   0.004273843 -0.4659337
0.8775413  -0.1134577   0.004516909 -0.4658628
0.8775491  -0.1132557   0.0045391 -0.4658971
0.8774895  -0.1130078   0.004925048 -0.4660655
0.877554  -0.1131234   0.004593913 -0.4659196
0.8774816  -0.113092   0.004852231 -0.4660608
0.8776127  -0.1132126   0.004633513 -0.4657867
0.8776796  -0.1134704   0.004452038 -0.4655997
0.877633  -0.1131416   0.0046939 -0.4657651
0.8775596  -0.1127072   0.005373672 -0.4660014
0.8775154  -0.1127635   0.005514383 -0.4660694
0.8776506  -0.112931   0.005433842 -0.4657753
0.8777052  -0.1130601   0.005064931 -0.465645
0.8777608  -0.1132423   0.004897692 -0.4654978
0.8777604  -0.113132   0.005162021 -0.4655226
0.8776483  -0.1128921   0.005728792 -0.4657854
0.8777855  -0.1128259   0.005763249 -0.4655424
0.8776996  -0.1127286   0.005611693 -0.4657299
0.8776596  -0.1128115   0.005432311 -0.465787
0.8776519  -0.1129371   0.00532468 -0.4657726
0.8774899  -0.1128446   0.005334733 -0.4661
0.8774974  -0.1129975   0.005075749 -0.4660518
0.8774167  -0.1129494   0.005213964 -0.4662136
0.8774244  -0.1130301   0.005317026 -0.4661787
0.8773795  -0.1129546   0.005466549 -0.4662794
0.8775133  -0.1128083   0.005700528 -0.4660603
0.8775877  -0.1131262   0.005484492 -0.4658457
0.8774367  -0.1131067   0.005613147 -0.4661333
0.8775471  -0.112948   0.005742838 -0.4659621
0.8774928  -0.1132722   0.00514948 -0.4659927
0.8775069  -0.1132592   0.005057042 -0.4659706
0.8776495  -0.113268   0.004885371 -0.4657016
0.8775522  -0.1132773   0.00510003 -0.4658801
0.8776391  -0.1131863   0.005179917 -0.4657378
0.8775631  -0.1131256   0.00535944 -0.4658937
0.8774289  -0.1131229   0.005483522 -0.4661453
0.8774753  -0.1131906   0.00556171 -0.4660411
0.8776574  -0.1131292   0.005609356 -0.4657122
0.8777254  -0.1131613   0.005941725 -0.4655721
0.8776681  -0.1132498   0.005666076 -0.465662
0.8778001  -0.1132303   0.005557341 -0.4654193
0.8776644  -0.1132263   0.00556688 -0.4656757
0.8776976  -0.1132621   0.005725471 -0.4656028
0.87779  -0.1134287   0.0059505 -0.4653851
0.8777119  -0.1134388   0.006036357 -0.4655288
0.8778435  -0.1133163   0.006043769 -0.4653104
0.8778528  -0.1130551   0.006036818 -0.4653562
0.8777561  -0.1126624   0.006650613 -0.4656254
0.8777959  -0.1129019   0.00635804 -0.4654967
0.8777002  -0.1129599   0.00642479 -0.465662
0.8777964  -0.1129585   0.006691063 -0.4654774
0.8777401  -0.1129056   0.006747175 -0.4655954
0.8777581  -0.1126677   0.006871494 -0.4656174
0.877571  -0.1126307   0.006941161 -0.4659779
0.8773798  -0.1127744   0.006903138 -0.4663035
0.8774337  -0.1130249   0.006760786 -0.4661437
0.8773463  -0.1129952   0.006626113 -0.4663169
0.8774227  -0.1131317   0.006347988 -0.4661441
0.87748  -0.1130777   0.006324301 -0.4660498
0.8773974  -0.1130169   0.006439086 -0.4662185
0.8773637  -0.1133218   0.005929507 -0.4662143
0.8772747  -0.1134399   0.00576734 -0.4663554
0.8773449  -0.1135835   0.005547626 -0.4661909
0.8773827  -0.1134704   0.005753693 -0.4661448
0.8773062  -0.1133402   0.005852022 -0.4663192
0.8772309  -0.1134315   0.005914256 -0.4664378
0.8772222  -0.1136897   0.005658182 -0.4663944
0.8773101  -0.1140328   0.005254313 -0.46615
0.8772596  -0.1139615   0.005231308 -0.4662627
0.8774231  -0.1138776   0.005004274 -0.4659781
0.8774836  -0.1137811   0.004982422 -0.4658879
0.8773239  -0.1137054   0.004919401 -0.4662075
0.8773298  -0.114049   0.004456446 -0.4661174
0.8773728  -0.1141126   0.004557051 -0.4660199
