-0.1435547  9.843066   -1.354199
-0.2009766  9.780859   -1.306348
-0.2249023  9.804785   -1.311133
-0.2727539  9.81914   -1.39248
-0.1818359  9.890918   -1.277637
-0.2249023  9.843066   -1.330273
-0.1770508  9.852636   -1.358984
-0.244043  9.752149   -1.23457
-0.2009766  9.804785   -1.411621
-0.1722656  9.852636   -1.220215
-0.2201172  9.785645   -1.272852
-0.2344727  9.814356   -1.387695
-0.1866211  9.838282   -1.358984
-0.2057617  9.881348   -1.272852
-0.2105469  9.886133   -1.201074
-0.1674805  9.871778   -1.196289
-0.1722656  9.833496   -1.287207
-0.2201172  9.847852   -1.325488
-0.215332  9.8   -1.272852
-0.2105469  9.852636   -1.349414
-0.1961914  9.852636   -1.268066
-0.1914063  9.866992   -1.225
-0.215332  9.780859   -1.268066
-0.1722656  9.838282   -1.263281
-0.1914063  9.843066   -1.263281
-0.1914063  9.823926   -1.320703
-0.1626953  9.823926   -1.23457
-0.2009766  9.876562   -1.191504
-0.2057617  9.852636   -1.210644
-0.2057617  9.852636   -1.253711
-0.1387695  9.843066   -1.253711
-0.2201172  9.81914   -1.320703
-0.2057617  9.857422   -1.306348
-0.1961914  9.833496   -1.239355
-0.2009766  9.81914   -1.263281
-0.1866211  9.871778   -1.268066
-0.1722656  9.81914   -1.325488
-0.2249023  9.857422   -1.225
-0.2344727  9.823926   -1.220215
-0.1866211  9.852636   -1.287207
-0.2009766  9.833496   -1.220215
-0.2057617  9.857422   -1.229785
-0.2057617  9.895703   -1.205859
-0.2057617  9.828711   -1.320703
-0.1674805  9.871778   -1.315918
-0.2249023  9.828711   -1.325488
-0.2105469  9.838282   -1.210644
-0.1866211  9.828711   -1.349414
-0.2201172  9.852636   -1.172363
-0.1244141  9.838282   -1.220215
-0.1866211  9.871778   -1.282422
-0.2296875  9.852636   -1.268066
-0.2344727  9.828711   -1.23457
-0.1818359  9.876562   -1.181934
-0.1866211  9.843066   -1.225
-0.2249023  9.843066   -1.339844
-0.1914063  9.852636   -1.282422
-0.215332  9.847852   -1.186719
-0.2249023  9.857422   -1.291992
-0.2201172  9.8   -1.311133
-0.1914063  9.838282   -1.172363
-0.2536133  9.866992   -1.291992
-0.2201172  9.81914   -1.229785
-0.2201172  9.871778   -1.205859
-0.2392578  9.828711   -1.239355
-0.1435547  9.795215   -1.225
-0.2057617  9.895703   -1.225
-0.2249023  9.833496   -1.258496
-0.1770508  9.80957   -1.253711
-0.2105469  9.852636   -1.244141
-0.1914063  9.81914   -1.406836
-0.1674805  9.857422   -1.205859
-0.244043  9.866992   -1.220215
-0.215332  9.838282   -1.229785
-0.1914063  9.838282   -1.167578
-0.2009766  9.843066   -1.306348
-0.2536133  9.823926   -1.158008
-0.2488281  9.905273   -1.21543
-0.1722656  9.8   -1.210644
-0.2009766  9.814356   -1.225
-0.1722656  9.857422   -1.239355
-0.1435547  9.795215   -1.296777
-0.2105469  9.895703   -1.23457
-0.1722656  9.871778   -1.277637
-0.2057617  9.895703   -1.186719
-0.1866211  9.847852   -1.263281
-0.1483398  9.843066   -1.263281
-0.2249023  9.785645   -1.277637
-0.1626953  9.881348   -1.181934
-0.1626953  9.857422   -1.301563
-0.1914063  9.862207   -1.268066
-0.1866211  9.771289   -1.36377
-0.2249023  9.833496   -1.291992
-0.2201172  9.852636   -1.220215
-0.2536133  9.80957   -1.253711
-0.1387695  9.780859   -1.287207
-0.244043  9.828711   -1.258496
-0.1770508  9.881348   -1.186719
-0.2057617  9.852636   -1.191504
-0.1626953  9.80957   -1.148438
-0.2009766  9.881348   -1.315918
-0.1914063  9.866992   -1.296777
-0.2201172  9.823926   -1.36377
-0.1483398  9.871778   -1.268066
-0.1914063  9.814356   -1.205859
-0.153125  9.828711   -1.205859
-0.244043  9.838282   -1.306348
-0.1914063  9.81914   -1.277637
-0.2344727  9.81914   -1.248926
-0.2009766  9.823926   -1.201074
-0.2057617  9.843066   -1.191504
-0.1961914  9.871778   -1.339844
-0.1866211  9.852636   -1.296777
-0.2583984  9.881348   -1.248926
-0.1626953  9.828711   -1.282422
-0.2057617  9.733007   -1.239355
-0.2392578  9.871778   -1.23457
-0.2823242  9.823926   -1.248926
-0.1961914  9.900488   -1.191504
-0.2009766  9.828711   -1.153223
-0.1914063  9.838282   -1.186719
-0.2488281  9.828711   -1.268066
-0.1579102  9.871778   -1.306348
-0.1770508  9.886133   -1.229785
-0.2057617  9.843066   -1.205859
-0.2201172  9.823926   -1.225
-0.1914063  9.881348   -1.287207
-0.2296875  9.81914   -1.172363
-0.2009766  9.804785   -1.248926
-0.1866211  9.852636   -1.225
-0.1626953  9.847852   -1.225
-0.1866211  9.843066   -1.177148
-0.1818359  9.866992   -1.253711
-0.2009766  9.843066   -1.110156
-0.1818359  9.833496   -1.311133
-0.1866211  9.843066   -1.177148
-0.2057617  9.857422   -1.205859
-0.215332  9.81914   -1.220215
-0.1961914  9.814356   -1.201074
-0.2296875  9.828711   -1.253711
-0.1435547  9.828711   -1.335059
-0.1961914  9.838282   -1.277637
-0.2488281  9.881348   -1.272852
-0.2249023  9.833496   -1.23457
-0.1483398  9.890918   -1.21543
-0.1961914  9.80957   -1.239355
-0.2344727  9.866992   -1.210644
-0.1770508  9.828711   -1.268066
-0.1674805  9.857422   -1.287207
-0.2392578  9.866992   -1.23457
-0.2344727  9.866992   -1.272852
-0.2727539  9.866992   -1.201074
-0.2488281  9.823926   -1.291992
-0.2344727  9.795215   -1.138867
-0.1914063  9.833496   -1.296777
-0.1435547  9.823926   -1.244141
-0.1483398  9.8   -1.291992
-0.2344727  9.905273   -1.36377
-0.1961914  9.847852   -1.191504
-0.1674805  9.852636   -1.258496
-0.2009766  9.890918   -1.244141
-0.2488281  9.876562   -1.167578
-0.2583984  9.823926   -1.191504
-0.1866211  9.871778   -1.258496
-0.2009766  9.886133   -1.201074
-0.2009766  9.852636   -1.268066
-0.2105469  9.828711   -1.296777
-0.2296875  9.866992   -1.229785
-0.2296875  9.804785   -1.368555
-0.2057617  9.866992   -1.239355
-0.2249023  9.785645   -1.268066
-0.2009766  9.847852   -1.287207
-0.1961914  9.886133   -1.229785
-0.2201172  9.910059   -1.272852
-0.1722656  9.862207   -1.268066
-0.1674805  9.843066   -1.296777
-0.1866211  9.866992   -1.191504
-0.215332  9.838282   -1.181934
-0.1818359  9.838282   -1.244141
-0.1914063  9.828711   -1.21543
-0.1914063  9.838282   -1.129297
-0.1674805  9.866992   -1.205859
-0.2536133  9.847852   -1.220215
-0.2105469  9.804785   -1.201074
-0.2249023  9.81914   -1.272852
-0.1866211  9.838282   -1.258496
-0.2536133  9.852636   -1.272852
-0.1914063  9.833496   -1.229785
-0.2201172  9.852636   -1.248926
-0.1961914  9.862207   -1.172363
-0.2057617  9.833496   -1.306348
-0.2488281  9.795215   -1.268066
-0.2201172  9.843066   -1.339844
-0.1866211  9.895703   -1.287207
-0.2105469  9.852636   -1.258496
-0.2488281  9.838282   -1.349414
-0.2583984  9.843066   -1.23457
-0.2201172  9.857422   -1.339844
-0.2201172  9.871778   -1.229785
-0.2009766  9.881348   -1.315918
-0.153125  9.876562   -1.205859
-0.2536133  9.881348   -1.225
-0.2057617  9.843066   -1.191504
-0.2201172  9.823926   -1.258496
-0.1818359  9.833496   -1.220215
-0.1914063  9.823926   -1.339844
-0.1961914  9.81914   -1.248926
-0.2918945  9.866992   -1.248926
-0.2009766  9.843066   -1.186719
-0.2249023  9.843066   -1.258496
-0.1866211  9.833496   -1.311133
-0.2057617  9.857422   -1.339844
-0.1626953  9.833496   -1.210644
-0.2105469  9.866992   -1.239355
-0.1818359  9.857422   -1.282422
-0.2057617  9.843066   -1.186719
-0.2296875  9.80957   -1.311133
-0.2201172  9.838282   -1.315918
-0.2392578  9.857422   -1.263281
-0.1961914  9.79043   -1.196289
-0.1914063  9.866992   -1.225
-0.2057617  9.776074   -1.220215
-0.2488281  9.81914   -1.162793
-0.2727539  9.881348   -1.172363
-0.1579102  9.862207   -1.263281
-0.1674805  9.866992   -1.167578
-0.2631836  9.8   -1.229785
-0.2871094  9.862207   -1.191504
-0.2488281  9.852636   -1.225
-0.215332  9.833496   -1.196289
-0.244043  9.871778   -1.129297
-0.2009766  9.876562   -1.244141
-0.1579102  9.866992   -1.205859
-0.2296875  9.862207   -1.268066
-0.2105469  9.871778   -1.220215
-0.2488281  9.795215   -1.23457
-0.2249023  9.895703   -1.191504
-0.244043  9.890918   -1.263281
-0.2057617  9.871778   -1.205859
-0.2296875  9.857422   -1.311133
-0.1770508  9.838282   -1.263281
-0.1722656  9.838282   -1.287207
-0.2536133  9.828711   -1.196289
-0.2201172  9.890918   -1.201074
-0.1722656  9.771289   -1.368555
-0.1818359  9.814356   -1.248926
-0.2201172  9.776074   -1.225
-0.2201172  9.838282   -1.301563
-0.2392578  9.900488   -1.330273
-0.1818359  9.847852   -1.210644
-0.1722656  9.857422   -1.172363
-0.2392578  9.876562   -1.205859
-0.30625  9.814356   -1.268066
-0.2488281  9.866992   -1.306348
-0.1914063  9.886133   -1.210644
-0.2009766  9.81914   -1.191504
-0.2296875  9.828711   -1.196289
-0.1770508  9.81914   -1.167578
-0.2488281  9.8   -1.248926
-0.1914063  9.857422   -1.229785
-0.2009766  9.847852   -1.201074
-0.1818359  9.857422   -1.172363
-0.2057617  9.843066   -1.181934
-0.2201172  9.814356   -1.248926
-0.2201172  9.876562   -1.148438
-0.1674805  9.852636   -1.201074
-0.244043  9.910059   -1.277637
-0.2296875  9.857422   -1.167578
-0.2392578  9.862207   -1.225
-0.2249023  9.785645   -1.239355
-0.1579102  9.900488   -1.181934
-0.2249023  9.852636   -1.172363
-0.2009766  9.838282   -1.201074
-0.2105469  9.80957   -1.181934
-0.2201172  9.81914   -1.220215
-0.2249023  9.847852   -1.186719
-0.2105469  9.890918   -1.315918
-0.2009766  9.905273   -1.311133
-0.2057617  9.814356   -1.186719
-0.1914063  9.833496   -1.186719
-0.2536133  9.804785   -1.220215
-0.1818359  9.833496   -1.291992
-0.2296875  9.847852   -1.244141
-0.1914063  9.881348   -1.306348
-0.1626953  9.81914   -1.23457
-0.2009766  9.948339   -1.306348
-0.1818359  9.881348   -1.23457
-0.2583984  9.857422   -1.258496
-0.2201172  9.852636   -1.282422
-0.1626953  9.838282   -1.244141
-0.1914063  9.881348   -1.263281
-0.2057617  9.852636   -1.21543
-0.1818359  9.847852   -1.268066
-0.2249023  9.886133   -1.291992
-0.1626953  9.881348   -1.205859
-0.1818359  9.795215   -1.263281
-0.215332  9.886133   -1.258496
-0.215332  9.81914   -1.095801
-0.2105469  9.833496   -1.272852
-0.1722656  9.785645   -1.167578
-0.153125  9.838282   -1.21543
-0.2105469  9.785645   -1.205859
-0.244043  9.871778   -1.287207
-0.2057617  9.866992   -1.37334
-0.2392578  9.866992   -1.315918
-0.1961914  9.81914   -1.339844
-0.2392578  9.828711   -1.268066
-0.2392578  9.847852   -1.23457
-0.215332  9.828711   -1.263281
-0.1722656  9.804785   -1.268066
-0.1818359  9.862207   -1.220215
-0.2009766  9.828711   -1.196289
-0.1435547  9.79043   -1.253711
-0.1722656  9.843066   -1.282422
-0.2057617  9.871778   -1.191504
-0.244043  9.828711   -1.306348
-0.1626953  9.833496   -1.253711
-0.153125  9.847852   -1.186719
-0.1818359  9.843066   -1.258496
-0.2918945  9.828711   -1.220215
-0.2344727  9.919629   -1.172363
-0.2344727  9.847852   -1.248926
-0.2057617  9.876562   -1.253711
-0.1579102  9.871778   -1.306348
-0.2105469  9.833496   -1.205859
-0.2057617  9.881348   -1.225
-0.2296875  9.833496   -1.23457
-0.244043  9.852636   -1.320703
-0.1914063  9.857422   -1.196289
-0.1961914  9.795215   -1.268066
-0.1579102  9.8   -1.191504
-0.2296875  9.866992   -1.268066
-0.2057617  9.847852   -1.229785
-0.244043  9.890918   -1.253711
-0.1770508  9.852636   -1.201074
-0.2296875  9.866992   -1.291992
-0.2583984  9.881348   -1.239355
-0.1961914  9.8   -1.354199
-0.2249023  9.857422   -1.172363
-0.1626953  9.838282   -1.263281
-0.1818359  9.80957   -1.258496
-0.2105469  9.828711   -1.220215
-0.1866211  9.814356   -1.368555
-0.1914063  9.924414   -1.296777
-0.2057617  9.843066   -1.21543
-0.2631836  9.838282   -1.158008
-0.1866211  9.795215   -1.263281
-0.2536133  9.80957   -1.282422
-0.1387695  9.852636   -1.23457
-0.1961914  9.862207   -1.282422
-0.1818359  9.852636   -1.301563
-0.1961914  9.852636   -1.220215
-0.2009766  9.857422   -1.138867
-0.1866211  9.833496   -1.225
-0.1674805  9.862207   -1.229785
-0.2057617  9.828711   -1.23457
-0.1914063  9.900488   -1.301563
-0.1770508  9.866992   -1.268066
-0.2057617  9.847852   -1.220215
-0.1818359  9.890918   -1.306348
-0.2249023  9.833496   -1.239355
-0.2057617  9.871778   -1.148438
-0.2488281  9.910059   -1.129297
-0.2009766  9.838282   -1.248926
-0.1483398  9.890918   -1.258496
-0.2201172  9.828711   -1.272852
-0.2009766  9.766504   -1.325488
-0.2105469  9.847852   -1.296777
-0.1961914  9.833496   -1.196289
-0.1818359  9.895703   -1.210644
-0.1579102  9.847852   -1.335059
-0.1435547  9.847852   -1.239355
-0.2727539  9.785645   -1.129297
-0.1914063  9.914844   -1.21543
-0.1961914  9.857422   -1.277637
-0.2009766  9.890918   -1.258496
-0.1866211  9.876562   -1.148438
-0.1770508  9.814356   -1.229785
-0.244043  9.900488   -1.248926
-0.2009766  9.866992   -1.210644
-0.2536133  9.866992   -1.23457
-0.2296875  9.881348   -1.181934
-0.2488281  9.81914   -1.248926
-0.2057617  9.871778   -1.239355
-0.2296875  9.833496   -1.172363
-0.1914063  9.852636   -1.325488
-0.2536133  9.847852   -1.258496
-0.1866211  9.833496   -1.268066
-0.244043  9.886133   -1.248926
-0.2057617  9.866992   -1.225
-0.1914063  9.866992   -1.268066
-0.2249023  9.79043   -1.110156
-0.2105469  9.857422   -1.167578
-0.2201172  9.843066   -1.253711
-0.1770508  9.80957   -1.201074
-0.2009766  9.847852   -1.201074
-0.244043  9.828711   -1.186719
-0.2392578  9.838282   -1.201074
-0.244043  9.828711   -1.177148
-0.1435547  9.847852   -1.220215
-0.1914063  9.847852   -1.301563
-0.215332  9.871778   -1.277637
-0.1866211  9.862207   -1.210644
-0.1961914  9.871778   -1.263281
-0.1866211  9.847852   -1.301563
-0.2296875  9.843066   -1.225
-0.2009766  9.795215   -1.315918
-0.1961914  9.900488   -1.229785
-0.1818359  9.866992   -1.201074
-0.244043  9.81914   -1.277637
-0.215332  9.823926   -1.205859
-0.1914063  9.785645   -1.225
-0.2057617  9.8   -1.201074
-0.2057617  9.871778   -1.167578
-0.2057617  9.833496   -1.186719
-0.2105469  9.871778   -1.21543
-0.2057617  9.814356   -1.167578
-0.2488281  9.838282   -1.344629
-0.2249023  9.862207   -1.229785
-0.153125  9.8   -1.253711
-0.1914063  9.886133   -1.291992
-0.1770508  9.843066   -1.287207
-0.1914063  9.852636   -1.239355
-0.1818359  9.828711   -1.239355
-0.2536133  9.838282   -1.306348
-0.1914063  9.847852   -1.21543
-0.2583984  9.828711   -1.248926
-0.2105469  9.866992   -1.177148
-0.1818359  9.833496   -1.196289
-0.1818359  9.8   -1.158008
-0.2296875  9.838282   -1.134082
-0.2727539  9.866992   -1.268066
-0.2296875  9.852636   -1.220215
-0.2536133  9.852636   -1.315918
-0.1961914  9.833496   -1.210644
-0.1722656  9.8   -1.158008
-0.2249023  9.876562   -1.268066
-0.244043  9.843066   -1.253711
-0.2009766  9.866992   -1.201074
-0.2057617  9.895703   -1.368555
-0.2249023  9.733007   -1.258496
-0.1914063  9.847852   -1.181934
-0.1866211  9.847852   -1.263281
-0.2344727  9.881348   -1.225
-0.2488281  9.785645   -1.23457
-0.1722656  9.833496   -1.201074
-0.2392578  9.890918   -1.201074
-0.2057617  9.847852   -1.167578
-0.2009766  9.895703   -1.239355
-0.2249023  9.857422   -1.291992
-0.1722656  9.79043   -1.282422
-0.2344727  9.828711   -1.129297
-0.2296875  9.919629   -1.277637
-0.2488281  9.847852   -1.177148
-0.2009766  9.929199   -1.196289
-0.2727539  9.929199   -1.268066
-0.2201172  9.80957   -1.258496
-0.1483398  9.795215   -1.36377
-0.1626953  9.795215   -1.239355
-0.2105469  9.876562   -1.268066
-0.2296875  9.80957   -1.225
-0.215332  9.814356   -1.167578
-0.2009766  9.838282   -1.191504
-0.2201172  9.866992   -1.210644
-0.2536133  9.823926   -1.23457
-0.1674805  9.838282   -1.306348
-0.2488281  9.804785   -1.268066
-0.2536133  9.866992   -1.239355
-0.1961914  9.871778   -1.38291
-0.1818359  9.771289   -1.258496
-0.215332  9.866992   -1.201074
-0.2009766  9.890918   -1.148438
-0.2105469  9.80957   -1.162793
-0.1626953  9.900488   -1.358984
-0.153125  9.833496   -1.291992
-0.1914063  9.895703   -1.220215
-0.2249023  9.80957   -1.258496
-0.2057617  9.823926   -1.220215
-0.2057617  9.857422   -1.095801
-0.2105469  9.862207   -1.239355
-0.2057617  9.843066   -1.225
-0.2105469  9.847852   -1.100586
-0.244043  9.823926   -1.186719
-0.2296875  9.814356   -1.23457
-0.1914063  9.866992   -1.095801
-0.2344727  9.910059   -1.268066
-0.2344727  9.871778   -1.272852
-0.1626953  9.776074   -1.282422
-0.1914063  9.919629   -1.239355
-0.2057617  9.785645   -1.210644
-0.2392578  9.847852   -1.287207
-0.2583984  9.862207   -1.172363
-0.2009766  9.876562   -1.191504
-0.215332  9.843066   -1.268066
-0.1866211  9.823926   -1.253711
-0.1961914  9.852636   -1.21543
-0.1770508  9.876562   -1.167578
-0.2583984  9.838282   -1.191504
-0.244043  9.871778   -1.306348
-0.2344727  9.852636   -1.272852
-0.1435547  9.838282   -1.258496
-0.2392578  9.8   -1.244141
-0.2727539  9.905273   -1.148438
-0.1818359  9.828711   -1.239355
-0.2009766  9.843066   -1.229785
-0.2009766  9.823926   -1.172363
-0.2296875  9.847852   -1.220215
-0.1961914  9.852636   -1.138867
-0.2392578  9.862207   -1.225
-0.1722656  9.81914   -1.368555
-0.2105469  9.79043   -1.263281
-0.244043  9.80957   -1.239355
-0.2201172  9.852636   -1.210644
-0.1914063  9.852636   -1.177148
-0.2009766  9.823926   -1.277637
-0.1818359  9.80957   -1.134082
-0.1722656  9.881348   -1.181934
-0.2249023  9.895703   -1.258496
-0.1914063  9.823926   -1.239355
-0.2009766  9.80957   -1.201074
-0.1674805  9.862207   -1.244141
-0.2057617  9.847852   -1.196289
-0.2057617  9.862207   -1.248926
-0.2488281  9.886133   -1.244141
-0.1961914  9.857422   -1.225
-0.1866211  9.828711   -1.277637
-0.2201172  9.881348   -1.177148
-0.1914063  9.866992   -1.248926
-0.2105469  9.886133   -1.210644
-0.2009766  9.852636   -1.23457
-0.1387695  9.838282   -1.306348
-0.2009766  9.81914   -1.23457
-0.2105469  9.833496   -1.110156
-0.1914063  9.847852   -1.244141
-0.215332  9.866992   -1.244141
-0.2057617  9.823926   -1.301563
-0.2009766  9.833496   -1.248926
-0.2105469  9.876562   -1.239355
-0.2583984  9.871778   -1.258496
-0.1866211  9.900488   -1.191504
-0.1770508  9.886133   -1.21543
-0.2105469  9.847852   -1.282422
-0.215332  9.80957   -1.311133
-0.215332  9.833496   -1.210644
-0.2727539  9.843066   -1.239355
-0.2249023  9.80957   -1.291992
-0.1674805  9.81914   -1.201074
-0.1770508  9.871778   -1.325488
-0.2249023  9.833496   -1.296777
-0.1674805  9.838282   -1.248926
-0.1722656  9.776074   -1.330273
-0.2344727  9.838282   -1.167578
-0.2249023  9.852636   -1.253711
-0.2583984  9.862207   -1.220215
-0.1579102  9.866992   -1.23457
-0.2201172  9.852636   -1.23457
-0.1770508  9.843066   -1.143652
-0.2918945  9.852636   -1.244141
-0.1961914  9.862207   -1.143652
-0.2201172  9.852636   -1.225
-0.1818359  9.828711   -1.282422
-0.1722656  9.852636   -1.138867
-0.1866211  9.833496   -1.196289
-0.2249023  9.814356   -1.167578
-0.2105469  9.857422   -1.248926
-0.1483398  9.814356   -1.320703
-0.2392578  9.890918   -1.205859
-0.2249023  9.895703   -1.296777
-0.2105469  9.862207   -1.181934
-0.2201172  9.852636   -1.191504
-0.1579102  9.866992   -1.205859
-0.1626953  9.871778   -1.191504
-0.2249023  9.828711   -1.181934
-0.2775391  9.857422   -1.282422
-0.215332  9.852636   -1.205859
-0.2344727  9.823926   -1.229785
-0.2105469  9.838282   -1.306348
-0.215332  9.852636   -1.277637
-0.2201172  9.838282   -1.277637
-0.1387695  9.838282   -1.21543
-0.2057617  9.823926   -1.201074
-0.1483398  9.857422   -1.191504
-0.2536133  9.838282   -1.287207
-0.2488281  9.890918   -1.263281
-0.215332  9.852636   -1.205859
-0.1435547  9.795215   -1.258496
-0.2057617  9.771289   -1.282422
-0.1818359  9.833496   -1.258496
-0.1818359  9.823926   -1.301563
-0.2105469  9.871778   -1.162793
