-1.097561  0.1829268   -0.9756098
-0.9756098  -0.06097561   -1.036585
-0.7317073  0.06097561   -0.9756098
-0.9756098  0.2439024   -0.9756098
-0.9146342  0   -1.097561
-1.158537  -0.06097561   -0.9146342
-0.9756098  0   -1.036585
-1.036585  0.2439024   -1.219512
-1.036585  0.06097561   -1.097561
-0.8536586  0.1219512   -0.9146342
-0.9756098  0.3048781   -1.036585
-1.219512  0.06097561   -0.9756098
-1.158537  0.06097561   -0.9146342
-1.158537  0   -1.158537
-1.036585  0.1219512   -0.9756098
-0.8536586  0.1829268   -1.097561
-0.7317073  0   -0.9146342
-1.097561  0.06097561   -0.9756098
-1.036585  0.1829268   -1.036585
-1.158537  0.1829268   -1.036585
-1.036585  0   -1.036585
-0.9146342  0.06097561   -1.036585
-0.7926829  0.1829268   -1.097561
-0.9146342  0   -1.036585
-1.036585  -0.06097561   -0.9756098
-1.097561  -0.1829268   -1.036585
-0.9756098  0.1829268   -1.097561
-1.097561  0.06097561   -1.036585
-0.8536586  0.06097561   -1.036585
-1.219512  0.06097561   -1.097561
-1.158537  0   -1.036585
-1.097561  0.1219512   -0.9756098
-0.9756098  0.06097561   -0.9756098
-0.9756098  0   -1.097561
-1.036585  0.1219512   -0.9146342
-0.7926829  -0.06097561   -0.9756098
-0.9146342  -0.06097561   -0.9756098
-1.036585  -0.06097561   -0.9756098
-1.219512  0.06097561   -0.9756098
-1.036585  0   -0.9756098
-0.9756098  0.2439024   -0.9756098
-0.9756098  0.06097561   -0.9756098
-0.9756098  0.1219512   -0.9756098
-0.9756098  0.1829268   -1.097561
-0.9756098  0.1219512   -0.9756098
-1.097561  0.1219512   -0.9756098
-1.158537  0.1219512   -0.9756098
-0.9756098  0   -0.9756098
-0.9756098  0.1829268   -1.036585
-0.9146342  0   -1.158537
-1.036585  0.1219512   -1.036585
-1.097561  0.1219512   -1.158537
-0.9756098  0.06097561   -0.9756098
-0.9756098  0.06097561   -0.9756098
-1.097561  0.1219512   -0.9756098
-0.7926829  0.1219512   -1.158537
-1.036585  0.3048781   -1.219512
-1.097561  0   -1.158537
-1.036585  0.06097561   -1.036585
-0.9146342  0   -1.097561
-0.9146342  0.1219512   -0.7926829
-0.8536586  0.1829268   -1.036585
-0.7926829  0.2439024   -1.158537
-1.097561  0.1219512   -1.158537
-0.9756098  0.1219512   -1.158537
-1.097561  0   -1.036585
-1.219512  0.06097561   -1.158537
-1.097561  0.1829268   -1.158537
-1.158537  0.1219512   -1.219512
-1.158537  -0.06097561   -1.097561
-1.036585  0.1829268   -0.9756098
-1.097561  0.1219512   -1.036585
-1.219512  0.06097561   -1.097561
-1.219512  0   -1.097561
-1.158537  0.1829268   -1.036585
-1.097561  0.06097561   -0.9146342
-1.036585  0.1829268   -1.158537
-0.8536586  0.1219512   -0.9756098
-1.097561  0.2439024   -1.158537
-1.158537  -0.06097561   -1.158537
-1.097561  -0.1219512   -1.097561
-0.9756098  0   -1.036585
-0.9756098  0.3048781   -1.036585
-0.7926829  0.2439024   -0.9146342
-1.036585  0.06097561   -0.8536586
-1.280488  0.1829268   -1.036585
-1.097561  0.1219512   -1.158537
-1.097561  0.06097561   -1.097561
-1.036585  0.06097561   -1.097561
-0.8536586  0   -1.158537
-1.036585  0.1829268   -0.9146342
-1.036585  0   -1.036585
-1.097561  0   -1.036585
-1.097561  0.06097561   -0.9756098
-0.7926829  0.1219512   -1.158537
-1.219512  0.06097561   -0.9756098
-1.219512  0.06097561   -0.9146342
-1.097561  0.2439024   -1.097561
-1.036585  0.06097561   -1.219512
-1.219512  0.1829268   -0.9756098
-1.036585  0.06097561   -1.036585
-1.158537  0.1829268   -1.036585
-0.9146342  -0.06097561   -0.9756098
-1.036585  0.2439024   -1.036585
-1.219512  -0.06097561   -1.158537
-0.9756098  0.1829268   -0.9146342
-1.219512  0.1219512   -1.158537
-1.036585  0.1219512   -1.097561
-1.280488  0.1829268   -0.8536586
-1.097561  0   -0.9756098
-1.036585  0.2439024   -0.9146342
-0.9146342  -0.1219512   -1.097561
-1.036585  0.06097561   -1.219512
-1.158537  0.06097561   -1.097561
-1.097561  0.1219512   -1.158537
-0.9756098  0.2439024   -0.9756098
-0.9756098  0.1219512   -0.9756098
-0.8536586  0   -1.341463
-0.9756098  0.1829268   -1.036585
-0.8536586  0   -0.9146342
-1.158537  0.06097561   -1.158537
-1.097561  0   -1.097561
-1.097561  0.1829268   -1.097561
-0.7926829  -0.1829268   -0.9756098
-0.9146342  0.1829268   -1.158537
-1.036585  0   -0.8536586
-1.097561  0.4268293   -0.9756098
-1.280488  0   -1.219512
-1.280488  0.1219512   -0.9756098
-1.158537  0   -0.9756098
-0.9756098  -0.06097561   -0.9146342
-0.8536586  0.06097561   -1.036585
-1.158537  -0.06097561   -1.036585
-1.463415  0   -0.8536586
-1.280488  0.1829268   -0.9756098
-0.9756098  0.1829268   -1.036585
-0.9756098  0   -1.097561
-0.9146342  -0.06097561   -1.097561
-1.036585  -0.06097561   -0.9756098
-1.036585  0.1219512   -0.9756098
-1.158537  0.06097561   -0.9146342
-1.219512  0.06097561   -0.9756098
-1.158537  0.1219512   -1.036585
-1.097561  0.1219512   -1.158537
-1.219512  0.1829268   -0.9756098
-1.097561  0.06097561   -1.097561
-1.280488  0   -1.219512
-1.036585  0.1219512   -1.097561
-1.097561  0.1829268   -1.036585
-0.9146342  0.1219512   -0.9756098
-1.036585  0.1219512   -0.9146342
-1.036585  0.1219512   -1.036585
-1.036585  0   -0.8536586
-1.097561  0.06097561   -0.9756098
-1.036585  0.1219512   -1.219512
-1.036585  0.3048781   -0.9756098
-0.9146342  0   -0.9756098
-1.097561  0.1219512   -1.036585
-0.9756098  0.1219512   -1.036585
-1.158537  0.2439024   -0.9756098
-1.158537  0.2439024   -1.036585
-0.8536586  0.1219512   -1.097561
-1.158537  -0.1219512   -0.9756098
-1.219512  0.06097561   -0.9756098
-1.280488  0.1219512   -1.036585
-1.402439  0.1219512   -0.9146342
-1.036585  0.06097561   -1.036585
-0.9756098  0   -1.036585
-1.036585  0.1829268   -1.219512
-1.097561  0.06097561   -1.036585
-1.158537  -0.1829268   -0.9756098
-0.9146342  0.1219512   -1.219512
-1.036585  0   -1.158537
-1.097561  0.2439024   -1.219512
-1.158537  -0.1829268   -1.097561
-1.097561  0   -0.9146342
-1.097561  0.1219512   -1.158537
-1.097561  0   -1.280488
-1.158537  -0.06097561   -1.097561
-0.9146342  0   -1.097561
-1.036585  0.3048781   -0.9146342
-0.8536586  0.3658537   -1.097561
-0.9756098  0.1219512   -1.097561
-1.158537  0.3048781   -0.9756098
-0.9756098  0.2439024   -0.9756098
-0.9756098  0.06097561   -1.097561
-1.097561  0.1219512   -1.097561
-0.9756098  0.06097561   -1.036585
-1.158537  0   -0.9756098
-1.158537  0.06097561   -1.097561
-1.219512  0   -1.036585
-1.158537  0.1829268   -1.158537
-0.9756098  0.1829268   -1.036585
-1.219512  0.06097561   -0.9146342
-1.097561  0   -1.036585
-0.9146342  0.06097561   -1.036585
-1.097561  0.1829268   -0.9146342
-1.036585  -0.06097561   -1.158537
-1.219512  0.06097561   -0.9756098
-1.158537  -0.06097561   -1.158537
-1.097561  0.3048781   -1.036585
0.0210377  -0.08719513   0.07134271
0.1429889  -0.08719513   -0.1115841
-0.03993797  0.03475609   -0.1115841
0.08201325  0.1567073   0.01036716
-0.1009135  0.03475609   0.07134271
0.0210377  -0.02621952   -0.05060852
0.0210377  0.09573171   0.01036716
-0.03993797  -0.02621952   0.1323183
0.08201325  -0.2091464   -0.1725597
-0.03993797  0.09573171   -0.1115841
-0.1009135  0.2786585   -0.1115841
0.2039645  0.03475609   -0.05060852
-0.2228647  0.09573171   0.01036716
-0.03993797  0.03475609   0.01036716
-0.03993797  0.03475609   0.01036716
0.0210377  -0.02621952   -0.1725597
-0.03993797  0.03475609   -0.05060852
0.0210377  -0.08719513   -0.05060852
-0.1618892  -0.08719513   0.07134271
0.08201325  0.03475609   0.07134271
0.2039645  0.03475609   -0.1725597
0.2039645  -0.02621952   0.01036716
-0.03993797  -0.08719513   0.07134271
-0.1618892  -0.02621952   0.07134271
-0.1618892  -0.02621952   0.07134271
-0.1009135  -0.02621952   0.07134271
-0.2838404  -0.1481707   -0.1115841
0.08201325  -0.02621952   -0.05060852
-0.03993797  -0.02621952   0.07134271
0.08201325  -0.02621952   0.07134271
0.1429889  -0.08719513   0.01036716
0.1429889  -0.02621952   0.1323183
-0.03993797  0.09573171   -0.05060852
0.0210377  0.09573171   0.01036716
0.2039645  0.09573171   0.01036716
-0.1009135  -0.08719513   0.01036716
-0.03993797  -0.08719513   0.07134271
0.08201325  0.09573171   -0.05060852
-0.1009135  -0.02621952   -0.05060852
-0.03993797  -0.08719513   -0.05060852
-0.03993797  0.1567073   -0.1115841
0.0210377  -0.08719513   0.1323183
0.0210377  0.09573171   0.1323183
-0.1009135  0.09573171   0.07134271
0.2039645  0.1567073   0.01036716
0.08201325  -0.2091464   0.01036716
0.0210377  0.03475609   0.01036716
-0.1618892  0.09573171   0.01036716
-0.1009135  0.1567073   0.1323183
0.0210377  -0.08719513   0.1323183
0.1429889  0.09573171   0.07134271
0.08201325  0.09573171   -0.05060852
-0.1618892  -0.08719513   0.07134271
-0.03993797  0.2176829   0.2542695
-0.2838404  0.09573171   0.07134271
-0.2838404  0.09573171   0.01036716
-0.03993797  -0.2091464   -0.2335353
0.1429889  -0.08719513   0.01036716
0.08201325  0.03475609   0.07134271
-0.03993797  -0.08719513   0.1932939
-0.344816  0.03475609   0.1932939
-0.1009135  0.09573171   0.07134271
0.0210377  0.03475609   -0.1115841
0.1429889  0.2786585   0.07134271
0.1429889  0.2176829   0.07134271
-0.03993797  -0.02621952   -0.1115841
-0.1009135  0.03475609   0.07134271
-0.1009135  -0.1481707   0.01036716
-0.03993797  0.09573171   -0.05060852
0.08201325  -0.08719513   0.07134271
0.2039645  -0.02621952   -0.1115841
0.08201325  0.09573171   0.01036716
-0.2228647  0.1567073   -0.05060852
-0.1009135  0.09573171   0.01036716
-0.2838404  -0.08719513   -0.1115841
-0.1009135  -0.02621952   0.07134271
-0.03993797  -0.08719513   -0.05060852
0.08201325  -0.08719513   -0.1115841
0.08201325  0.09573171   0.07134271
-0.1618892  -0.02621952   -0.1115841
-0.1009135  -0.1481707   0.07134271
0.0210377  0.03475609   -0.1725597
0.0210377  0.03475609   0.07134271
-0.1009135  -0.02621952   0.07134271
-0.03993797  0.09573171   0.01036716
-0.1009135  0.2176829   0.01036716
-0.03993797  0.03475609   -0.1115841
-0.03993797  0.09573171   0.01036716
0.08201325  0.03475609   0.1323183
-0.2228647  -0.02621952   0.01036716
0.08201325  -0.08719513   0.07134271
-0.1009135  -0.02621952   -0.05060852
0.0210377  0.1567073   0.07134271
0.1429889  0.09573171   0.01036716
-0.03993797  0.09573171   -0.1725597
0.1429889  -0.08719513   0.01036716
-0.1009135  -0.02621952   -0.1115841
0.0210377  0.03475609   -0.05060852
-0.1618892  -0.02621952   -0.05060852
0.2039645  -0.2091464   0.07134271
0.08201325  0.1567073   0.1932939
0.08201325  -0.02621952   -0.1115841
0.1429889  0.03475609   -0.05060852
-0.1009135  0.1567073   0.1932939
-0.1618892  0.2176829   -0.1725597
-0.1009135  -0.02621952   -0.05060852
-0.1009135  -0.08719513   -0.05060852
0.2649401  -0.08719513   -0.1115841
-0.1009135  0.03475609   -0.05060852
-0.1009135  0.03475609   0.07134271
-0.1618892  0.09573171   0.07134271
0.0210377  -0.02621952   -0.1115841
0.0210377  0.03475609   -0.05060852
0.0210377  -0.08719513   -0.05060852
0.0210377  0.09573171   0.01036716
0.1429889  -0.02621952   -0.1725597
-0.1009135  0.03475609   -0.05060852
-0.03993797  -0.02621952   0.01036716
-0.2838404  0.09573171   0.1932939
0.08201325  -0.08719513   0.1323183
0.2039645  0.03475609   0.07134271
-0.1009135  0.1567073   -0.05060852
-0.1009135  -0.02621952   0.01036716
0.0210377  -0.08719513   0.01036716
-0.03993797  -0.08719513   0.01036716
-0.03993797  0.03475609   0.01036716
-0.03993797  -0.08719513   -0.1725597
0.0210377  0.1567073   0.01036716
0.2039645  0.03475609   0.07134271
-0.1009135  0.09573171   0.07134271
-0.1009135  -0.02621952   0.1323183
-0.03993797  0.09573171   -0.1115841
-0.03993797  0.03475609   -0.1115841
0.1429889  0.09573171   0.01036716
-0.03993797  -0.1481707   -0.05060852
0.1429889  0.09573171   -0.05060852
0.0210377  0.03475609   -0.1115841
-0.1618892  0.03475609   0.01036716
-0.1618892  -0.08719513   0.1932939
0.0210377  0.2176829   -0.05060852
0.0210377  0.1567073   0.01036716
0.1429889  0.03475609   -0.05060852
-0.03993797  0.03475609   -0.05060852
-0.1618892  0.09573171   -0.05060852
-0.03993797  -0.08719513   -0.05060852
-0.03993797  -0.08719513   -0.05060852
0.0210377  0.03475609   0.07134271
0.08201325  -0.02621952   -0.05060852
-0.03993797  -0.02621952   0.07134271
-0.03993797  0.09573171   -0.05060852
0.0210377  -0.02621952   0.07134271
-0.1618892  0.09573171   0.07134271
0.0210377  0.09573171   -0.1725597
0.1429889  0.03475609   0.01036716
0.0210377  0.03475609   0.01036716
0.2039645  0.03475609   -0.05060852
-0.03993797  -0.02621952   0.07134271
-0.1009135  0.09573171   -0.05060852
-0.1618892  0.03475609   0.1932939
0.1429889  0.09573171   0.01036716
0.0210377  0.03475609   0.01036716
0.08201325  0.03475609   -0.2335353
0.08201325  0.09573171   -0.2335353
-0.344816  0.09573171   0.3152452
-0.1009135  -0.02621952   0.07134271
-0.03993797  -0.02621952   0.1323183
0.08201325  -0.02621952   -0.1115841
0.08201325  -0.1481707   -0.05060852
0.08201325  0.2176829   -0.1115841
-0.2228647  -0.08719513   0.07134271
-0.1009135  0.09573171   -0.05060852
0.0210377  -0.08719513   -0.1115841
0.2039645  0.3396342   -0.2335353
-0.1618892  -0.02621952   0.1323183
-0.03993797  0.03475609   0.1323183
-0.03993797  -0.08719513   -0.1115841
0.2039645  0.09573171   -0.05060852
-0.03993797  0.09573171   0.07134271
-0.1009135  0.03475609   -0.05060852
0.0210377  0.03475609   0.1323183
0.08201325  0.03475609   0.07134271
0.08201325  -0.02621952   -0.05060852
-0.1618892  -0.08719513   -0.05060852
-0.1618892  0.03475609   0.07134271
0.0210377  -0.02621952   -0.1725597
-0.1009135  -0.1481707   -0.1115841
0.0210377  -0.08719513   0.07134271
-0.1009135  0.03475609   -0.05060852
-0.03993797  -0.02621952   0.07134271
-0.03993797  0.03475609   0.07134271
0.1429889  0.03475609   -0.05060852
0.0210377  -0.08719513   -0.05060852
-0.03993797  0.09573171   -0.1115841
-0.03993797  0.03475609   0.1932939
-0.1618892  -0.08719513   0.01036716
-0.1009135  -0.08719513   0.1323183
0.0210377  0.1567073   -0.1115841
0.08201325  0.03475609   -0.1725597
0.08201325  0.03475609   0.1323183
-0.2228647  0.1567073   -0.1115841
0.08201325  -0.02621952   0.01036716
-0.03993797  0.03475609   0.01036716
-0.1009135  -0.02621952   -0.2335353
0.0210377  -0.08719513   -0.05060852
0.1429889  -0.02621952   0.01036716
-0.03993797  -0.02621952   0.01036716
-0.1618892  0.09573171   -0.05060852
-0.1618892  0.03475609   -0.1725597
0.0210377  -0.08719513   0.1323183
0.1429889  0.03475609   0.01036716
0.0210377  -0.08719513   0.07134271
0.0210377  0.1567073   -0.05060852
-0.1009135  0.09573171   -0.1725597
-0.03993797  0.2176829   -0.05060852
0.0210377  0.1567073   -0.05060852
-0.1009135  -0.08719513   -0.1115841
0.08201325  0.2176829   0.01036716
0.1429889  -0.02621952   0.07134271
0.1429889  -0.08719513   0.01036716
-0.2838404  0.1567073   0.07134271
-0.1009135  0.03475609   -0.05060852
-0.1009135  -0.02621952   -0.1725597
0.0210377  0.1567073   0.01036716
-0.1009135  -0.1481707   0.01036716
0.1429889  0.03475609   0.07134271
0.1429889  0.03475609   -0.1115841
-0.03993797  0.1567073   -0.05060852
-0.03993797  0.09573171   0.1932939
-0.03993797  0.03475609   0.1323183
0.0210377  0.03475609   0.01036716
0.08201325  0.03475609   -0.05060852
0.2039645  0.03475609   0.1932939
-0.1618892  0.1567073   -0.2335353
-0.1009135  0.2176829   0.1932939
-0.03993797  -0.02621952   -0.1115841
0.08201325  -0.02621952   -0.1115841
0.0210377  -0.08719513   0.01036716
0.0210377  -0.02621952   0.07134271
-0.1618892  0.03475609   0.07134271
-0.03993797  0.09573171   -0.05060852
-0.1009135  0.1567073   0.07134271
-0.1009135  0.1567073   -0.1725597
0.0210377  0.09573171   0.01036716
-0.1009135  0.09573171   0.01036716
0.0210377  -0.1481707   0.07134271
-0.03993797  -0.02621952   0.01036716
0.0210377  0.03475609   0.1323183
-0.03993797  0.2176829   -0.05060852
0.0210377  0.09573171   -0.05060852
0.0210377  -0.1481707   0.07134271
0.2649401  0.2176829   -0.05060852
0.08201325  -0.02621952   -0.2335353
-0.1009135  0.09573171   0.07134271
-0.1009135  0.1567073   0.01036716
0.0210377  0.09573171   0.1323183
0.08201325  -0.1481707   -0.05060852
-0.1009135  0.1567073   -0.05060852
0.0210377  0.03475609   -0.05060852
-0.03993797  -0.02621952   -0.05060852
0.0210377  -0.08719513   -0.1115841
0.2649401  0.2176829   0.1323183
-0.03993797  -0.02621952   0.1932939
-0.03993797  0.09573171   0.07134271
0.08201325  0.09573171   0.07134271
-0.1618892  0.09573171   0.01036716
-0.1009135  0.03475609   0.1323183
-0.03993797  0.03475609   0.01036716
0.0210377  -0.08719513   -0.05060852
0.0210377  0.03475609   -0.2335353
-0.03993797  0.09573171   0.07134271
0.0210377  -0.02621952   0.01036716
0.08201325  0.09573171   0.07134271
0.0210377  -0.1481707   0.01036716
-0.03993797  -0.02621952   -0.05060852
-0.1009135  -0.02621952   0.07134271
-0.1618892  -0.08719513   -0.2335353
-0.1009135  0.03475609   -0.1115841
0.08201325  0.2176829   -0.05060852
-0.2838404  0.1567073   0.07134271
-0.1009135  0.03475609   -0.05060852
-0.1618892  0.09573171   0.01036716
0.0210377  -0.08719513   -0.1115841
0.08201325  0.2176829   -0.1115841
-0.03993797  0.1567073   -0.1115841
0.0210377  -0.08719513   0.1932939
-0.03993797  0.03475609   -0.05060852
-0.03993797  -0.08719513   0.01036716
0.0210377  -0.02621952   -0.1115841
0.1429889  0.03475609   -0.1725597
-0.03993797  -0.08719513   -0.05060852
-0.1618892  -0.1481707   0.07134271
-0.03993797  0.09573171   -0.1725597
0.1429889  -0.02621952   0.01036716
-0.1009135  -0.02621952   0.1323183
0.08201325  0.1567073   0.07134271
0.1429889  0.09573171   -0.1115841
-0.1009135  -0.02621952   -0.1725597
-0.1618892  -0.1481707   0.1932939
-0.03993797  0.09573171   -0.1115841
-0.1009135  0.03475609   0.01036716
-0.03993797  -0.08719513   0.07134271
0.2649401  -0.2091464   0.01036716
-0.1009135  0.09573171   0.07134271
-0.03993797  0.09573171   0.1323183
-0.1009135  0.03475609   0.01036716
-0.1009135  -0.02621952   -0.1115841
0.08201325  0.1567073   -0.1115841
0.08201325  0.03475609   -0.05060852
-0.1009135  0.09573171   -0.1115841
-0.1009135  -0.1481707   0.1932939
-0.1009135  0.03475609   -0.1115841
-0.03993797  -0.02621952   0.1323183
-0.1009135  0.09573171   0.01036716
-0.03993797  0.1567073   0.07134271
0.0210377  -0.02621952   0.01036716
-0.1618892  -0.08719513   0.1323183
-0.2228647  0.1567073   -0.2335353
-0.1618892  0.09573171   -0.05060852
0.0210377  -0.08719513   -0.05060852
0.2039645  0.03475609   0.1323183
-0.1009135  0.2176829   -0.1725597
-0.03993797  0.03475609   -0.05060852
-0.03993797  0.03475609   0.1323183
-0.1009135  -0.02621952   -0.05060852
-0.1009135  0.09573171   -0.05060852
0.0210377  -0.02621952   0.01036716
0.1429889  0.09573171   -0.1115841
0.08201325  0.03475609   0.01036716
-0.03993797  -0.02621952   0.01036716
-0.2838404  0.09573171   0.01036716
0.1429889  0.03475609   0.2542695
-0.1009135  0.09573171   -0.1725597
0.0210377  0.09573171   -0.05060852
0.0210377  -0.02621952   0.01036716
0.0210377  -0.02621952   -0.05060852
0.1429889  0.09573171   0.1932939
-0.1009135  -0.2091464   -0.1115841
-0.03993797  -0.2091464   0.1323183
0.0210377  -0.02621952   -0.1725597
-0.1009135  -0.08719513   -0.05060852
0.08201325  0.1567073   -0.05060852
0.1429889  0.1567073   0.07134271
-0.1009135  0.09573171   -0.05060852
-0.2228647  -0.02621952   0.07134271
-0.1009135  0.03475609   -0.1115841
0.1429889  -0.1481707   0.1932939
0.1429889  0.09573171   0.01036716
-0.03993797  -0.02621952   -0.1115841
-0.2838404  0.2176829   -0.05060852
-0.4057916  -0.2091464   -0.05060852
-0.1009135  0.03475609   0.07134271
0.0210377  -0.2091464   -0.1115841
0.0210377  -0.02621952   -0.1115841
-0.1009135  0.1567073   0.07134271
0.08201325  0.03475609   -0.1115841
-0.03993797  0.1567073   -0.05060852
-0.03993797  0.03475609   -0.1115841
-0.1009135  0.2176829   0.01036716
-0.1009135  -0.08719513   0.1323183
-0.03993797  -0.08719513   0.01036716
0.0210377  0.03475609   0.07134271
0.1429889  0.03475609   -0.1115841
0.0210377  -0.1481707   -0.05060852
-0.1009135  0.09573171   0.1323183
0.1429889  0.09573171   0.1323183
-0.2838404  0.03475609   0.07134271
-0.1009135  -0.2091464   -0.1725597
0.2039645  0.03475609   -0.05060852
-0.1009135  0.03475609   -0.1115841
0.1429889  0.03475609   0.1323183
-0.03993797  0.03475609   -0.2335353
-0.1009135  -0.02621952   -0.05060852
0.08201325  0.09573171   0.01036716
-0.1009135  -0.02621952   0.07134271
-0.03993797  -0.02621952   -0.1725597
-0.03993797  0.09573171   0.1323183
-0.1009135  0.03475609   -0.05060852
-0.03993797  -0.1481707   -0.05060852
-0.344816  0.03475609   0.1932939
0.08201325  -0.02621952   0.01036716
0.2649401  0.03475609   -0.1725597
0.08201325  0.03475609   0.01036716
0.0210377  0.09573171   0.1323183
-0.2228647  0.03475609   -0.05060852
-0.1009135  -0.08719513   -0.05060852
-0.03993797  0.03475609   -0.1115841
-0.03993797  -0.08719513   0.07134271
-0.1009135  -0.02621952   -0.1725597
0.0210377  0.03475609   -0.05060852
