0  0   0 0
0  0   0 0
0  0   0 0
0  0   0 0
0  0   0 0
0  0   0 0
0  0   0 0
0  0   0 0
0  0   0 0
0  0   0 0
0  0   0 0
0  0   0 0
0  0   0 0
0  0   0 0
0  0   0 0
0  0   0 0
0  0   0 0
0  0   0 0
0  0   0 0
0  0   0 0
0  0   0 0
0  0   0 0
0  0   0 0
0  0   0 0
0  0   0 0
0  0   0 0
0  0   0 0
0  0   0 0
0  0   0 0
0  0   0 0
0  0   0 0
0  0   0 0
0  0   0 0
0  0   0 0
0  0   0 0
0  0   0 0
0  0   0 0
0  0   0 0
0  0   0 0
0  0   0 0
0  0   0 0
0  0   0 0
0  0   0 0
0  0   0 0
0  0   0 0
0  0   0 0
0  0   0 0
0  0   0 0
0  0   0 0
0  0   0 0
0  0   0 0
0  0   0 0
0  0   0 0
0  0   0 0
0  0   0 0
0  0   0 0
0  0   0 0
0  0   0 0
0  0   0 0
0  0   0 0
0  0   0 0
0  0   0 0
0  0   0 0
0  0   0 0
0  0   0 0
0  0   0 0
0  0   0 0
0  0   0 0
0  0   0 0
0  0   0 0
0  0   0 0
0  0   0 0
0  0   0 0
0  0   0 0
0  0   0 0
0  0   0 0
0  0   0 0
0  0   0 0
0  0   0 0
0  0   0 0
0  0   0 0
0  0   0 0
0  0   0 0
0  0   0 0
0  0   0 0
0  0   0 0
0  0   0 0
0  0   0 0
0  0   0 0
0  0   0 0
0  0   0 0
0  0   0 0
0  0   0 0
0  0   0 0
0  0   0 0
0  0   0 0
0  0   0 0
0  0   0 0
0  0   0 0
0  0   0 0
0  0   0 0
0  0   0 0
0  0   0 0
0  0   0 0
0  0   0 0
0  0   0 0
0  0   0 0
0  0   0 0
0  0   0 0
0  0   0 0
0  0   0 0
0  0   0 0
0  0   0 0
0  0   0 0
0  0   0 0
0  0   0 0
0  0   0 0
0  0   0 0
0  0   0 0
0  0   0 0
0  0   0 0
0  0   0 0
0  0   0 0
0  0   0 0
0  0   0 0
0  0   0 0
0  0   0 0
0  0   0 0
0  0   0 0
0  0   0 0
0  0   0 0
0  0   0 0
0  0   0 0
0  0   0 0
0  0   0 0
0  0   0 0
0  0   0 0
0  0   0 0
0  0   0 0
0  0   0 0
0  0   0 0
0  0   0 0
0  0   0 0
0  0   0 0
0  0   0 0
0  0   0 0
0  0   0 0
0  0   0 0
0  0   0 0
0  0   0 0
0  0   0 0
0  0   0 0
0  0   0 0
0  0   0 0
0  0   0 0
0  0   0 0
0  0   0 0
0  0   0 0
0  0   0 0
0  0   0 0
0  0   0 0
0  0   0 0
0  0   0 0
0  0   0 0
0  0   0 0
0  0   0 0
0  0   0 0
0  0   0 0
0  0   0 0
0  0   0 0
0  0   0 0
0  0   0 0
0  0   0 0
0  0   0 0
0  0   0 0
0  0   0 0
0  0   0 0
0  0   0 0
0  0   0 0
0  0   0 0
0  0   0 0
0  0   0 0
0  0   0 0
0  0   0 0
0  0   0 0
0  0   0 0
0  0   0 0
0  0   0 0
0  0   0 0
0  0   0 0
0  0   0 0
0  0   0 0
0  0   0 0
0  0   0 0
0  0   0 0
0  0   0 0
0  0   0 0
0  0   0 0
0  0   0 0
0  0   0 0
0  0   0 0
0.9999951  0.003076552   -7.609173E-06 -0.0006303366
0.9999817  0.0059399   -1.489849E-05 -0.001127476
0.9999598  0.008817431   -1.152194E-05 -0.001636655
0.9999322  0.01146455   3.126566E-06 -0.00201297
0.9998955  0.01426441   7.372564E-06 -0.002389347
0.9998565  0.01671101   5.611338E-06 -0.002770483
0.9998134  0.01902011   1.038137E-05 -0.00336509
0.9997714  0.02106189   8.315479E-06 -0.00369284
0.9997227  0.02319113   -9.866427E-06 -0.004091082
0.9996694  0.02533792   1.336373E-06 -0.00436739
0.9996126  0.02743562   2.753241E-05 -0.004676338
0.9995635  0.02914153   3.361989E-05 -0.004858395
0.9995127  0.03078603   4.17458E-05 -0.005144616
0.9994583  0.0324746   4.727392E-05 -0.005344911
0.9994114  0.03384472   4.943261E-05 -0.005596441
0.9993532  0.03547285   4.653578E-05 -0.005913171
0.9992956  0.03701678   4.966783E-05 -0.006177489
0.9992433  0.03835148   3.956091E-05 -0.006476249
0.9991992  0.0394572   3.236968E-05 -0.006644813
0.9991533  0.04057721   3.657833E-05 -0.006788582
0.9991071  0.04166814   3.992578E-05 -0.006987261
0.9990681  0.0425471   3.180106E-05 -0.007266947
0.9990304  0.0433662   1.620609E-05 -0.007583599
0.9989864  0.0443664   2.062294E-05 -0.007596674
0.9989544  0.04507662   2.178542E-05 -0.007633121
0.9989132  0.04593226   1.301707E-05 -0.007912311
0.998879  0.04661414   -8.715861E-06 -0.008250109
0.998841  0.0473805   -1.460957E-05 -0.008469478
0.9988089  0.04803221   -1.733587E-05 -0.008584199
0.9987856  0.04848323   -2.507912E-05 -0.008763433
0.9987499  0.04920178   -2.991746E-05 -0.00883051
0.998721  0.04979223   -2.563645E-05 -0.008775786
0.9986845  0.05049349   -1.78127E-05 -0.008919438
0.9986559  0.05104293   -8.894315E-06 -0.009002234
0.9986235  0.05164044   -4.773498E-06 -0.009181705
0.9986017  0.05204301   -1.402715E-05 -0.009287017
0.9985706  0.05261045   -2.434193E-05 -0.009429626
0.9985482  0.0530236   -1.445935E-05 -0.009480252
0.9985129  0.05366652   -1.579242E-05 -0.00958938
0.9984859  0.05416977   -1.653362E-05 -0.009562221
0.998457  0.05470776   5.184105E-06 -0.009528473
0.9984395  0.05499962   -9.312399E-06 -0.009681953
0.9984239  0.05527021   -2.820587E-06 -0.009738985
0.9983853  0.05597371   1.490677E-05 -0.009683567
0.9983641  0.05635478   3.317428E-05 -0.009658433
0.9983461  0.05665785   1.33726E-05 -0.009735167
0.9983197  0.05711221   1.683108E-05 -0.009803032
0.9982918  0.0575786   2.369332E-05 -0.00991145
0.9982826  0.05774672   4.061585E-05 -0.009862839
0.9982791  0.05781843   3.639431E-05 -0.009793519
0.998269  0.05797487   3.916124E-05 -0.009899084
0.9982476  0.05829258   3.454238E-05 -0.01018233
0.9982254  0.05865145   2.369896E-05 -0.01029358
0.9982197  0.05875957   4.449233E-05 -0.01023716
0.9982166  0.05881349   5.369231E-05 -0.01022761
0.9982124  0.05887367   5.900677E-05 -0.0102957
0.9982122  0.05888299   4.605105E-05 -0.0102511
0.9981972  0.05911735   3.358776E-05 -0.01036873
0.9981887  0.0592691   3.977933E-05 -0.0103268
0.9981851  0.05933382   3.245093E-05 -0.01030157
0.9981881  0.05929438   3.802541E-05 -0.01022845
0.9981875  0.05930632   4.57981E-05 -0.01023013
0.998175  0.05950454   4.867348E-05 -0.0102855
0.9981789  0.05943386   6.920757E-05 -0.01031778
0.9981757  0.0595052   9.379845E-05 -0.01021771
0.9981612  0.05972894   8.843983E-05 -0.01032846
0.9981636  0.05967887   8.699149E-05 -0.01038502
0.9981571  0.05977283   7.018972E-05 -0.01046856
0.9981474  0.05992759   7.762677E-05 -0.01052023
0.9981499  0.05990663   7.701782E-05 -0.01038573
0.9981505  0.05988756   7.185063E-05 -0.01044389
0.9981478  0.05993504   8.132762E-05 -0.01042838
0.9981489  0.05991443   9.468765E-05 -0.01044435
0.9981435  0.0599983   0.0001019243 -0.01047806
0.9981447  0.05996936   9.248502E-05 -0.01053223
0.9981268  0.06026573   9.298902E-05 -0.01052865
0.9981107  0.06053601   8.99103E-05 -0.01051155
0.9981114  0.06052223   8.285914E-05 -0.01051763
0.9981131  0.06050358   9.299413E-05 -0.01046933
0.9981085  0.06055693   8.492917E-05 -0.01059839
0.9980955  0.06078331   7.847956E-05 -0.01052303
0.9980887  0.06088506   8.019869E-05 -0.01059135
0.9980744  0.06112581   8.828205E-05 -0.01053707
0.9980721  0.06118514   9.343187E-05 -0.01041667
0.99806  0.06138377   0.0001049962 -0.01039668
0.9980592  0.06141091   0.0001281722 -0.01033269
0.9980515  0.06150857   0.0001246019 -0.01047675
0.9980418  0.06166267   0.0001326335 -0.01050679
0.9980389  0.06172899   0.0001425088 -0.01038157
0.9980351  0.06179932   0.0001436026 -0.01034365
0.998036  0.06178244   0.0001351593 -0.0103402
0.9980304  0.06188335   0.0001379386 -0.01028719
0.9980204  0.06203697   0.0001495817 -0.01033114
0.9980249  0.06198123   0.0001636445 -0.01022328
0.998019  0.06208259   0.0001770787 -0.01018859
0.9980143  0.06215354   0.0001678954 -0.01022037
0.9980349  0.06181362   0.0001607549 -0.01026499
0.9980268  0.06194007   0.0001641309 -0.01028835
0.9980366  0.06179562   0.0001656414 -0.01021689
0.9980379  0.06179404   0.00015428 -0.01008879
0.9980391  0.06177436   0.0001646424 -0.01010179
0.998028  0.06193126   0.0001576495 -0.01022075
0.998005  0.06230124   0.0001640296 -0.01023223
0.9979924  0.06248893   0.000173061 -0.01030531
0.9979768  0.06273776   0.0001969688 -0.01030074
0.9979722  0.06279681   0.0001900974 -0.01039524
0.9979733  0.06276319   0.000177317 -0.01048432
0.9979681  0.06284092   0.0001693731 -0.01051508
0.9979651  0.06290285   0.0001790768 -0.01043096
0.9979709  0.06282403   0.0001850142 -0.01036202
0.9979791  0.06269436   0.0001924909 -0.01034601
0.9979776  0.06274296   0.0002008159 -0.01020414
0.9979719  0.06284384   0.0002097936 -0.0101339
0.9979805  0.06270396   0.0002002674 -0.01015077
0.997969  0.06287091   0.0002033372 -0.01025866
0.9979675  0.06290746   0.0002084693 -0.01017306
0.9979787  0.06274934   0.0002179745 -0.01005621
0.9979768  0.06278485   0.000218762 -0.01001251
0.9979796  0.06270602   0.0002108305 -0.01023221
0.9979908  0.06251647   0.0001956281 -0.01029752
0.9979874  0.06255935   0.0001935166 -0.01036813
0.9979863  0.0625766   0.0002078095 -0.01037154
0.9979782  0.06272532   0.0002147213 -0.01025077
0.9979833  0.06263877   0.0002048773 -0.01027053
0.9979869  0.06258427   0.0001964513 -0.01027468
0.9979869  0.06257124   0.0001951559 -0.01034061
0.9979735  0.06276714   0.0001844402 -0.01045443
0.9979813  0.06264762   0.0001992173 -0.01041329
0.9979753  0.06274877   0.0002039392 -0.01038457
0.9979844  0.06262508   0.0002181801 -0.01026017
0.9979805  0.06267751   0.0002117669 -0.01031454
0.9979825  0.06264352   0.0002201747 -0.01032787
0.9979805  0.06265708   0.0002179377 -0.01043434
0.997987  0.06256706   0.0002296711 -0.0103588
0.9979787  0.06268705   0.0002145496 -0.0104248
0.9979778  0.06268172   0.0002147636 -0.01055737
0.9979592  0.06297903   0.000223381 -0.010537
0.9979718  0.06277306   0.0002218998 -0.01057673
0.9979708  0.06281024   0.0002212851 -0.0104436
0.9979684  0.06285895   0.0002448076 -0.01038614
0.9979718  0.06280328   0.0002569144 -0.01039813
0.9979511  0.063136   0.0002663577 -0.01035567
0.9979462  0.0632211   0.0002729995 -0.01032223
0.9979527  0.06311495   0.000280543 -0.01033032
0.9979659  0.06288235   0.0002614872 -0.01048398
0.9979628  0.06293841   0.000257972 -0.01043905
0.9979551  0.06304006   0.0002540272 -0.0105532
0.9979589  0.06300914   0.0002626733 -0.01038159
0.9979544  0.06308501   0.0002623697 -0.01035158
0.9979472  0.06320801   0.0002759994 -0.01029742
0.9979526  0.06312736   0.0002736633 -0.01027226
0.9979715  0.06283049   0.0002792168 -0.01025966
0.9979744  0.06278672   0.0002905519 -0.01023383
0.9979772  0.0627588   0.0002985435 -0.01014433
0.9979779  0.06274389   0.0003004524 -0.0101571
0.997969  0.06288943   0.0003065403 -0.01013481
0.9979668  0.06293412   0.0003081511 -0.01006905
0.9979714  0.06285807   0.0003151248 -0.01008961
0.9979643  0.06298105   0.000321551 -0.01002599
0.997964  0.06297608   0.0003252561 -0.01009229
0.9979798  0.06272233   0.000324712 -0.01010571
0.9979968  0.06242782   0.0003183798 -0.01024545
0.9979942  0.06246766   0.0003284795 -0.01026161
0.9979953  0.06247572   0.0003444859 -0.01009481
0.9979897  0.06255981   0.0003395523 -0.01014126
0.9979748  0.06279741   0.0003387072 -0.01013497
0.9979658  0.0629348   0.0003366897 -0.01017015
0.9979731  0.06281912   0.0003234713 -0.01016382
0.9979794  0.06272646   0.0003451186 -0.01012205
0.9979672  0.06293628   0.0003463283 -0.01001009
0.9979705  0.06290811   0.0003634536 -0.009877339
0.9979855  0.06263445   0.0003411594 -0.01008702
0.9979898  0.06256777   0.0003724498 -0.0100821
0.9979851  0.0626447   0.0003710311 -0.0100623
0.9979836  0.06267018   0.0003734773 -0.01005351
0.9979991  0.06242495   0.0003660885 -0.01003204
0.9979991  0.06243535   0.0003776977 -0.009983985
0.9979974  0.06244441   0.0003786726 -0.01009126
0.9980024  0.06236305   0.0003811548 -0.0100983
0.9980016  0.06235573   0.0003749494 -0.01022102
0.9980094  0.0622188   0.0003718162 -0.01028226
0.9980047  0.06227482   0.0003629911 -0.01040303
0.9980052  0.06226648   0.0003559456 -0.01040685
0.9980149  0.06210316   0.0003533641 -0.01046158
0.9980003  0.06233986   0.000356894 -0.01043754
0.997996  0.06238853   0.000337881 -0.01056666
0.9979912  0.06247418   0.0003342358 -0.01050541
0.9979898  0.06248044   0.0003322309 -0.01059841
0.9979928  0.06243827   0.0003298495 -0.01058173
0.997989  0.06250548   0.0003361425 -0.01052946
0.9980068  0.06221332   0.0003332515 -0.01057926
0.9980169  0.06204949   0.000323973 -0.01058715
0.9980129  0.06210795   0.0003319152 -0.01062355
0.9980179  0.06204249   0.0003383289 -0.01052529
0.9980234  0.06195778   0.0003311982 -0.01050694
0.9980292  0.06185239   0.0003162252 -0.01058837
0.9980316  0.0617961   0.0003251477 -0.01067294
0.9980371  0.06169087   0.0003226133 -0.01077202
0.9980389  0.0616931   0.0003355915 -0.0105857
0.9980283  0.06187131   0.0003549285 -0.01054941
0.9980202  0.06199958   0.0003528284 -0.01056418
0.9980241  0.06194728   0.0003588356 -0.0105065
0.9980196  0.06202021   0.0003606435 -0.01049673
0.9980087  0.06220309   0.0003584785 -0.01044894
0.9980085  0.06219802   0.0003521897 -0.01050651
0.9979948  0.06242001   0.0003531585 -0.01049126
0.9979981  0.06237194   0.0003634936 -0.01046427
0.9980053  0.06226512   0.000370625 -0.0104153
0.9979969  0.06238522   0.0003574467 -0.01050167
0.9980001  0.06232924   0.0003582731 -0.01052129
0.9980009  0.06232527   0.0003526297 -0.01047683
0.9980051  0.06225719   0.000365857 -0.01047947
0.9980162  0.06207648   0.0003737147 -0.01048929
0.9980228  0.06196941   0.0003920945 -0.01048932
0.9980251  0.06193292   0.0004051717 -0.01049968
0.9980341  0.06178525   0.0003969755 -0.0105073
0.9980137  0.06209554   0.0004125747 -0.01060877
0.998013  0.06210181   0.0004073794 -0.01064011
0.9980092  0.06218741   0.000409204 -0.01049781
0.9980028  0.06229928   0.0004267985 -0.01044834
0.9979957  0.06242352   0.0004361921 -0.0103787
0.9979962  0.06241912   0.000437155 -0.01035919
0.9979959  0.06243328   0.000454396 -0.0103008
0.9979841  0.06259955   0.000435437 -0.01042685
0.9979878  0.06254948   0.0004396013 -0.01038364
0.9979836  0.0625912   0.0004349592 -0.01052802
0.9979939  0.06242437   0.000446866 -0.01053689
0.9980011  0.0623238   0.0004572684 -0.01045392
0.9980132  0.06214236   0.0004614895 -0.01038237
0.9980274  0.06190395   0.0004580563 -0.01044378
0.9980192  0.06200806   0.000452038 -0.01061334
0.9980191  0.06200315   0.0004504891 -0.01064622
0.9980051  0.06220493   0.0004611364 -0.0107737
0.9980095  0.06214595   0.0004811688 -0.01071444
0.9980211  0.06197335   0.0004837539 -0.01062737
0.9980146  0.06207109   0.0004807374 -0.01067302
0.9980097  0.06213341   0.0004685168 -0.01075614
0.9980152  0.06205426   0.0004668238 -0.01072008
0.9979957  0.06236964   0.0004742646 -0.01069567
0.9979896  0.06245938   0.0004813708 -0.01074018
0.9979995  0.06231155   0.0004964992 -0.01068089
0.9979961  0.06237404   0.00051577 -0.0106337
0.9979977  0.06233795   0.0005199171 -0.01069164
0.9979961  0.06234676   0.0005223281 -0.01078868
0.9980022  0.06226711   0.0005145136 -0.01068125
0.9980077  0.06216853   0.0005069238 -0.01074896
0.9980178  0.06200982   0.0005085136 -0.0107208
0.9980176  0.06201811   0.0005297485 -0.01069439
0.9980075  0.06217404   0.0005378957 -0.01073191
0.9979994  0.06232021   0.0005321958 -0.0106292
0.9980135  0.06208503   0.0005445033 -0.01069547
0.9980063  0.06218711   0.000541806 -0.01075801
0.9980146  0.06204059   0.0005426702 -0.01084274
0.9980222  0.06192499   0.0005575133 -0.01080377
0.9980159  0.06200298   0.0005570339 -0.0109352
0.9980099  0.06209665   0.0005444963 -0.01095289
0.9979903  0.06243835   0.0005728569 -0.01078755
0.9979901  0.06246205   0.0005841546 -0.01066744
0.9979862  0.06252475   0.0005830055 -0.01067013
0.9979869  0.0625032   0.0005726226 -0.01073028
0.997996  0.06235905   0.0005881548 -0.01072816
0.9980034  0.06224807   0.0005853776 -0.0106847
0.9980074  0.06218167   0.0005913252 -0.01069988
0.998005  0.06220209   0.0005926164 -0.01080106
0.9979954  0.06237517   0.000610219 -0.0106849
0.9979891  0.0624598   0.0006075054 -0.01077094
0.9979885  0.06245408   0.0006041285 -0.01087146
0.9979666  0.06280904   0.000603617 -0.01082854
0.9979634  0.06286976   0.0006133767 -0.01077185
0.9979711  0.06274846   0.0006197353 -0.01077077
0.997987  0.06250035   0.0006166635 -0.01073859
0.9979977  0.06232971   0.0006227231 -0.01073034
0.9979808  0.06262194   0.0006207069 -0.01060454
0.9979741  0.06275038   0.000628967 -0.01046833
0.9979798  0.06266859   0.0006281763 -0.01042164
0.9979767  0.06270776   0.000619402 -0.01049277
0.9979801  0.0626502   0.0006227594 -0.01050008
0.9980026  0.06229074   0.0006383319 -0.0104992
0.9980037  0.06227402   0.0006514654 -0.01049964
0.9980055  0.06224416   0.0006548538 -0.0105004
0.9980269  0.06189822   0.0006592734 -0.01050749
0.9980314  0.06180765   0.0006454801 -0.01061142
0.9980282  0.06184997   0.0006620656 -0.01067276
0.9980492  0.06151719   0.0006758902 -0.01063248
0.9980422  0.06162157   0.0006647426 -0.01067427
0.9980343  0.06173959   0.0006657743 -0.01073678
0.9980252  0.06190695   0.0006674604 -0.01061565
0.9980251  0.06191802   0.0006688969 -0.01057653
0.9980254  0.06190907   0.0006727566 -0.01058721
0.9980154  0.06205602   0.0006623463 -0.01066812
0.9980243  0.06189419   0.0006402065 -0.01078214
0.9980306  0.06179498   0.0006504199 -0.01076542
0.9980229  0.06191761   0.0006486776 -0.01077198
0.9980196  0.06198333   0.0006505618 -0.01069634
0.9980217  0.06195726   0.0006657372 -0.01065151
0.9980316  0.06181134   0.0006781149 -0.0105761
0.9980356  0.06172209   0.0006682271 -0.01071686
0.9980235  0.06190747   0.0006516162 -0.01078087
0.9980159  0.06201741   0.0006584603 -0.01084412
0.9980136  0.06208577   0.0006733496 -0.01066622
0.99801  0.06213172   0.0006612593 -0.0107356
0.9980208  0.06193101   0.0006310518 -0.01088508
0.9980202  0.06195882   0.0006445979 -0.01079614
0.9980204  0.06196205   0.000654208 -0.01075383
0.9980293  0.06182205   0.0006575456 -0.01072567
0.9980301  0.06180118   0.0006530283 -0.01078073
0.9980432  0.06159307   0.0006674764 -0.01074775
0.9980416  0.06160707   0.0006666167 -0.01081929
0.9980197  0.06197664   0.0006860633 -0.01072597
0.9980139  0.06207385   0.0006733314 -0.01071013
0.9980112  0.06210015   0.0006721801 -0.01080409
0.9980146  0.06204538   0.0006676036 -0.01080975
0.9980239  0.06190471   0.0006779977 -0.01075297
0.9980161  0.06203622   0.0006944255 -0.01071882
0.9980308  0.06181142   0.0006941655 -0.0106453
0.9980401  0.06168044   0.0006907407 -0.01053779
0.998036  0.06173648   0.0007041798 -0.01059713
0.9980344  0.06177012   0.0007161224 -0.01055771
0.9980372  0.06172645   0.0007093186 -0.01054619
0.9980343  0.06179243   0.0007183015 -0.01043184
0.998039  0.06171364   0.0007375561 -0.01044563
0.9980354  0.0617707   0.0007416159 -0.01044834
0.9980323  0.0618053   0.0007378683 -0.01054154
0.9980333  0.06179436   0.0007377883 -0.01051605
0.9980256  0.06192451   0.0007511351 -0.01046847
0.9980336  0.06179169   0.0007453557 -0.01050017
0.9980296  0.06185939   0.0007572466 -0.01046893
0.9980322  0.06181712   0.0007591195 -0.01047603
0.9980312  0.06183621   0.0007579482 -0.01046081
0.9980218  0.06201706   0.0007791296 -0.01028997
0.9980198  0.06205265   0.0007811014 -0.01026423
0.9980382  0.06174951   0.0007861193 -0.01030014
0.9980353  0.06180281   0.0007970594 -0.01027461
0.9980321  0.06184718   0.0007932202 -0.0103048
0.9980196  0.06204635   0.0007927471 -0.01031696
0.9980158  0.06211185   0.0008007945 -0.01029415
0.9980153  0.06211511   0.0007823126 -0.01032247
0.9980104  0.06217238   0.0007555692 -0.01044821
0.998018  0.06205731   0.000756186 -0.010412
0.9980222  0.06200115   0.0007529987 -0.010344
0.9980132  0.06214254   0.0007672167 -0.01036388
0.997999  0.06236636   0.0007806987 -0.01038626
0.9980029  0.06229893   0.0007870944 -0.01041734
0.9980016  0.06229255   0.0007741833 -0.01058069
0.9979917  0.06243959   0.0007768818 -0.01063302
0.9979974  0.06237024   0.0007684915 -0.01051207
0.997984  0.06259783   0.0007837229 -0.01043342
0.9979745  0.06273895   0.0007805303 -0.01049206
0.9979759  0.06273142   0.0008064111 -0.01039652
0.9979638  0.06293706   0.0007963165 -0.01032292
0.997976  0.06273187   0.0007920769 -0.01039488
0.9979737  0.06275792   0.0007715822 -0.01045546
0.9979761  0.06269624   0.0007610403 -0.01059551
0.9979798  0.062662   0.000782237 -0.01045926
0.99798  0.06264941   0.0007834269 -0.01050328
0.9979962  0.06240306   0.0007995758 -0.01043144
0.9979931  0.06241626   0.0007899038 -0.0106571
0.9980087  0.06217066   0.0008086205 -0.0106192
0.9980103  0.06214273   0.0007985401 -0.01063478
0.9980029  0.06227254   0.0007966533 -0.01056511
0.9980187  0.06203552   0.0008024281 -0.01046782
0.9980232  0.06197007   0.000808164 -0.01042832
0.9980313  0.0618308   0.0007909132 -0.01048401
0.9980284  0.06187822   0.0007986579 -0.01048097
0.9980138  0.06213786   0.0008177416 -0.01032365
0.9980194  0.06203629   0.0008144164 -0.01040442
0.9980097  0.06217967   0.000795898 -0.01046738
0.9980166  0.06206771   0.000797056 -0.01048129
0.9980227  0.06196149   0.000797675 -0.01052435
0.9980271  0.06191359   0.0008070149 -0.01038713
0.9980342  0.0618149   0.0008169824 -0.01030044
0.9980404  0.06170454   0.000810549 -0.01036101
0.9980291  0.0618572   0.0008089314 -0.0105428
0.9980326  0.06179729   0.0008046734 -0.01055519
0.9980306  0.06181418   0.000799386 -0.01063795
0.9980183  0.06201697   0.0008090908 -0.01062822
0.9980111  0.06212799   0.0008128781 -0.01064654
0.9980035  0.06224322   0.0007999272 -0.01067776
0.9980101  0.06217152   0.000813019 -0.01048055
0.998014  0.06210869   0.000809933 -0.01047884
0.9980202  0.06203119   0.0008217435 -0.01034683
0.9980093  0.06218573   0.0008183819 -0.01047087
0.9980043  0.0622509   0.0008201821 -0.0105625
0.9980097  0.06216073   0.0008218515 -0.01058421
0.9980067  0.06223555   0.000825585 -0.01042733
0.9979976  0.06237948   0.0008305116 -0.01044126
0.9979947  0.0624362   0.0008269263 -0.0103758
0.9979852  0.0625954   0.0008309194 -0.01033492
0.9979973  0.06239616   0.0008311354 -0.01035502
