-0.2105469  9.823926   -1.21543
-0.1961914  9.828711   -1.177148
-0.2105469  9.81914   -1.153223
-0.2392578  9.881348   -1.05752
-0.2057617  9.900488   -1.158008
-0.2488281  9.929199   -1.119727
-0.1722656  9.81914   -1.143652
-0.1866211  9.852636   -1.138867
-0.2344727  9.876562   -1.014453
-0.1818359  9.80957   -1.086231
-0.2631836  9.852636   -0.980957
-0.2201172  9.857422   -1.009668
-0.1770508  9.871778   -1.129297
-0.2105469  9.8   -1.086231
-0.2105469  9.804785   -1.06709
-0.1770508  9.876562   -1.081445
-0.1961914  9.914844   -1.143652
-0.1674805  9.862207   -1.062305
-0.1818359  9.847852   -1.091016
-0.1914063  9.814356   -1.071875
-0.2009766  9.833496   -1.177148
-0.2249023  9.866992   -1.148438
-0.1914063  9.843066   -1.110156
-0.1722656  9.81914   -1.081445
-0.2249023  9.919629   -0.9905273
-0.1818359  9.881348   -1.205859
-0.2057617  9.866992   -1.196289
-0.2009766  9.881348   -0.9905273
-0.1961914  9.900488   -1.158008
-0.244043  9.929199   -1.143652
-0.244043  9.80957   -1.114941
-0.1722656  9.847852   -1.105371
-0.2009766  9.881348   -1.191504
-0.2201172  9.886133   -1.181934
-0.2392578  9.81914   -1.210644
-0.1722656  9.847852   -1.110156
-0.1579102  9.843066   -1.086231
-0.1866211  9.914844   -1.043164
-0.2105469  9.852636   -1.05752
-0.2249023  9.871778   -1.071875
-0.1626953  9.895703   -1.153223
-0.2201172  9.862207   -1.177148
-0.1579102  9.876562   -1.138867
-0.1961914  9.876562   -1.009668
-0.2105469  9.833496   -1.162793
-0.2631836  9.881348   -1.148438
-0.215332  9.852636   -1.004883
-0.1626953  9.80957   -1.181934
-0.2057617  9.838282   -1.148438
-0.2105469  9.852636   -1.148438
-0.2296875  9.914844   -1.129297
-0.1722656  9.881348   -1.081445
-0.1818359  9.795215   -1.091016
-0.2344727  9.890918   -1.07666
-0.1722656  9.876562   -1.033594
-0.2201172  9.79043   -1.100586
-0.1818359  9.828711   -1.110156
-0.2105469  9.881348   -1.06709
-0.2296875  9.871778   -1.004883
-0.1483398  9.914844   -1.105371
-0.2392578  9.886133   -1.143652
-0.1961914  9.852636   -1.086231
-0.244043  9.852636   -1.052734
-0.2057617  9.881348   -1.134082
-0.2344727  9.905273   -1.134082
-0.2296875  9.876562   -1.114941
-0.2009766  9.890918   -1.191504
-0.1626953  9.852636   -0.9857422
-0.2009766  9.833496   -1.000098
-0.1722656  9.857422   -1.167578
-0.2201172  9.823926   -0.9905273
-0.1866211  9.919629   -1.172363
-0.1483398  9.905273   -1.110156
-0.2249023  9.871778   -1.07666
-0.1961914  9.852636   -1.06709
-0.2201172  9.857422   -1.009668
-0.1770508  9.843066   -1.004883
-0.2057617  9.890918   -1.081445
-0.1770508  9.886133   -1.086231
-0.2392578  9.833496   -1.091016
-0.2105469  9.847852   -1.024023
-0.215332  9.833496   -1.091016
-0.2392578  9.866992   -1.095801
-0.215332  9.881348   -0.9953125
-0.1339844  9.847852   -1.07666
-0.2057617  9.886133   -1.138867
-0.1866211  9.862207   -1.086231
-0.1770508  9.80957   -1.091016
-0.1770508  9.852636   -1.000098
-0.2249023  9.881348   -1.071875
-0.2009766  9.914844   -1.095801
-0.2057617  9.847852   -1.06709
-0.153125  9.866992   -1.119727
-0.2823242  9.847852   -1.071875
-0.2727539  9.866992   -1.07666
-0.2488281  9.876562   -1.172363
-0.2249023  9.876562   -1.047949
-0.1818359  9.876562   -1.028809
-0.1914063  9.866992   -1.043164
-0.2679687  9.857422   -1.043164
-0.2057617  9.838282   -1.095801
-0.2009766  9.828711   -1.052734
-0.1818359  9.814356   -1.062305
-0.2488281  9.833496   -1.071875
-0.1914063  9.81914   -1.181934
-0.2296875  9.862207   -1.138867
-0.1626953  9.910059   -1.105371
-0.1770508  9.895703   -1.062305
-0.1387695  9.843066   -0.9905273
-0.2488281  9.857422   -1.124512
-0.2009766  9.857422   -1.177148
-0.1770508  9.900488   -1.091016
-0.2679687  9.881348   -1.024023
-0.2392578  9.838282   -1.105371
-0.2105469  9.866992   -1.105371
-0.1866211  9.852636   -1.110156
-0.1961914  9.843066   -1.043164
-0.2536133  9.852636   -1.134082
-0.2249023  9.905273   -1.100586
-0.1866211  9.910059   -1.091016
-0.244043  9.843066   -1.062305
-0.1722656  9.847852   -1.100586
-0.215332  9.900488   -1.095801
-0.1770508  9.957911   -1.091016
-0.215332  9.847852   -0.9474609
-0.2105469  9.852636   -1.119727
-0.2344727  9.795215   -1.124512
-0.2057617  9.838282   -1.033594
-0.1914063  9.895703   -1.062305
-0.1626953  9.890918   -1.119727
-0.2009766  9.866992   -1.071875
-0.244043  9.862207   -1.095801
-0.215332  9.80957   -1.220215
-0.1674805  9.828711   -1.043164
-0.2296875  9.81914   -1.134082
-0.2583984  9.933985   -1.105371
-0.2392578  9.948339   -1.000098
-0.1626953  9.838282   -1.004883
-0.1579102  9.838282   -1.06709
-0.2009766  9.823926   -1.086231
-0.2631836  9.81914   -1.062305
-0.153125  9.823926   -1.124512
-0.2583984  9.924414   -1.033594
-0.2105469  9.871778   -1.205859
-0.1961914  9.766504   -1.06709
-0.2105469  9.838282   -0.9953125
-0.244043  9.804785   -1.095801
-0.2201172  9.852636   -1.081445
-0.2201172  9.852636   -1.091016
-0.1914063  9.857422   -1.21543
-0.2536133  9.862207   -1.071875
-0.2057617  9.81914   -1.024023
-0.2392578  9.876562   -1.009668
-0.2392578  9.833496   -1.124512
-0.2057617  9.795215   -1.038379
-0.2105469  9.79043   -1.095801
-0.2201172  9.847852   -1.028809
-0.153125  9.914844   -1.038379
-0.2057617  9.852636   -1.086231
-0.2057617  9.905273   -1.05752
-0.1866211  9.876562   -1.095801
-0.1818359  9.828711   -1.062305
-0.2296875  9.804785   -1.07666
-0.1914063  9.828711   -1.06709
-0.215332  9.852636   -1.100586
-0.1914063  9.862207   -1.062305
-0.2201172  9.852636   -1.148438
-0.1483398  9.823926   -1.07666
-0.1722656  9.833496   -0.9570313
-0.1579102  9.833496   -1.043164
-0.2344727  9.890918   -1.134082
-0.2296875  9.857422   -1.143652
-0.244043  9.866992   -1.07666
-0.2344727  9.847852   -1.038379
-0.2488281  9.814356   -1.038379
-0.2201172  9.866992   -1.047949
-0.2009766  9.833496   -1.186719
-0.2583984  9.862207   -1.105371
-0.2057617  9.847852   -1.071875
-0.244043  9.862207   -1.043164
-0.1770508  9.866992   -1.019238
-0.2344727  9.866992   -1.038379
-0.244043  9.766504   -0.9953125
-0.215332  9.852636   -1.196289
-0.1866211  9.900488   -1.105371
-0.2249023  9.900488   -1.047949
-0.1674805  9.871778   -1.100586
-0.1818359  9.823926   -1.086231
-0.2392578  9.838282   -1.07666
-0.2009766  9.838282   -1.033594
-0.2488281  9.814356   -1.138867
-0.244043  9.895703   -1.047949
-0.2105469  9.881348   -1.138867
-0.1722656  9.881348   -1.000098
-0.2009766  9.866992   -1.110156
-0.2249023  9.890918   -1.105371
-0.2583984  9.838282   -1.05752
-0.1866211  9.871778   -1.033594
-0.2057617  9.862207   -1.129297
-0.2105469  9.852636   -1.134082
-0.2488281  9.80957   -1.129297
-0.1770508  9.881348   -1.047949
-0.1770508  9.80957   -1.05752
-0.1866211  9.857422   -1.129297
-0.1722656  9.838282   -1.091016
-0.153125  9.890918   -1.105371
-0.1722656  9.866992   -1.110156
-0.1579102  9.823926   -1.114941
-0.1961914  9.79043   -1.052734
-0.244043  9.871778   -1.028809
-0.2631836  9.843066   -1.095801
-0.1961914  9.823926   -1.052734
-0.1914063  9.823926   -1.071875
-0.1866211  9.8   -1.06709
-0.2296875  9.876562   -1.134082
-0.2105469  9.79043   -1.110156
-0.2488281  9.838282   -1.07666
-0.2392578  9.81914   -1.114941
-0.2249023  9.866992   -1.024023
-0.2583984  9.881348   -1.114941
-0.2009766  9.881348   -0.9857422
-0.2009766  9.871778   -1.052734
-0.2392578  9.886133   -1.119727
-0.2105469  9.776074   -1.071875
-0.2201172  9.895703   -1.05752
-0.1579102  9.905273   -1.148438
-0.1914063  9.919629   -1.095801
-0.2009766  9.895703   -1.220215
-0.2105469  9.8   -1.148438
-0.1818359  9.866992   -1.081445
-0.2536133  9.881348   -1.158008
-0.2201172  9.833496   -1.009668
-0.1291992  9.876562   -1.119727
-0.2775391  9.823926   -1.153223
-0.1818359  9.866992   -1.05752
-0.1339844  9.862207   -1.038379
-0.1579102  9.838282   -1.186719
-0.2249023  9.8   -1.091016
-0.2727539  9.929199   -1.05752
-0.2105469  9.814356   -1.119727
-0.2201172  9.857422   -1.114941
-0.1914063  9.876562   -1.009668
-0.1914063  9.857422   -1.014453
-0.2296875  9.847852   -1.047949
-0.2057617  9.886133   -1.086231
-0.244043  9.857422   -1.05752
-0.2392578  9.905273   -1.062305
-0.1387695  9.857422   -1.05752
-0.2057617  9.814356   -0.980957
-0.2488281  9.890918   -0.9666016
-0.2296875  9.838282   -1.138867
-0.2344727  9.881348   -1.024023
-0.1579102  9.914844   -0.9713867
-0.2201172  9.838282   -1.024023
-0.2727539  9.843066   -1.052734
-0.2296875  9.890918   -1.091016
-0.2009766  9.871778   -1.124512
-0.1674805  9.823926   -1.052734
-0.1626953  9.881348   -1.052734
-0.1961914  9.881348   -1.038379
-0.2488281  9.862207   -1.114941
-0.2631836  9.843066   -1.033594
-0.215332  9.833496   -1.081445
-0.1914063  9.871778   -1.019238
-0.2392578  9.847852   -1.062305
-0.2009766  9.862207   -1.100586
-0.244043  9.862207   -1.177148
-0.215332  9.886133   -1.148438
-0.1626953  9.862207   -1.086231
-0.1914063  9.843066   -1.086231
-0.1722656  9.862207   -1.181934
-0.2296875  9.876562   -1.033594
-0.1818359  9.914844   -1.129297
-0.2057617  9.876562   -1.071875
-0.1674805  9.852636   -1.119727
-0.215332  9.843066   -1.047949
-0.215332  9.876562   -0.9378906
-0.2296875  9.914844   -1.110156
-0.244043  9.900488   -1.114941
-0.1914063  9.866992   -1.071875
-0.215332  9.80957   -1.124512
-0.153125  9.871778   -1.014453
-0.1626953  9.852636   -1.06709
-0.2249023  9.924414   -1.091016
-0.1961914  9.886133   -1.052734
-0.1579102  9.838282   -1.124512
-0.2249023  9.862207   -1.05752
-0.215332  9.866992   -1.191504
-0.1866211  9.881348   -1.119727
-0.2057617  9.843066   -1.138867
-0.2296875  9.862207   -1.004883
-0.2009766  9.866992   -1.062305
-0.2009766  9.81914   -1.172363
-0.2488281  9.852636   -1.105371
-0.153125  9.852636   -1.100586
-0.1866211  9.857422   -1.124512
-0.1914063  9.886133   -1.06709
-0.1914063  9.823926   -1.114941
-0.1722656  9.823926   -1.081445
-0.244043  9.866992   -1.167578
-0.1722656  9.81914   -1.110156
-0.2536133  9.871778   -1.062305
-0.2105469  9.852636   -1.028809
-0.2009766  9.881348   -1.081445
-0.1674805  9.843066   -1.038379
-0.1579102  9.79043   -1.095801
-0.1196289  9.857422   -1.028809
-0.2105469  9.852636   -1.138867
-0.2009766  9.871778   -1.052734
-0.2392578  9.81914   -1.124512
-0.2057617  9.828711   -1.06709
-0.2009766  9.895703   -1.091016
-0.1914063  9.8   -1.158008
-0.2727539  9.8   -1.086231
-0.2296875  9.8   -1.110156
-0.1818359  9.876562   -1.06709
-0.215332  9.857422   -1.225
-0.1914063  9.81914   -1.105371
-0.2057617  9.847852   -1.086231
-0.244043  9.828711   -1.000098
-0.2536133  9.852636   -1.028809
-0.1818359  9.876562   -1.172363
-0.2536133  9.847852   -1.06709
-0.1626953  9.924414   -1.086231
-0.2296875  9.886133   -1.038379
-0.2344727  9.838282   -1.014453
-0.215332  9.890918   -1.038379
-0.1866211  9.823926   -1.07666
-0.1866211  9.776074   -1.043164
-0.2296875  9.914844   -1.081445
-0.2009766  9.857422   -1.071875
-0.2249023  9.814356   -1.129297
-0.1866211  9.866992   -1.047949
-0.2583984  9.81914   -1.071875
-0.2009766  9.890918   -1.043164
-0.2249023  9.871778   -1.114941
-0.1818359  9.895703   -1.091016
-0.2009766  9.900488   -1.019238
-0.2296875  9.828711   -1.004883
-0.1722656  9.866992   -1.091016
-0.2488281  9.866992   -1.05752
-0.1818359  9.81914   -0.9522461
-0.2488281  9.866992   -1.100586
-0.215332  9.823926   -1.009668
-0.1866211  9.924414   -1.086231
-0.1579102  9.900488   -1.091016
-0.2918945  9.881348   -1.06709
-0.2009766  9.881348   -1.100586
-0.215332  9.761719   -1.114941
-0.1914063  9.857422   -1.114941
-0.2296875  9.847852   -1.000098
-0.2057617  9.929199   -1.047949
-0.1770508  9.886133   -1.091016
-0.2583984  9.843066   -0.9235352
-0.1818359  9.833496   -1.009668
-0.1674805  9.814356   -1.043164
-0.2057617  9.914844   -1.134082
-0.2009766  9.881348   -1.148438
-0.1674805  9.833496   -1.129297
-0.1770508  9.862207   -0.9666016
-0.2057617  9.852636   -1.07666
-0.1866211  9.905273   -0.9713867
-0.1866211  9.80957   -1.119727
-0.1770508  9.866992   -1.129297
-0.2296875  9.886133   -1.134082
-0.1818359  9.852636   -1.043164
-0.2009766  9.905273   -1.033594
-0.1770508  9.838282   -1.014453
-0.2488281  9.886133   -1.258496
-0.1914063  9.871778   -1.091016
-0.2249023  9.79043   -1.014453
-0.1914063  9.847852   -1.134082
-0.2057617  9.843066   -1.07666
-0.215332  9.871778   -1.028809
-0.1961914  9.866992   -0.9953125
-0.2536133  9.890918   -1.100586
-0.1914063  9.914844   -1.06709
-0.2536133  9.823926   -0.9857422
-0.244043  9.862207   -1.028809
-0.1770508  9.866992   -1.009668
-0.2249023  9.862207   -1.105371
-0.2536133  9.862207   -1.05752
-0.2296875  9.80957   -0.9905273
-0.2583984  9.862207   -1.119727
-0.2201172  9.924414   -1.124512
-0.2009766  9.905273   -1.110156
-0.2057617  9.852636   -1.110156
-0.1579102  9.843066   -1.06709
-0.1579102  9.890918   -1.004883
-0.1961914  9.852636   -1.033594
-0.2344727  9.871778   -1.110156
-0.2009766  9.857422   -1.062305
-0.2344727  9.847852   -1.110156
-0.244043  9.900488   -1.100586
-0.1818359  9.804785   -1.033594
-0.244043  9.866992   -1.091016
-0.1626953  9.881348   -1.205859
-0.1626953  9.914844   -1.071875
-0.2105469  9.881348   -1.05752
-0.1914063  9.833496   -1.052734
-0.2296875  9.871778   -1.110156
-0.2009766  9.857422   -1.143652
-0.2105469  9.833496   -0.9522461
-0.2009766  9.866992   -1.062305
-0.2201172  9.866992   -1.086231
-0.2536133  9.881348   -1.110156
-0.1818359  9.852636   -1.110156
-0.1818359  9.876562   -1.129297
-0.1818359  9.871778   -1.124512
-0.2009766  9.852636   -1.081445
-0.2536133  9.857422   -1.052734
-0.2009766  9.857422   -1.071875
-0.1818359  9.900488   -1.091016
-0.1387695  9.890918   -1.047949
-0.2105469  9.886133   -1.091016
-0.1818359  9.881348   -1.062305
-0.1914063  9.866992   -1.047949
-0.2201172  9.866992   -1.091016
-0.153125  9.843066   -1.086231
-0.2057617  9.852636   -1.110156
-0.2488281  9.890918   -1.062305
-0.215332  9.886133   -1.201074
-0.2536133  9.871778   -1.038379
-0.1914063  9.866992   -1.024023
-0.2966797  9.890918   -1.158008
-0.1818359  9.823926   -1.038379
-0.2057617  9.852636   -1.158008
-0.2392578  9.871778   -1.086231
-0.3110352  9.886133   -1.033594
-0.2201172  9.862207   -1.100586
-0.2009766  9.814356   -1.06709
-0.153125  9.795215   -1.091016
-0.2775391  9.871778   -1.081445
-0.1674805  9.857422   -1.07666
-0.2392578  9.866992   -1.124512
-0.2296875  9.866992   -1.047949
-0.2249023  9.895703   -1.014453
-0.1626953  9.866992   -1.095801
-0.244043  9.828711   -1.110156
-0.215332  9.905273   -1.105371
-0.2583984  9.948339   -1.05752
-0.1961914  9.910059   -0.980957
-0.1626953  9.785645   -0.9713867
-0.153125  9.871778   -1.210644
-0.2105469  9.785645   -1.129297
-0.1961914  9.900488   -1.167578
-0.2344727  9.852636   -0.9570313
-0.1722656  9.886133   -1.052734
-0.1674805  9.871778   -1.05752
-0.1674805  9.905273   -1.153223
-0.2201172  9.900488   -1.028809
-0.2249023  9.857422   -1.047949
-0.2296875  9.80957   -1.119727
-0.1914063  9.866992   -1.129297
-0.1818359  9.862207   -1.000098
-0.1770508  9.871778   -1.181934
-0.2296875  9.871778   -1.091016
-0.2201172  9.871778   -1.062305
-0.2201172  9.843066   -1.196289
-0.2392578  9.8   -1.105371
-0.2392578  9.847852   -0.9905273
-0.2392578  9.876562   -1.124512
-0.1866211  9.886133   -1.153223
-0.1722656  9.866992   -1.105371
-0.1818359  9.843066   -1.052734
-0.2009766  9.905273   -1.043164
-0.2727539  9.833496   -1.119727
-0.1722656  9.862207   -1.095801
-0.1818359  9.8   -1.172363
-0.2009766  9.857422   -1.071875
-0.2392578  9.914844   -1.196289
-0.2536133  9.814356   -1.047949
-0.1866211  9.804785   -1.081445
-0.1961914  9.862207   -1.052734
-0.2105469  9.823926   -1.086231
-0.2249023  9.852636   -1.110156
-0.2296875  9.881348   -1.148438
-0.2488281  9.866992   -0.9857422
-0.2392578  9.862207   -1.153223
-0.2201172  9.838282   -1.062305
-0.2679687  9.804785   -1.052734
-0.1961914  9.852636   -1.086231
-0.2392578  9.857422   -1.124512
-0.2105469  9.857422   -0.980957
-0.2009766  9.823926   -1.004883
-0.1961914  9.814356   -1.138867
-0.215332  9.886133   -1.105371
-0.1914063  9.857422   -1.110156
-0.1722656  9.833496   -1.043164
-0.1961914  9.81914   -1.062305
-0.215332  9.862207   -1.028809
-0.2392578  9.823926   -1.081445
-0.1961914  9.79043   -1.038379
-0.1961914  9.857422   -1.100586
-0.2583984  9.876562   -1.181934
-0.215332  9.895703   -0.9570313
-0.1818359  9.814356   -1.033594
-0.1961914  9.833496   -1.043164
-0.1961914  9.852636   -1.134082
-0.1770508  9.823926   -1.138867
-0.215332  9.828711   -1.05752
-0.1961914  9.895703   -1.014453
-0.2583984  9.895703   -1.201074
-0.2105469  9.804785   -1.047949
-0.1961914  9.862207   -1.052734
-0.2249023  9.862207   -1.047949
-0.2249023  9.862207   -0.9953125
-0.1914063  9.823926   -1.091016
-0.1722656  9.876562   -1.062305
-0.1579102  9.838282   -1.081445
-0.2536133  9.876562   -1.119727
-0.215332  9.852636   -1.110156
-0.2009766  9.823926   -1.014453
-0.1866211  9.871778   -1.105371
-0.3014649  9.905273   -1.071875
-0.215332  9.847852   -1.033594
-0.215332  9.843066   -1.06709
-0.1818359  9.838282   -1.05752
-0.2296875  9.876562   -1.110156
-0.2201172  9.910059   -1.110156
-0.2727539  9.838282   -1.177148
-0.2392578  9.866992   -1.105371
-0.1579102  9.900488   -1.114941
-0.2679687  9.785645   -1.124512
-0.1387695  9.857422   -1.028809
-0.215332  9.905273   -1.009668
-0.1866211  9.919629   -1.119727
-0.1818359  9.852636   -1.091016
-0.1961914  9.857422   -1.028809
-0.2296875  9.900488   -1.110156
-0.2201172  9.843066   -1.047949
-0.1626953  9.866992   -1.124512
-0.2009766  9.895703   -1.052734
-0.2631836  9.919629   -1.086231
-0.2871094  9.881348   -1.06709
-0.1866211  9.900488   -1.091016
-0.2105469  9.857422   -1.095801
-0.1818359  9.871778   -1.081445
-0.1818359  9.895703   -1.162793
-0.1914063  9.852636   -1.024023
-0.2057617  9.828711   -1.047949
-0.2009766  9.823926   -1.071875
-0.2249023  9.886133   -1.143652
-0.1914063  9.876562   -1.091016
-0.2057617  9.852636   -1.06709
-0.1961914  9.81914   -1.071875
-0.1770508  9.852636   -1.100586
-0.2249023  9.838282   -1.019238
-0.1866211  9.843066   -1.100586
-0.1961914  9.857422   -1.033594
-0.2583984  9.886133   -1.086231
-0.2392578  9.843066   -1.138867
-0.1818359  9.838282   -1.024023
-0.215332  9.81914   -1.014453
-0.2536133  9.828711   -1.158008
-0.2679687  9.847852   -1.028809
-0.2392578  9.828711   -1.129297
-0.2392578  9.847852   -1.162793
-0.2296875  9.838282   -0.9761719
-0.215332  9.843066   -1.134082
-0.2105469  9.852636   -1.062305
-0.1722656  9.828711   -1.100586
-0.2823242  9.833496   -1.129297
-0.2105469  9.847852   -1.043164
-0.1722656  9.905273   -1.052734
-0.1866211  9.823926   -1.052734
-0.215332  9.914844   -1.091016
-0.2392578  9.866992   -1.181934
-0.2201172  9.876562   -0.9953125
-0.2105469  9.843066   -1.052734
-0.2392578  9.833496   -1.014453
-0.2105469  9.862207   -1.143652
-0.1866211  9.871778   -1.114941
-0.1387695  9.843066   -1.167578
-0.2296875  9.871778   -1.172363
-0.2536133  9.785645   -1.014453
-0.2009766  9.862207   -1.009668
-0.2057617  9.876562   -1.119727
-0.2105469  9.838282   -1.081445
-0.2105469  9.938769   -1.095801
-0.1818359  9.886133   -1.071875
-0.2249023  9.890918   -1.052734
-0.1914063  9.833496   -1.024023
-0.2344727  9.843066   -1.081445
-0.2296875  9.857422   -1.043164
-0.2296875  9.847852   -1.138867
-0.2105469  9.857422   -1.06709
-0.1339844  9.833496   -1.06709
-0.215332  9.838282   -1.114941
-0.2201172  9.833496   -1.009668
-0.2009766  9.866992   -1.100586
-0.1866211  9.852636   -1.05752
-0.1914063  9.866992   -1.024023
-0.1961914  9.895703   -1.004883
-0.1770508  9.852636   -1.014453
-0.215332  9.895703   -1.004883
-0.2201172  9.804785   -1.06709
-0.1914063  9.890918   -1.033594
-0.2249023  9.857422   -1.081445
-0.2679687  9.852636   -1.033594
-0.2105469  9.847852   -1.129297
-0.1435547  9.871778   -1.062305
-0.1866211  9.886133   -1.119727
-0.2201172  9.862207   -1.124512
-0.1626953  9.814356   -1.158008
-0.2057617  9.895703   -1.043164
-0.1770508  9.910059   -1.07666
-0.1818359  9.823926   -1.05752
-0.2105469  9.876562   -1.05752
-0.2201172  9.881348   -1.081445
-0.1914063  9.857422   -1.105371
-0.2823242  9.876562   -1.158008
-0.2823242  9.857422   -1.124512
-0.2009766  9.862207   -1.052734
-0.2057617  9.862207   -0.9761719
-0.1818359  9.823926   -1.105371
-0.2344727  9.843066   -1.105371
-0.2775391  9.876562   -1.062305
-0.1914063  9.852636   -1.071875
-0.2823242  9.852636   -1.05752
-0.1866211  9.847852   -1.148438
-0.2249023  9.910059   -1.143652
-0.2057617  9.857422   -1.047949
-0.2201172  9.871778   -1.114941
-0.1914063  9.833496   -1.091016
-0.1961914  9.871778   -1.052734
-0.2009766  9.843066   -1.091016
-0.2105469  9.857422   -1.148438
-0.1961914  9.843066   -1.062305
-0.2679687  9.843066   -1.110156
-0.2631836  9.876562   -1.095801
-0.2536133  9.828711   -1.004883
-0.1961914  9.823926   -1.024023
-0.2201172  9.886133   -1.047949
-0.2296875  9.890918   -1.038379
-0.2583984  9.881348   -1.009668
-0.2344727  9.843066   -0.9713867
-0.2249023  9.886133   -1.105371
-0.2057617  9.838282   -1.009668
-0.2631836  9.886133   -1.05752
-0.2249023  9.938769   -1.095801
-0.215332  9.890918   -1.000098
-0.2057617  9.900488   -1.052734
-0.1818359  9.838282   -1.033594
-0.2057617  9.823926   -1.028809
-0.1866211  9.843066   -1.114941
-0.2249023  9.866992   -1.148438
-0.1961914  9.881348   -1.071875
-0.2105469  9.862207   -1.105371
-0.2057617  9.905273   -1.07666
-0.1626953  9.862207   -1.033594
-0.1961914  9.881348   -1.07666
-0.2105469  9.886133   -1.071875
-0.2583984  9.8   -1.091016
-0.2009766  9.881348   -1.038379
-0.1722656  9.852636   -1.105371
-0.1722656  9.895703   -1.043164
-0.1914063  9.804785   -1.033594
-0.2105469  9.866992   -1.043164
-0.2392578  9.871778   -1.014453
