-0.8536586  -0.1219512   -0.9756098
-0.9146342  -0.1219512   -1.097561
-0.8536586  -0.06097561   -1.036585
-0.7926829  -0.1219512   -0.8536586
-0.6707317  -0.06097561   -1.036585
-0.7926829  0.06097561   -0.9146342
-0.8536586  -0.06097561   -0.8536586
-0.9146342  -0.1829268   -0.9756098
-0.7317073  -0.2439024   -0.9146342
-0.9756098  -0.2439024   -0.8536586
-0.8536586  -0.1219512   -0.9756098
-0.8536586  -0.3048781   -0.9756098
-0.6707317  -0.06097561   -0.8536586
-0.8536586  -0.1219512   -1.036585
-0.9756098  -0.2439024   -0.9756098
-0.9756098  -0.2439024   -0.8536586
-0.7317073  -0.06097561   -0.9756098
-0.9146342  -0.06097561   -0.8536586
-0.7317073  0   -0.7926829
-0.7926829  -0.2439024   -0.9146342
-0.6707317  -0.06097561   -0.9146342
-0.9146342  -0.06097561   -0.9146342
-0.9756098  -0.1219512   -0.8536586
-0.9146342  0   -0.9756098
-0.6707317  -0.1219512   -0.9146342
-0.8536586  -0.06097561   -0.8536586
-0.8536586  -0.2439024   -0.9756098
-0.8536586  -0.1219512   -0.8536586
-0.9146342  -0.06097561   -0.8536586
-0.8536586  -0.1829268   -1.036585
-0.9146342  0   -0.9756098
-0.9146342  -0.1829268   -0.7926829
-0.8536586  -0.1219512   -0.7926829
-0.6707317  0.06097561   -1.097561
-0.8536586  -0.06097561   -0.8536586
-0.8536586  -0.1829268   -1.036585
-0.7317073  0   -0.9756098
-0.7926829  -0.2439024   -0.9756098
-0.9146342  -0.06097561   -0.9146342
-0.8536586  -0.1829268   -0.9146342
-0.6707317  -0.06097561   -0.9756098
-0.9756098  -0.1219512   -0.9756098
-0.9146342  -0.1219512   -0.8536586
-0.9756098  0   -0.8536586
-0.6097561  -0.2439024   -1.036585
-0.7317073  0.06097561   -1.036585
-1.219512  0   -1.036585
-0.9146342  -0.1219512   -1.097561
-0.7926829  -0.1219512   -1.036585
-0.7926829  -0.06097561   -0.9756098
-0.9756098  -0.1829268   -1.036585
-0.9146342  -0.06097561   -1.036585
-0.7317073  -0.06097561   -0.9756098
-0.7926829  -0.06097561   -0.8536586
-0.9146342  -0.1219512   -0.9146342
-0.7317073  -0.06097561   -0.7317073
-1.097561  0   -1.158537
-0.9146342  -0.3048781   -0.9146342
-0.7317073  -0.1219512   -0.9756098
-0.8536586  -0.06097561   -1.036585
-0.7926829  -0.1829268   -0.8536586
-0.8536586  -0.1219512   -0.8536586
-0.7926829  0   -1.036585
-1.036585  -0.06097561   -0.9756098
-0.8536586  -0.2439024   -0.7317073
-0.8536586  0   -0.9756098
-0.8536586  -0.06097561   -0.8536586
-0.8536586  -0.06097561   -0.8536586
-0.6097561  0.06097561   -1.036585
-0.7317073  -0.1219512   -0.9146342
-0.9146342  -0.2439024   -0.8536586
-0.9146342  0   -0.7926829
-0.7317073  -0.1829268   -0.8536586
-0.6097561  -0.2439024   -1.097561
-1.158537  -0.1219512   -0.9756098
-0.9756098  -0.06097561   -0.8536586
-0.7317073  0   -0.7317073
-0.8536586  -0.1829268   -0.7926829
-0.8536586  -0.06097561   -0.9146342
-0.9756098  -0.2439024   -0.7317073
-0.5487805  -0.1829268   -0.7926829
-0.7926829  0.06097561   -0.9146342
-0.7926829  0.06097561   -0.9146342
-0.7926829  -0.1219512   -0.8536586
-0.7317073  -0.2439024   -0.9756098
-0.7926829  -0.1219512   -0.8536586
-0.8536586  -0.1219512   -0.8536586
-0.9146342  -0.1219512   -0.9146342
-0.7926829  -0.1829268   -1.036585
-0.7317073  -0.1219512   -0.9756098
-0.8536586  -0.1829268   -0.9756098
-0.8536586  -0.1829268   -1.097561
-0.7926829  -0.06097561   -0.9146342
-0.7926829  -0.06097561   -1.036585
-0.7317073  -0.1829268   -0.9756098
-0.9146342  -0.1219512   -0.9756098
-0.7926829  -0.2439024   -0.9756098
-0.7317073  -0.2439024   -0.9146342
-0.8536586  -0.1219512   -0.9756098
-0.8536586  -0.1829268   -0.9146342
-0.9146342  -0.1219512   -1.036585
-0.6707317  -0.2439024   -0.7926829
-0.8536586  -0.3048781   -0.7926829
-1.219512  -0.1219512   -0.7926829
-0.6707317  -0.06097561   -0.9756098
-0.7926829  -0.06097561   -0.9756098
-0.6707317  -0.1829268   -0.8536586
-0.8536586  -0.1219512   -0.9146342
-0.8536586  -0.2439024   -0.9756098
-0.6707317  0   -1.036585
-0.7317073  -0.1219512   -0.9756098
-0.9756098  -0.1219512   -0.9146342
-0.7926829  0   -0.9146342
-0.7317073  0.06097561   -0.8536586
-0.8536586  -0.1829268   -0.9146342
-0.8536586  0.06097561   -0.9146342
-0.7926829  -0.1829268   -0.9756098
-0.8536586  0.1219512   -1.036585
-0.8536586  -0.1829268   -0.9146342
-0.9146342  -0.1829268   -1.097561
-0.6097561  -0.1219512   -0.9146342
-1.036585  -0.06097561   -1.036585
-0.7317073  -0.1829268   -0.7926829
-0.9756098  -0.1829268   -0.9756098
-0.7926829  -0.1219512   -0.9146342
-0.6707317  0.06097561   -0.7317073
-0.7926829  -0.2439024   -0.9146342
-0.9756098  -0.1829268   -0.8536586
-0.9146342  0   -0.8536586
-0.9146342  -0.06097561   -1.097561
-0.7926829  0.06097561   -0.9756098
-0.8536586  -0.06097561   -0.9756098
-0.8536586  -0.06097561   -0.9756098
-0.8536586  -0.1829268   -0.9756098
-0.7926829  -0.06097561   -0.9146342
-0.9146342  -0.06097561   -0.8536586
-0.9146342  -0.06097561   -0.9756098
-0.5487805  -0.2439024   -0.8536586
-0.7926829  0   -1.036585
-0.9146342  -0.1219512   -1.036585
-0.9146342  -0.06097561   -0.9756098
-0.6707317  -0.1219512   -1.097561
-0.8536586  -0.1829268   -0.9756098
-0.9146342  0   -0.9756098
-0.7317073  -0.06097561   -0.7317073
-0.7926829  0   -0.9756098
-0.7317073  -0.06097561   -1.036585
-1.036585  -0.3658537   -1.036585
-0.8536586  -0.1829268   -1.036585
-0.8536586  -0.06097561   -0.9146342
-0.7926829  -0.1219512   -0.8536586
-1.097561  -0.1829268   -1.036585
-0.9146342  -0.06097561   -1.036585
-0.9756098  -0.2439024   -0.9146342
-0.5487805  0.06097561   -0.9146342
-0.9146342  0.06097561   -0.9146342
-0.9146342  0   -0.9146342
-0.8536586  -0.1219512   -0.8536586
-0.5487805  0   -0.9146342
-0.7926829  -0.1219512   -0.9756098
-0.9146342  -0.2439024   -0.9756098
-1.097561  -0.1219512   -0.9756098
-0.8536586  -0.1829268   -0.9146342
-0.9756098  -0.1219512   -1.036585
-0.7926829  -0.1219512   -0.9756098
-0.8536586  -0.06097561   -0.9146342
-0.9756098  -0.1829268   -0.6707317
-0.9756098  0   -1.097561
-0.7926829  0   -0.8536586
-0.9146342  -0.1829268   -0.9756098
-0.9756098  -0.1219512   -1.036585
-0.8536586  -0.06097561   -0.9146342
-0.9146342  -0.1829268   -0.8536586
-0.8536586  -0.06097561   -0.9146342
-0.7926829  0   -0.9756098
-0.7317073  -0.1829268   -1.036585
-0.6097561  -0.1829268   -0.9146342
-1.158537  0.06097561   -0.9756098
-1.158537  -0.06097561   -1.036585
-0.7926829  -0.06097561   -0.9756098
-0.7926829  -0.3048781   -0.9146342
-0.8536586  -0.1829268   -0.9146342
-0.9756098  -0.2439024   -0.8536586
-0.7317073  -0.06097561   -0.9756098
-0.9146342  -0.2439024   -1.219512
-0.9146342  -0.1219512   -1.036585
-0.7926829  0   -0.9756098
-0.8536586  -0.1829268   -0.8536586
-0.9756098  0   -1.036585
-0.7317073  -0.1829268   -0.9756098
-0.6097561  -0.3048781   -1.036585
-0.8536586  -0.06097561   -0.7317073
-0.6707317  0   -0.9756098
-0.6097561  -0.06097561   -0.9146342
-0.7317073  -0.06097561   -0.8536586
-0.9756098  0   -0.7317073
-0.9756098  -0.06097561   -0.9756098
-0.8536586  -0.1829268   -0.7926829
-1.036585  -0.1829268   -0.8536586
-0.8536586  -0.06097561   -1.036585
-0.9146342  -0.1829268   -0.9756098
0.05304879  -0.0121951   -0.03414601
-0.129878  0.1097561   -0.03414601
-0.129878  0.1707317   0.1487808
0.1140244  0.1707317   -0.03414601
0.2969512  -0.0121951   0.0268296
-0.2518293  -0.0121951   -0.03414601
-0.1908536  0.1097561   0.08780521
-0.1908536  0.1097561   -0.1560972
-0.06890243  0.1097561   -0.2170728
0.05304879  0.1097561   0.0268296
0.05304879  -0.1951219   0.1487808
-0.129878  -0.0121951   0.0268296
-0.129878  -0.07317071   -0.09512156
0.05304879  0.04878052   0.0268296
0.05304879  0.1097561   0.0268296
0.05304879  0.04878052   -0.03414601
-0.2518293  -0.07317071   0.0268296
-0.129878  -0.0121951   0.08780521
-0.06890243  0.1097561   0.1487808
-0.06890243  -0.07317071   -0.03414601
-0.007926822  -0.0121951   -0.09512156
-0.129878  0.04878052   -0.03414601
0.05304879  0.04878052   0.0268296
0.1140244  0.1097561   -0.1560972
-0.007926822  0.1097561   -0.09512156
0.1140244  -0.0121951   -0.03414601
-0.007926822  0.1707317   -0.09512156
-0.129878  -0.0121951   0.0268296
0.1140244  0.04878052   0.0268296
0.05304879  -0.07317071   0.08780521
0.1140244  -0.07317071   0.0268296
0.2359756  0.1707317   0.0268296
-0.1908536  0.1707317   0.08780521
0.1140244  0.04878052   -0.03414601
-0.129878  -0.07317071   0.0268296
0.1140244  -0.0121951   0.1487808
-0.1908536  -0.07317071   0.08780521
-0.06890243  0.1097561   -0.2780485
-0.129878  -0.0121951   0.0268296
0.1140244  -0.0121951   -0.1560972
-0.06890243  0.04878052   0.0268296
-0.129878  0.1707317   0.08780521
0.05304879  -0.07317071   -0.09512156
-0.007926822  -0.07317071   0.08780521
-0.007926822  0.04878052   -0.03414601
0.1140244  0.1097561   -0.03414601
-0.06890243  -0.3170732   0.08780521
0.175  -0.0121951   -0.03414601
-0.06890243  -0.0121951   0.0268296
-0.06890243  -0.1341463   0.08780521
-0.06890243  0.1097561   -0.09512156
-0.129878  -0.1341463   0.0268296
0.1140244  -0.1341463   0.0268296
0.05304879  0.04878052   -0.1560972
0.05304879  0.1097561   0.0268296
-0.007926822  -0.1341463   0.08780521
0.05304879  -0.1341463   0.0268296
-0.129878  0.2926829   -0.09512156
-0.007926822  -0.0121951   0.1487808
-0.129878  -0.07317071   0.08780521
0.2359756  0.1097561   -0.03414601
-0.129878  -0.1341463   -0.03414601
-0.007926822  -0.07317071   0.08780521
-0.1908536  0.2317073   0.270732
0.05304879  -0.07317071   -0.03414601
0.05304879  -0.1951219   -0.03414601
-0.06890243  0.1097561   0.0268296
-0.2518293  0.2317073   -0.1560972
-0.129878  -0.0121951   -0.2170728
0.1140244  0.1707317   0.0268296
-0.3128048  0.04878052   0.0268296
-0.06890243  -0.0121951   0.0268296
-0.007926822  -0.1341463   -0.03414601
-0.007926822  -0.1341463   -0.03414601
-0.06890243  0.04878052   0.0268296
-0.129878  0.1097561   0.0268296
0.05304879  -0.07317071   -0.03414601
-0.007926822  -0.07317071   -0.03414601
-0.129878  -0.0121951   0.08780521
-0.1908536  0.3536586   0.0268296
-0.1908536  -0.07317071   -0.1560972
-0.007926822  0.2317073   0.08780521
0.05304879  -0.0121951   -0.1560972
-0.007926822  0.2926829   -0.1560972
0.05304879  -0.0121951   -0.03414601
0.2359756  0.2317073   -0.09512156
-0.1908536  -0.07317071   -0.09512156
-0.2518293  -0.1951219   -0.03414601
0.05304879  -0.0121951   -0.09512156
-0.007926822  -0.0121951   -0.03414601
-0.129878  -0.07317071   0.0268296
0.175  -0.0121951   0.08780521
-0.007926822  -0.1341463   0.1487808
0.175  0.04878052   -0.03414601
0.175  0.04878052   0.0268296
-0.1908536  0.04878052   -0.1560972
-0.007926822  0.04878052   -0.03414601
-0.007926822  -0.1951219   -0.09512156
0.05304879  0.1097561   -0.03414601
-0.007926822  -0.2560976   0.0268296
-0.06890243  -0.07317071   -0.09512156
0.05304879  0.04878052   -0.03414601
0.05304879  0.3536586   -0.1560972
0.05304879  0.1707317   -0.09512156
-0.129878  -0.07317071   0.1487808
0.05304879  -0.0121951   -0.09512156
-0.129878  -0.07317071   0.0268296
-0.129878  0.1097561   0.0268296
-0.007926822  -0.07317071   0.0268296
-0.06890243  0.1097561   0.2097564
-0.007926822  0.04878052   -0.09512156
-0.1908536  0.04878052   -0.09512156
0.05304879  -0.0121951   0.08780521
0.05304879  0.04878052   -0.09512156
-0.007926822  -0.0121951   0.0268296
-0.06890243  -0.0121951   -0.03414601
-0.1908536  -0.07317071   -0.03414601
0.1140244  -0.0121951   -0.09512156
-0.06890243  -0.0121951   0.0268296
0.1140244  -0.07317071   0.0268296
-0.129878  0.04878052   0.0268296
-0.007926822  -0.0121951   0.0268296
0.175  -0.07317071   0.08780521
-0.129878  -0.07317071   0.08780521
-0.06890243  -0.0121951   -0.09512156
-0.1908536  0.1707317   -0.03414601
-0.129878  0.1707317   -0.03414601
-0.3128048  -0.1341463   0.0268296
-0.1908536  0.04878052   0.2097564
-0.007926822  0.04878052   -0.09512156
0.05304879  -0.0121951   0.08780521
-0.06890243  0.1097561   -0.03414601
-0.129878  0.04878052   -0.03414601
0.2359756  -0.0121951   -0.03414601
-0.007926822  -0.0121951   -0.03414601
-0.1908536  -0.07317071   -0.1560972
-0.007926822  -0.07317071   0.0268296
-0.007926822  0.1707317   -0.03414601
-0.129878  -0.07317071   -0.1560972
-0.129878  0.04878052   0.08780521
-0.129878  -0.0121951   -0.09512156
-0.06890243  0.1097561   -0.03414601
0.05304879  0.1097561   0.0268296
0.05304879  -0.07317071   0.0268296
-0.007926822  0.1707317   -0.1560972
-0.06890243  -0.1951219   0.0268296
-0.1908536  -0.07317071   -0.1560972
-0.06890243  0.04878052   -0.1560972
-0.007926822  0.04878052   0.0268296
-0.1908536  0.1097561   0.0268296
0.05304879  -0.07317071   -0.03414601
-0.06890243  0.1707317   0.0268296
-0.129878  -0.1341463   -0.1560972
-0.06890243  -0.0121951   0.08780521
0.05304879  -0.0121951   0.1487808
-0.129878  -0.0121951   0.0268296
0.05304879  0.1097561   -0.03414601
0.05304879  -0.1341463   0.1487808
0.175  -0.0121951   -0.03414601
0.1140244  0.04878052   -0.1560972
-0.06890243  -0.0121951   0.0268296
0.1140244  0.1097561   0.08780521
0.05304879  0.1097561   0.0268296
-0.129878  -0.0121951   -0.2170728
-0.1908536  -0.07317071   -0.03414601
-0.007926822  0.1097561   0.08780521
0.05304879  0.1097561   0.08780521
-0.129878  -0.0121951   -0.09512156
-0.007926822  0.1097561   0.0268296
-0.129878  0.04878052   0.1487808
-0.1908536  0.1097561   0.08780521
-0.129878  0.04878052   -0.09512156
-0.129878  0.04878052   0.0268296
-0.007926822  0.1707317   0.08780521
0.175  -0.0121951   -0.09512156
-0.2518293  -0.0121951   -0.09512156
-0.1908536  -0.0121951   -0.03414601
0.2359756  -0.07317071   0.08780521
0.175  -0.0121951   -0.03414601
-0.007926822  0.04878052   -0.03414601
-0.1908536  -0.07317071   -0.09512156
0.05304879  -0.0121951   0.1487808
-0.06890243  0.04878052   -0.03414601
-0.06890243  -0.1341463   0.0268296
-0.129878  -0.1341463   0.0268296
0.1140244  -0.07317071   0.0268296
-0.2518293  -0.1341463   0.0268296
-0.129878  -0.07317071   -0.03414601
0.175  -0.1341463   0.0268296
0.05304879  -0.0121951   0.08780521
0.05304879  0.1707317   -0.03414601
0.1140244  -0.0121951   0.1487808
-0.06890243  -0.0121951   0.0268296
-0.007926822  -0.1341463   0.0268296
-0.06890243  0.04878052   0.08780521
0.1140244  0.04878052   -0.09512156
-0.1908536  0.1707317   0.0268296
-0.06890243  0.04878052   -0.09512156
-0.06890243  0.1097561   0.0268296
0.2359756  -0.07317071   0.0268296
-0.1908536  -0.07317071   0.1487808
-0.129878  0.04878052   -0.03414601
-0.007926822  -0.07317071   0.08780521
0.2359756  -0.1341463   -0.03414601
-0.129878  -0.0121951   0.08780521
-0.2518293  0.04878052   0.08780521
-0.007926822  0.1097561   -0.03414601
-0.1908536  -0.0121951   -0.09512156
-0.06890243  0.04878052   -0.1560972
0.1140244  -0.07317071   0.0268296
-0.129878  -0.0121951   -0.03414601
-0.1908536  -0.07317071   -0.1560972
-0.06890243  -0.0121951   -0.03414601
-0.06890243  0.1097561   0.0268296
0.05304879  0.1097561   -0.03414601
-0.06890243  -0.07317071   -0.03414601
-0.06890243  0.04878052   -0.03414601
-0.007926822  0.1097561   0.08780521
0.1140244  -0.07317071   0.0268296
0.05304879  0.1707317   -0.09512156
-0.007926822  -0.2560976   0.2097564
-0.007926822  -0.0121951   -0.09512156
-0.06890243  -0.07317071   -0.1560972
-0.007926822  -0.07317071   0.08780521
-0.06890243  0.04878052   -0.03414601
-0.007926822  0.1097561   -0.03414601
-0.007926822  -0.07317071   -0.09512156
-0.007926822  0.1097561   0.0268296
-0.007926822  0.1097561   -0.09512156
-0.06890243  -0.0121951   -0.09512156
-0.2518293  -0.0121951   0.1487808
-0.06890243  0.1097561   -0.09512156
-0.4957317  -0.0121951   -0.03414601
-0.06890243  -0.07317071   -0.09512156
0.175  -0.07317071   -0.03414601
0.05304879  -0.0121951   -0.03414601
-0.129878  0.04878052   -0.1560972
0.05304879  0.04878052   -0.1560972
-0.007926822  -0.0121951   0.08780521
-0.129878  -0.07317071   -0.09512156
-0.007926822  0.1097561   -0.2170728
-0.007926822  0.1097561   0.1487808
0.1140244  0.04878052   -0.2170728
0.175  -0.1341463   0.0268296
0.05304879  0.04878052   -0.03414601
-0.1908536  -0.0121951   0.08780521
0.1140244  -0.0121951   -0.03414601
-0.1908536  0.1097561   -0.09512156
-0.06890243  0.1097561   -0.03414601
-0.007926822  -0.07317071   0.0268296
0.1140244  -0.07317071   -0.03414601
0.1140244  -0.0121951   -0.03414601
-0.129878  -0.0121951   -0.09512156
-0.2518293  0.04878052   -0.03414601
0.05304879  -0.1951219   0.0268296
-0.06890243  0.04878052   -0.09512156
-0.06890243  -0.0121951   0.1487808
-0.2518293  -0.0121951   -0.09512156
0.05304879  -0.0121951   0.0268296
0.3579268  0.1097561   -0.09512156
-0.3128048  -0.0121951   0.08780521
-0.3128048  0.04878052   0.0268296
0.05304879  -0.1341463   -0.09512156
-0.06890243  -0.1951219   0.1487808
-0.1908536  0.1097561   0.0268296
-0.2518293  0.2317073   0.08780521
0.05304879  -0.1341463   -0.1560972
0.05304879  0.04878052   -0.03414601
0.175  0.04878052   -0.03414601
-0.3128048  0.04878052   0.2097564
-0.129878  0.04878052   -0.03414601
-0.007926822  -0.1341463   -0.03414601
-0.06890243  -0.0121951   0.08780521
-0.2518293  0.1707317   0.08780521
-0.007926822  -0.07317071   -0.09512156
0.1140244  -0.0121951   -0.03414601
-0.129878  0.04878052   0.08780521
-0.1908536  -0.07317071   0.0268296
-0.007926822  0.04878052   -0.03414601
-0.129878  -0.0121951   -0.03414601
0.1140244  0.04878052   0.2097564
-0.129878  0.1707317   -0.03414601
-0.1908536  0.04878052   -0.03414601
0.2359756  0.1097561   -0.09512156
0.05304879  -0.0121951   -0.09512156
-0.2518293  0.2317073   -0.09512156
-0.129878  -0.1341463   0.0268296
0.05304879  -0.07317071   -0.03414601
-0.1908536  0.04878052   0.0268296
-0.3737805  -0.0121951   -0.03414601
-0.007926822  -0.0121951   -0.03414601
0.1140244  0.2317073   -0.03414601
-0.007926822  -0.0121951   -0.03414601
-0.2518293  0.1097561   -0.03414601
-0.06890243  0.1707317   0.08780521
-0.1908536  -0.07317071   -0.09512156
-0.007926822  -0.0121951   -0.09512156
-0.129878  0.04878052   -0.03414601
-0.007926822  -0.0121951   0.0268296
0.175  -0.0121951   -0.1560972
-0.3128048  0.04878052   0.0268296
-0.1908536  0.2317073   -0.03414601
-0.2518293  -0.1341463   -0.09512156
0.05304879  0.1097561   0.0268296
0.05304879  -0.0121951   0.0268296
-0.129878  0.1097561   -0.03414601
-0.06890243  -0.0121951   0.0268296
-0.06890243  0.04878052   0.0268296
0.2359756  0.1097561   -0.1560972
0.1140244  -0.07317071   -0.09512156
-0.007926822  0.1097561   0.0268296
0.175  0.04878052   -0.09512156
-0.06890243  0.1097561   -0.1560972
-0.007926822  -0.0121951   -0.03414601
-0.007926822  0.1097561   0.1487808
-0.007926822  -0.1341463   0.0268296
0.05304879  -0.1341463   -0.09512156
-0.1908536  -0.07317071   0.0268296
-0.007926822  -0.0121951   -0.09512156
0.1140244  0.2317073   0.0268296
-0.007926822  0.04878052   0.0268296
-0.129878  0.1707317   -0.03414601
-0.129878  -0.1341463   -0.03414601
0.2359756  0.04878052   -0.2170728
-0.007926822  -0.0121951   0.08780521
-0.129878  0.1707317   0.0268296
0.05304879  -0.1951219   0.0268296
-0.007926822  -0.0121951   0.1487808
0.2359756  -0.0121951   -0.2170728
-0.1908536  0.04878052   0.08780521
-0.129878  -0.1341463   -0.03414601
-0.007926822  -0.1951219   0.0268296
-0.007926822  0.1097561   0.08780521
-0.1908536  0.04878052   0.0268296
-0.129878  -0.07317071   -0.09512156
-0.06890243  0.2926829   -0.09512156
0.05304879  0.1097561   -0.03414601
-0.06890243  -0.0121951   -0.09512156
-0.06890243  -0.0121951   -0.03414601
-0.06890243  -0.0121951   0.0268296
0.1140244  0.1097561   0.0268296
0.1140244  -0.07317071   0.0268296
-0.06890243  -0.1341463   0.0268296
0.175  -0.1951219   -0.09512156
-0.007926822  -0.07317071   -0.03414601
-0.06890243  -0.1341463   -0.03414601
-0.2518293  -0.07317071   0.08780521
-0.007926822  0.04878052   0.0268296
-0.129878  0.1707317   0.08780521
0.05304879  -0.0121951   0.0268296
-0.129878  0.04878052   -0.03414601
-0.06890243  0.1097561   -0.09512156
0.05304879  0.04878052   -0.1560972
0.05304879  -0.2560976   -0.03414601
-0.007926822  0.04878052   0.08780521
-0.129878  -0.0121951   0.08780521
-0.007926822  -0.0121951   0.0268296
-0.06890243  0.04878052   0.0268296
-0.129878  -0.1341463   0.0268296
-0.007926822  -0.0121951   0.08780521
-0.1908536  0.1097561   -0.09512156
-0.007926822  -0.1341463   0.08780521
-0.1908536  -0.0121951   -0.09512156
0.05304879  0.04878052   0.1487808
-0.129878  0.04878052   0.0268296
-0.007926822  -0.2560976   0.0268296
-0.06890243  -0.07317071   -0.03414601
-0.06890243  0.1707317   -0.2780485
0.1140244  -0.0121951   -0.1560972
0.1140244  0.04878052   -0.09512156
0.1140244  -0.0121951   -0.09512156
-0.2518293  0.2926829   0.08780521
-0.129878  -0.1341463   0.0268296
0.1140244  -0.07317071   -0.09512156
0.1140244  0.04878052   -0.2780485
-0.06890243  -0.07317071   0.08780521
0.05304879  -0.0121951   0.0268296
-0.1908536  0.04878052   -0.09512156
0.1140244  -0.0121951   0.08780521
-0.06890243  0.04878052   -0.03414601
-0.2518293  0.1707317   -0.03414601
-0.129878  -0.0121951   -0.1560972
0.1140244  -0.07317071   0.08780521
-0.06890243  0.2317073   0.0268296
-0.06890243  -0.0121951   0.0268296
-0.129878  0.1097561   0.1487808
-0.06890243  -0.07317071   -0.09512156
-0.2518293  -0.0121951   -0.09512156
0.05304879  0.04878052   0.08780521
-0.007926822  0.2317073   -0.03414601
0.175  0.04878052   0.08780521
-0.06890243  0.04878052   -0.03414601
0.1140244  -0.0121951   0.08780521
-0.007926822  0.1707317   0.1487808
-0.007926822  -0.07317071   -0.09512156
-0.007926822  -0.0121951   -0.2170728
0.05304879  -0.0121951   0.08780521
0.05304879  -0.1341463   -0.03414601
-0.007926822  -0.0121951   -0.09512156
-0.007926822  -0.1341463   0.08780521
-0.1908536  -0.07317071   0.08780521
-0.06890243  -0.07317071   -0.09512156
0.175  -0.1341463   -0.09512156
-0.129878  -0.0121951   0.0268296
-0.06890243  -0.1341463   0.0268296
0.1140244  -0.07317071   0.0268296
0.05304879  -0.0121951   -0.09512156
-0.007926822  -0.07317071   -0.03414601
0.1140244  0.1707317   -0.1560972
-0.007926822  0.04878052   -0.03414601
-0.06890243  0.04878052   -0.03414601
0.2359756  -0.07317071   -0.1560972
-0.06890243  -0.0121951   0.1487808
-0.007926822  -0.1951219   -0.2170728
0.175  0.04878052   0.1487808
-0.06890243  0.1707317   0.0268296
-0.06890243  -0.0121951   0.1487808
-0.129878  -0.0121951   -0.03414601
-0.06890243  -0.0121951   -0.1560972
-0.1908536  0.1097561   -0.09512156
-0.1908536  0.1707317   -0.03414601
0.05304879  -0.07317071   -0.03414601
-0.1908536  -0.0121951   -0.03414601
0.2359756  -0.0121951   -0.03414601
-0.007926822  0.04878052   -0.03414601
-0.007926822  0.04878052   0.1487808
-0.06890243  0.1707317   -0.03414601
-0.007926822  -0.1341463   0.08780521
-0.2518293  -0.1951219   -0.1560972
-0.129878  -0.0121951   0.1487808
0.05304879  0.1097561   -0.09512156
-0.007926822  -0.0121951   -0.2170728
-0.3737805  -0.07317071   -0.03414601
0.1140244  -0.0121951   -0.2170728
0.05304879  0.1097561   0.08780521
0.05304879  -0.0121951   -0.09512156
0.05304879  -0.1341463   -0.09512156
-0.06890243  0.04878052   0.0268296
-0.434756  0.1097561   -0.09512156
-0.2518293  -0.07317071   0.0268296
-0.06890243  -0.0121951   -0.03414601
-0.129878  0.04878052   0.0268296
-0.06890243  -0.07317071   0.08780521
-0.129878  0.04878052   -0.09512156
0.1140244  0.1097561   0.0268296
-0.06890243  0.2926829   0.0268296
-0.129878  0.1097561   -0.03414601
0.05304879  -0.0121951   -0.09512156
-0.007926822  0.2317073   -0.1560972
-0.3128048  -0.07317071   0.0268296
0.05304879  0.04878052   0.2097564
-0.06890243  0.2926829   0.08780521
-0.007926822  -0.1341463   0.1487808
-0.06890243  0.04878052   -0.09512156
0.05304879  0.04878052   0.0268296
-0.129878  -0.07317071   0.08780521
-0.007926822  0.04878052   0.08780521
-0.007926822  -0.0121951   -0.03414601
-0.06890243  -0.0121951   0.0268296
