-8.39225  -38.51305   10.4059
-9.326722  -39.43006   13.4515
-8.080761  -38.20738   12.0979
-8.080761  -38.81872   11.4211
-7.769272  -39.12439   13.1131
-7.457778  -38.20738   12.7747
-7.769272  -38.51305   12.4363
-9.638211  -37.90171   11.7595
-8.39225  -37.90171   12.4363
-7.457778  -39.43006   12.7747
-9.015228  -38.51305   9.052301
-7.769272  -37.90171   9.729102
-11.19566  -37.59604   9.3907
-8.080761  -36.9847   11.4211
-8.39225  -38.51305   11.0827
-9.326722  -38.20738   10.7443
-9.638211  -39.12439   12.4363
-8.39225  -38.51305   11.7595
-8.080761  -36.9847   12.0979
-8.080761  -36.9847   11.4211
-9.015228  -36.67903   7.6987
-9.326722  -37.59604   11.4211
-7.769272  -38.51305   10.4059
-9.9497  -38.81872   9.3907
-9.638211  -37.90171   9.052301
-10.57268  -38.81872   10.7443
-8.080761  -38.20738   10.0675
-9.015228  -37.90171   8.375501
-9.015228  -38.51305   11.0827
-9.638211  -36.67903   10.4059
-9.015228  -37.90171   10.4059
-9.638211  -37.29037   11.7595
-8.080761  -37.59604   9.3907
-9.326722  -36.9847   10.7443
-8.39225  -38.51305   11.7595
-10.26119  -37.29037   10.4059
-8.39225  -39.12439   9.729102
-10.26119  -39.12439   11.7595
-9.326722  -38.20738   10.0675
-8.39225  -35.45635   9.729102
-10.88417  -36.67903   9.052301
-9.326722  -38.81872   10.0675
-9.9497  -37.59604   10.0675
-7.769272  -37.29037   9.052301
-8.080761  -37.59604   8.7139
-8.39225  -36.67903   9.052301
-8.39225  -38.51305   10.4059
-8.39225  -38.51305   10.4059
-8.080761  -38.81872   8.7139
-10.57268  -36.9847   10.0675
-8.39225  -37.90171   11.7595
-9.326722  -36.37336   10.7443
-8.703739  -38.81872   10.0675
-9.015228  -37.90171   9.729102
-8.080761  -37.59604   10.0675
-9.015228  -39.12439   11.0827
-8.703739  -38.20738   10.0675
-8.39225  -38.51305   10.4059
-9.9497  -38.20738   10.7443
-8.080761  -38.81872   10.0675
-9.015228  -38.51305   11.0827
-8.703739  -36.37336   9.3907
-9.326722  -37.59604   9.3907
-9.015228  -36.67903   8.375501
-8.703739  -36.9847   10.0675
-6.8348  -37.59604   10.7443
-9.015228  -38.51305   12.4363
-9.9497  -38.20738   9.3907
-10.26119  -39.12439   11.0827
-8.080761  -36.9847   11.4211
-9.638211  -36.06769   9.052301
-9.326722  -36.9847   9.3907
-9.9497  -38.81872   10.7443
-10.57268  -36.9847   9.3907
-8.703739  -37.59604   11.4211
-9.326722  -38.81872   10.0675
-9.638211  -35.45635   10.4059
-9.326722  -37.59604   10.0675
-9.638211  -37.29037   10.4059
-9.9497  -35.76202   11.4211
-8.703739  -38.20738   10.7443
-9.9497  -39.43006   10.7443
-7.769272  -39.12439   9.729102
-8.703739  -39.43006   10.0675
-7.769272  -37.29037   10.4059
-8.080761  -36.9847   11.4211
-7.146289  -37.29037   10.4059
-9.015228  -37.29037   10.4059
-10.26119  -37.90171   8.375501
-8.080761  -37.59604   10.0675
-10.26119  -36.67903   9.052301
-9.326722  -36.9847   10.7443
-10.57268  -35.15068   10.0675
-8.703739  -38.20738   10.7443
-8.703739  -36.37336   10.7443
-8.080761  -36.9847   10.7443
-9.9497  -38.20738   11.4211
-9.326722  -38.20738   8.7139
-8.39225  -37.90171   11.0827
-7.457778  -38.20738   12.0979
-11.19566  -37.59604   8.037102
-7.457778  -37.59604   10.0675
-9.326722  -37.59604   10.7443
-10.26119  -36.67903   10.4059
-8.703739  -36.9847   10.7443
-7.769272  -36.67903   11.7595
-7.769272  -38.51305   11.0827
-9.326722  -36.37336   9.3907
-6.8348  -37.59604   10.7443
-8.703739  -38.81872   10.0675
-8.39225  -36.06769   10.4059
-8.703739  -38.20738   9.3907
-9.015228  -36.67903   10.4059
-10.26119  -36.67903   9.729102
-8.080761  -36.37336   10.0675
-9.015228  -38.51305   9.729102
-8.080761  -36.9847   10.0675
-9.9497  -37.59604   9.3907
-8.39225  -37.29037   11.7595
-8.080761  -38.20738   8.7139
-6.8348  -36.9847   10.0675
-8.39225  -36.67903   9.729102
-8.703739  -36.9847   9.3907
-7.769272  -37.90171   11.0827
-9.015228  -37.29037   9.729102
-7.457778  -36.37336   10.0675
-8.080761  -36.37336   10.0675
-9.9497  -36.9847   11.4211
-9.9497  -37.59604   12.7747
-9.326722  -37.59604   10.0675
-8.080761  -37.59604   12.0979
-8.703739  -38.20738   12.0979
-8.703739  -37.59604   9.3907
-8.703739  -36.9847   10.7443
-8.703739  -38.20738   11.4211
-8.39225  -37.29037   11.7595
-7.457778  -37.59604   11.4211
-8.703739  -38.20738   10.0675
-8.39225  -36.67903   10.4059
-8.39225  -36.67903   11.7595
-9.9497  -37.59604   10.7443
-9.326722  -38.20738   10.0675
-6.523311  -36.67903   11.0827
-7.457778  -38.20738   10.0675
-8.703739  -36.9847   9.3907
-8.703739  -37.59604   11.4211
-7.769272  -38.51305   10.4059
-9.638211  -38.51305   10.4059
-9.326722  -38.81872   14.8051
-9.015228  -39.12439   9.729102
-10.88417  -36.06769   11.0827
-9.638211  -37.29037   10.4059
-8.080761  -37.59604   10.7443
-9.015228  -36.67903   9.729102
-9.015228  -37.90171   9.729102
-8.39225  -39.12439   9.729102
-9.326722  -38.81872   8.037102
-9.015228  -37.90171   10.4059
-8.39225  -37.90171   10.4059
-7.769272  -37.90171   11.0827
-8.703739  -36.9847   8.7139
-9.9497  -36.9847   10.0675
-9.326722  -37.59604   10.0675
-10.26119  -37.29037   9.729102
-10.26119  -37.90171   11.0827
-9.015228  -38.51305   9.729102
-9.326722  -36.37336   12.0979
-9.326722  -38.20738   10.0675
-11.19566  -37.59604   8.7139
-7.769272  -38.51305   10.4059
-8.080761  -36.9847   8.7139
-8.39225  -36.67903   9.052301
-9.326722  -36.37336   10.7443
-9.638211  -36.67903   11.0827
-10.26119  -37.29037   13.1131
-9.015228  -36.06769   9.729102
-9.015228  -37.29037   10.4059
-6.8348  -36.9847   8.7139
-7.146289  -37.29037   11.0827
-9.638211  -37.90171   10.4059
-9.326722  -36.37336   11.4211
-8.703739  -37.59604   11.4211
-8.703739  -36.9847   10.0675
-8.39225  -38.51305   10.4059
-6.8348  -36.9847   9.3907
-9.326722  -38.81872   10.0675
-9.326722  -36.9847   8.7139
-9.638211  -37.90171   9.729102
-9.638211  -37.29037   9.729102
-9.326722  -36.9847   10.0675
-9.9497  -36.37336   12.0979
-9.9497  -37.59604   10.7443
-8.703739  -36.9847   8.7139
-9.638211  -37.90171   10.4059
-9.638211  -39.73573   9.729102
-8.39225  -37.29037   11.7595
-7.146289  -38.51305   11.0827
-8.39225  -36.67903   11.7595
-9.015228  -37.90171   11.0827
-8.39225  -36.67903   10.4059
-6.8348  -38.20738   7.360301
-9.326722  -36.37336   11.4211
-8.39225  -37.90171   11.7595
-9.015228  -37.90171   11.7595
-9.326722  -36.9847   8.7139
-10.26119  -36.67903   10.4059
-9.638211  -36.67903   8.375501
-9.015228  -37.90171   9.729102
-8.080761  -36.37336   10.7443
-9.326722  -38.20738   10.0675
-10.26119  -36.67903   10.4059
-9.326722  -36.9847   11.4211
-8.39225  -38.51305   11.7595
-8.703739  -36.37336   10.0675
-10.26119  -37.90171   11.0827
-9.638211  -38.51305   9.729102
-9.326722  -38.81872   9.3907
-8.39225  -37.29037   11.0827
-7.769272  -36.67903   11.0827
-8.080761  -38.81872   10.0675
-7.769272  -38.51305   8.375501
-7.457778  -36.9847   10.7443
-9.015228  -37.29037   11.0827
-8.39225  -38.51305   10.4059
-8.39225  -37.90171   9.729102
-9.326722  -36.9847   10.7443
-10.88417  -36.67903   10.4059
-10.26119  -36.67903   9.729102
-9.9497  -38.20738   10.7443
-7.769272  -37.29037   10.4059
-8.080761  -37.59604   10.7443
-8.703739  -36.9847   9.3907
-9.326722  -36.9847   10.0675
-8.080761  -36.37336   11.4211
-9.015228  -37.29037   11.0827
-9.638211  -36.06769   11.7595
-9.638211  -37.90171   11.0827
-9.638211  -36.06769   11.7595
-9.015228  -37.90171   10.4059
-8.080761  -36.9847   10.7443
-8.39225  -36.06769   10.4059
-9.638211  -38.51305   9.729102
-9.015228  -35.45635   11.7595
-8.39225  -36.67903   9.729102
-9.9497  -37.59604   11.4211
-9.9497  -36.9847   9.3907
-9.326722  -38.20738   10.0675
-8.080761  -36.37336   10.7443
-9.326722  -39.43006   10.0675
-8.39225  -37.90171   11.0827
-9.015228  -37.90171   9.052301
-8.703739  -36.9847   8.7139
-8.080761  -37.59604   11.4211
-7.146289  -36.67903   9.729102
-6.8348  -37.59604   10.0675
-9.638211  -36.06769   11.0827
-8.703739  -38.20738   10.7443
-8.080761  -36.37336   11.4211
-9.015228  -36.67903   11.7595
-8.703739  -38.20738   10.7443
-6.211822  -37.59604   10.7443
-9.326722  -36.37336   11.4211
-8.703739  -37.59604   10.0675
-9.326722  -38.81872   9.3907
-9.9497  -38.81872   9.3907
-9.9497  -37.59604   9.3907
-9.015228  -37.29037   10.4059
-7.769272  -36.67903   10.4059
-7.457778  -38.81872   11.4211
-8.39225  -38.51305   12.4363
-7.457778  -38.81872   10.7443
-8.39225  -36.06769   9.729102
-9.638211  -37.29037   11.7595
-8.39225  -36.06769   11.0827
-8.703739  -37.59604   11.4211
-9.326722  -38.20738   10.0675
-9.015228  -35.45635   10.4059
-7.769272  -37.29037   12.4363
-10.26119  -37.90171   9.729102
-9.015228  -37.90171   10.4059
-9.9497  -37.59604   10.7443
-10.57268  -36.37336   10.0675
-7.769272  -37.90171   10.4059
-9.9497  -36.37336   10.7443
-9.9497  -38.20738   9.3907
-10.88417  -37.29037   11.7595
-7.457778  -37.59604   10.7443
-8.080761  -36.37336   13.4515
-7.769272  -38.51305   11.7595
-8.080761  -38.81872   10.7443
-8.703739  -38.20738   10.7443
-7.769272  -36.67903   11.7595
-8.703739  -38.81872   8.7139
-9.015228  -36.67903   10.4059
-8.080761  -37.59604   9.3907
-7.457778  -38.20738   10.7443
-8.703739  -38.20738   10.0675
-8.080761  -36.9847   8.037102
-9.326722  -37.59604   9.3907
-9.638211  -36.67903   10.4059
-7.457778  -37.59604   10.7443
-8.703739  -36.9847   11.4211
-9.638211  -36.67903   10.4059
-9.326722  -38.81872   10.0675
-9.015228  -36.67903   9.052301
-9.9497  -36.37336   11.4211
-6.8348  -37.59604   10.7443
-9.9497  -37.59604   9.3907
-8.703739  -36.9847   12.0979
-8.703739  -37.59604   10.0675
-9.326722  -36.9847   12.0979
-8.39225  -37.29037   9.729102
-9.015228  -37.29037   10.4059
-9.638211  -37.90171   9.729102
-8.39225  -36.67903   11.0827
-8.39225  -36.67903   9.052301
-10.57268  -36.37336   10.7443
-9.015228  -38.51305   11.0827
-9.638211  -37.90171   10.4059
-8.080761  -36.9847   10.0675
-9.326722  -36.37336   8.7139
-9.9497  -36.9847   12.0979
-9.326722  -37.59604   10.7443
-8.703739  -36.9847   11.4211
-8.080761  -40.0414   10.0675
-7.146289  -37.90171   9.729102
-8.703739  -37.59604   10.7443
-10.26119  -38.51305   11.7595
-9.638211  -37.29037   11.0827
-9.638211  -37.90171   11.7595
-9.326722  -36.9847   10.0675
-9.9497  -37.59604   10.7443
-9.9497  -36.9847   9.3907
-8.080761  -36.9847   8.037102
-8.703739  -36.37336   11.4211
-9.015228  -37.90171   10.4059
-10.26119  -39.12439   11.7595
-9.326722  -37.59604   10.0675
-8.39225  -37.29037   11.0827
-10.57268  -38.20738   10.0675
-8.703739  -38.81872   10.7443
-8.080761  -36.37336   9.3907
-9.326722  -36.37336   10.0675
-10.26119  -37.90171   9.729102
-9.638211  -36.67903   12.4363
-9.638211  -37.90171   10.4059
-10.26119  -37.90171   9.729102
-7.769272  -38.51305   11.7595
-9.326722  -38.20738   11.4211
-9.326722  -36.9847   10.0675
-7.769272  -37.29037   9.729102
-7.146289  -37.90171   8.375501
-9.015228  -37.29037   11.0827
-8.080761  -36.9847   9.3907
-8.703739  -37.59604   10.7443
-9.638211  -36.06769   9.729102
-9.326722  -38.20738   10.0675
-8.39225  -37.90171   9.729102
-9.015228  -36.67903   9.052301
-8.703739  -36.37336   12.0979
-9.638211  -37.29037   9.729102
-9.9497  -35.76202   8.7139
-7.457778  -38.20738   10.7443
-9.9497  -37.59604   10.0675
-8.703739  -37.59604   10.0675
-9.326722  -36.9847   10.0675
-7.146289  -36.67903   9.052301
-10.26119  -37.90171   10.4059
-7.769272  -37.90171   10.4059
-10.26119  -37.90171   9.729102
-9.326722  -37.59604   10.0675
-9.326722  -36.9847   10.0675
-9.015228  -37.29037   10.4059
-9.015228  -36.67903   11.7595
-9.9497  -36.37336   9.3907
-9.015228  -37.29037   10.4059
-9.015228  -38.51305   11.0827
-8.080761  -37.59604   11.4211
-9.326722  -39.43006   10.7443
-7.769272  -38.51305   11.7595
-8.080761  -36.9847   8.7139
-9.015228  -36.67903   11.0827
-8.703739  -38.20738   10.7443
-8.39225  -37.90171   12.4363
-8.703739  -37.59604   10.0675
-7.769272  -39.12439   9.729102
-9.638211  -38.51305   9.729102
-8.39225  -38.51305   7.6987
-8.39225  -39.12439   9.052301
-7.769272  -37.29037   9.729102
-8.39225  -37.29037   11.0827
-9.9497  -38.20738   10.7443
-9.9497  -36.37336   12.0979
-9.638211  -36.67903   11.7595
-8.703739  -37.59604   10.0675
-9.015228  -35.45635   9.052301
-8.080761  -36.9847   10.7443
-9.9497  -38.20738   10.0675
-8.703739  -37.59604   10.0675
-9.638211  -37.90171   11.0827
-10.26119  -37.29037   11.0827
-9.326722  -38.20738   12.0979
-9.015228  -38.51305   9.729102
-9.015228  -36.67903   9.729102
-8.39225  -36.67903   8.375501
-8.703739  -36.9847   10.7443
-8.080761  -36.9847   12.0979
-9.638211  -36.06769   11.0827
-9.326722  -36.9847   11.4211
-9.015228  -36.06769   11.7595
-7.146289  -37.90171   10.4059
-9.015228  -37.90171   11.7595
-8.39225  -37.29037   11.0827
-8.703739  -38.81872   10.0675
-10.26119  -37.29037   9.729102
-9.015228  -36.06769   11.7595
-9.015228  -37.90171   9.729102
-8.703739  -36.9847   9.3907
-8.080761  -36.37336   11.4211
-9.015228  -39.12439   11.7595
-10.88417  -37.90171   9.729102
-9.326722  -38.20738   11.4211
-9.326722  -36.9847   8.7139
-8.39225  -37.29037   11.0827
-10.26119  -37.29037   9.729102
-8.39225  -37.29037   11.7595
-9.638211  -36.67903   10.4059
-10.57268  -36.9847   9.3907
-9.638211  -39.12439   11.0827
-9.9497  -38.81872   10.0675
-7.146289  -36.06769   11.0827
-10.26119  -36.06769   10.4059
-8.080761  -38.20738   9.3907
-8.39225  -36.06769   10.4059
-8.080761  -38.20738   10.7443
-8.703739  -38.20738   9.3907
-9.638211  -37.29037   9.729102
-9.638211  -37.29037   9.052301
-6.8348  -37.59604   10.0675
-9.015228  -36.06769   11.0827
-9.015228  -37.90171   9.729102
-10.26119  -37.90171   9.729102
-9.326722  -37.59604   9.3907
-9.015228  -37.90171   10.4059
-8.39225  -36.67903   10.4059
-9.015228  -37.90171   10.4059
-9.638211  -38.51305   9.052301
-8.39225  -38.51305   10.4059
-8.703739  -36.9847   11.4211
-9.015228  -36.67903   9.729102
-8.39225  -36.06769   10.4059
-9.015228  -37.90171   10.4059
-9.9497  -38.81872   9.3907
-9.326722  -37.59604   9.3907
-7.457778  -37.59604   10.7443
-9.638211  -36.67903   9.729102
-9.326722  -37.59604   11.4211
-9.326722  -36.37336   8.7139
-8.39225  -39.12439   11.0827
-9.326722  -36.9847   12.0979
-8.703739  -36.9847   10.7443
-9.015228  -37.90171   9.729102
-9.638211  -36.67903   11.0827
-7.769272  -38.51305   9.052301
-10.57268  -36.37336   11.4211
-9.638211  -37.90171   9.052301
-9.638211  -37.29037   10.4059
-7.457778  -36.9847   10.0675
-8.39225  -36.67903   9.729102
-9.015228  -37.90171   9.729102
-8.39225  -37.90171   9.052301
-9.326722  -38.81872   9.3907
-10.57268  -39.43006   10.7443
-9.9497  -37.59604   8.037102
-11.19566  -35.76202   9.3907
-9.638211  -36.67903   11.0827
-8.080761  -38.20738   11.4211
-9.638211  -36.67903   9.729102
-9.326722  -37.59604   10.7443
-7.769272  -37.90171   9.729102
-9.638211  -37.29037   9.729102
-9.9497  -37.59604   10.0675
-9.326722  -36.9847   8.7139
-8.703739  -38.20738   11.4211
-9.9497  -38.20738   10.0675
-9.015228  -37.29037   11.0827
-9.9497  -37.59604   10.0675
-9.326722  -38.20738   9.3907
-8.703739  -38.20738   10.7443
-9.326722  -37.59604   10.0675
-8.39225  -36.06769   10.4059
-9.015228  -37.90171   11.0827
-9.326722  -36.9847   11.4211
-9.326722  -38.20738   9.3907
-9.326722  -37.59604   10.0675
-8.703739  -36.9847   9.3907
-9.638211  -38.51305   9.729102
-9.326722  -38.20738   10.0675
-8.39225  -36.67903   10.4059
-9.9497  -37.59604   12.0979
-9.326722  -37.59604   11.4211
-10.26119  -36.67903   11.7595
-8.703739  -36.37336   10.7443
-8.39225  -36.67903   12.4363
-9.015228  -37.29037   10.4059
-10.26119  -37.29037   10.4059
-9.638211  -35.45635   9.729102
-9.015228  -36.67903   11.0827
-9.638211  -37.90171   9.729102
-9.326722  -38.20738   11.4211
-10.26119  -37.29037   11.7595
-10.26119  -37.90171   10.4059
-9.638211  -37.29037   9.729102
-9.9497  -36.9847   10.0675
-9.015228  -38.51305   9.052301
-9.638211  -38.51305   9.052301
-8.39225  -35.45635   11.0827
-9.326722  -38.20738   11.4211
-8.703739  -38.81872   10.7443
-9.015228  -38.51305   11.7595
-9.638211  -38.51305   9.052301
-9.9497  -38.20738   10.7443
-8.080761  -37.59604   11.4211
-9.9497  -36.37336   11.4211
-9.9497  -36.9847   8.7139
-9.015228  -38.51305   11.0827
-9.015228  -37.29037   10.4059
-9.326722  -36.9847   10.7443
-8.39225  -37.29037   10.4059
-8.39225  -37.90171   9.729102
-10.88417  -36.67903   11.0827
-8.39225  -39.12439   9.729102
-8.703739  -36.37336   10.7443
-8.703739  -37.59604   11.4211
-7.769272  -38.51305   11.0827
-8.703739  -38.20738   10.7443
-7.769272  -38.51305   9.729102
-10.26119  -37.29037   11.0827
-9.326722  -35.76202   10.7443
-9.326722  -39.43006   10.0675
-8.703739  -35.76202   9.3907
-9.326722  -36.37336   10.7443
-9.015228  -37.29037   9.729102
-8.39225  -38.51305   10.4059
-8.703739  -38.20738   8.7139
-10.88417  -37.90171   11.0827
-9.9497  -38.20738   11.4211
-9.638211  -36.67903   9.729102
-9.015228  -38.51305   11.0827
-9.638211  -37.90171   11.0827
-8.080761  -37.59604   10.0675
-8.703739  -38.20738   11.4211
-8.703739  -38.20738   10.0675
-8.080761  -38.81872   11.4211
-8.703739  -38.20738   9.3907
-8.080761  -36.37336   9.3907
-7.769272  -37.29037   9.729102
-8.39225  -36.67903   11.0827
-9.015228  -37.29037   11.0827
-10.26119  -36.67903   11.7595
-9.326722  -38.20738   10.0675
-9.9497  -35.76202   10.7443
-9.015228  -37.90171   9.729102
-9.326722  -37.59604   10.0675
-8.703739  -36.9847   10.7443
-8.703739  -37.59604   10.7443
-9.9497  -38.20738   10.0675
-7.146289  -39.12439   9.729102
-9.015228  -37.29037   11.0827
-8.080761  -36.37336   9.3907
-8.39225  -37.29037   11.0827
-9.015228  -38.51305   9.729102
-9.9497  -36.9847   11.4211
-8.703739  -38.20738   10.0675
-8.39225  -37.29037   9.729102
-9.015228  -38.51305   10.4059
-10.26119  -37.29037   10.4059
-10.57268  -36.37336   12.0979
-8.39225  -37.90171   11.7595
-8.703739  -38.81872   11.4211
-8.703739  -37.59604   10.0675
-8.39225  -38.51305   10.4059
-9.326722  -38.20738   10.0675
-8.703739  -37.59604   9.3907
-9.326722  -36.9847   10.0675
-9.326722  -38.20738   11.4211
-8.703739  -36.9847   10.0675
-9.9497  -38.81872   10.7443
-8.080761  -36.9847   12.0979
-8.39225  -37.90171   9.729102
-9.326722  -35.76202   11.4211
-9.326722  -36.9847   12.0979
-8.39225  -37.90171   10.4059
-12.13013  -37.29037   9.052301
-9.638211  -36.06769   10.4059
-9.015228  -36.06769   11.7595
-8.080761  -36.37336   11.4211
-9.638211  -37.29037   9.729102
-9.015228  -37.90171   11.0827
-7.769272  -38.51305   9.729102
-8.703739  -38.20738   8.7139
-10.26119  -37.90171   11.0827
-7.769272  -38.51305   11.7595
-9.9497  -35.15068   10.7443
-9.638211  -37.90171   10.4059
-8.703739  -37.59604   11.4211
-10.57268  -38.81872   10.7443
-10.57268  -38.81872   10.0675
-9.326722  -37.59604   11.4211
-9.015228  -37.90171   9.052301
-8.703739  -37.59604   12.0979
-9.015228  -38.51305   10.4059
-7.769272  -36.67903   10.4059
-8.703739  -37.59604   9.3907
-8.703739  -36.37336   9.3907
-8.39225  -37.29037   11.0827
-9.638211  -37.90171   10.4059
-9.326722  -38.20738   10.0675
-7.457778  -36.37336   10.7443
-7.769272  -37.29037   9.052301
-9.015228  -37.29037   10.4059
-7.769272  -37.90171   10.4059
-8.703739  -37.59604   9.3907
-8.703739  -38.20738   10.0675
-9.638211  -36.67903   9.729102
-9.326722  -37.59604   9.3907
-8.080761  -38.20738   9.3907
-10.26119  -38.51305   12.4363
-9.015228  -39.12439   11.7595
-9.326722  -37.59604   9.3907
-9.326722  -38.81872   9.3907
-8.080761  -36.37336   9.3907
-8.39225  -37.29037   13.1131
-9.326722  -36.37336   11.4211
-8.703739  -37.59604   10.7443
-8.703739  -36.37336   10.7443
-8.703739  -38.20738   9.3907
-9.015228  -37.90171   10.4059
-8.703739  -39.43006   13.4515
-10.26119  -39.12439   11.0827
-10.57268  -39.43006   8.037102
-8.39225  -35.45635   9.729102
-10.26119  -37.29037   11.0827
-10.26119  -37.90171   9.052301
-8.39225  -36.06769   9.729102
-8.39225  -36.06769   11.0827
-9.326722  -37.59604   10.0675
-9.638211  -38.51305   10.4059
-9.638211  -37.90171   11.7595
-9.9497  -36.37336   9.3907
-8.703739  -36.9847   10.0675
-9.015228  -37.29037   11.0827
-8.703739  -37.59604   11.4211
-9.015228  -36.67903   11.0827
-6.8348  -37.59604   9.3907
-7.769272  -37.90171   11.0827
-6.8348  -36.9847   10.7443
-8.39225  -37.90171   9.729102
-9.326722  -38.20738   9.3907
-9.015228  -37.29037   10.4059
