0.9999964  0.002640747   -1.064219E-06 -0.0004483514
0.9999862  0.005177245   8.543351E-06 -0.0008775523
0.9999691  0.007753498   2.344706E-05 -0.001291031
0.9999473  0.01013279   3.853868E-05 -0.001664744
0.9999208  0.01243077   3.813031E-05 -0.001964284
0.999891  0.01458487   3.724284E-05 -0.002303292
0.9998579  0.0166611   4.741309E-05 -0.00258019
0.9998247  0.01848681   5.585323E-05 -0.002963251
0.999791  0.02015026   6.210902E-05 -0.003448984
0.999752  0.02191642   6.777063E-05 -0.003938911
0.9997151  0.02349197   5.0051E-05 -0.004226511
0.9996768  0.02502099   4.906024E-05 -0.004497829
0.9996383  0.02646817   4.326051E-05 -0.00475543
0.9995948  0.0280052   4.570105E-05 -0.005093588
0.9995524  0.02943026   5.456684E-05 -0.005371339
0.9995126  0.03068646   5.498934E-05 -0.005734839
0.999471  0.0319546   4.625702E-05 -0.006052049
0.9994378  0.03292928   4.25194E-05 -0.006309249
0.999397  0.03408371   4.799093E-05 -0.006630875
0.9993691  0.03485786   4.095594E-05 -0.00680913
0.9993356  0.03576867   4.059052E-05 -0.006983893
0.999297  0.03678648   4.31709E-05 -0.007239558
0.9992623  0.03768023   4.73362E-05 -0.007411148
0.999231  0.03846615   5.619327E-05 -0.007607549
0.9991934  0.03942606   7.275373E-05 -0.007632229
0.9991612  0.04021353   7.376759E-05 -0.007734115
0.9991172  0.04126716   9.237739E-05 -0.007860382
0.9990811  0.04210678   9.21491E-05 -0.007999691
0.9990538  0.04273891   9.871512E-05 -0.008056202
0.9990182  0.04352078   8.816207E-05 -0.008284302
0.9989999  0.04391102   7.851439E-05 -0.00842541
0.9989721  0.04455675   0.0001025676 -0.008327397
0.9989395  0.0452314   0.000110251 -0.008605059
0.9989203  0.04564743   0.0001167414 -0.008636706
0.9989061  0.04597481   0.0001175274 -0.008541734
0.9988735  0.046685   0.0001230182 -0.008501617
0.9988526  0.04710392   0.0001133021 -0.008640328
0.9988365  0.04739356   0.0001147612 -0.008915559
0.998814  0.04785054   0.0001136809 -0.009001468
0.9987921  0.04828165   0.0001119108 -0.009120804
0.9987859  0.04840697   0.0001160078 -0.009145044
0.9987794  0.04853769   0.0001306356 -0.00916317
0.9987671  0.04876397   0.0001206981 -0.00929427
0.9987522  0.04905906   0.0001140907 -0.009340467
0.9987401  0.04927542   0.0001131972 -0.009492375
0.9987283  0.04949079   0.0001185193 -0.009621486
0.9987201  0.04968024   9.888491E-05 -0.009485305
0.9987186  0.04970052   9.548711E-05 -0.009536299
0.99872  0.04964342   8.643387E-05 -0.00968359
0.9986997  0.05003411   7.346168E-05 -0.009773175
0.998695  0.05010641   7.915459E-05 -0.009883017
0.9986998  0.05002993   7.168365E-05 -0.009784219
0.9986942  0.05012941   5.725837E-05 -0.009850291
0.998684  0.05028936   5.379945E-05 -0.01006049
0.9986714  0.0505242   6.174873E-05 -0.01013252
0.998656  0.05083078   5.278699E-05 -0.01012563
0.9986502  0.05096095   4.635308E-05 -0.01004238
0.9986463  0.0510537   7.81274E-05 -0.009957517
0.9986433  0.0511162   7.721109E-05 -0.009941231
0.9986294  0.05136124   6.642518E-05 -0.01006445
0.9986243  0.05142763   6.806085E-05 -0.010229
0.998616  0.05158131   5.659911E-05 -0.0102662
0.9986169  0.05157204   5.13145E-05 -0.01022853
0.9986115  0.05166155   6.673374E-05 -0.01029702
0.9986013  0.05185954   6.284573E-05 -0.01029282
0.9985805  0.05223856   4.457964E-05 -0.01039737
0.9985661  0.0525098   5.581454E-05 -0.01041661
0.9985622  0.05260332   8.392434E-05 -0.01031937
0.9985568  0.05270775   8.684102E-05 -0.01030664
0.9985389  0.05306218   0.000109283 -0.01022323
0.9985422  0.05298693   0.0001095931 -0.01028848
0.9985334  0.0531649   0.0001134194 -0.0102286
0.998531  0.05320663   0.0001019401 -0.01023954
0.9985231  0.05337264   9.683899E-05 -0.0101547
0.998524  0.05334796   9.886209E-05 -0.01018905
0.9985404  0.05303502   0.0001035396 -0.01021989
0.9985322  0.05317342   9.51637E-05 -0.01028871
0.9985237  0.05331546   8.51618E-05 -0.01039084
0.9985228  0.0533418   8.614465E-05 -0.01034683
0.9985134  0.0535097   0.0001173713 -0.01037178
0.9985218  0.05337618   0.0001177455 -0.01025396
0.9985216  0.05340234   0.0001432115 -0.01014413
0.998517  0.05347221   0.0001404466 -0.01021473
0.9985185  0.05344862   0.0001673254 -0.0102106
0.9985101  0.05362402   0.0001740258 -0.0101033
0.9985089  0.05363228   0.0001909605 -0.01017318
0.9984921  0.05393592   0.0001866043 -0.01021635
0.9984871  0.05403592   0.0001734106 -0.01017998
0.9984771  0.05421634   0.0001739184 -0.01019982
0.9984859  0.05404175   0.0001674462 -0.0102729
0.9984878  0.05400773   0.000161166 -0.01026465
0.9984725  0.05429111   0.0001624853 -0.0102534
0.9984674  0.0543667   0.0001445889 -0.01035682
0.9984645  0.05444295   0.0001565703 -0.01022926
0.9984578  0.05457376   0.0001638939 -0.01018681
0.9984611  0.05451477   0.0001700999 -0.0101732
0.9984561  0.05461161   0.0001767875 -0.01015258
0.9984562  0.0546194   0.0001641946 -0.01009123
0.9984433  0.05483536   0.0001699526 -0.01020435
0.9984402  0.05490531   0.000152251 -0.01013023
0.9984427  0.05483199   0.0001384067 -0.01027168
0.9984502  0.05469448   0.0001402881 -0.01029305
0.9984503  0.05468808   0.0001721284 -0.01029684
0.9984569  0.05458448   0.0001912578 -0.0102137
0.9984557  0.05462859   0.000190787 -0.01009261
0.9984647  0.05450018   0.0001998117 -0.00989948
0.9984568  0.05463861   0.0001928812 -0.009934557
0.9984615  0.05454971   0.0002010851 -0.009942142
0.9984539  0.05466989   0.0001898226 -0.01004941
0.998456  0.05463228   0.0001970886 -0.01004956
0.9984553  0.05464331   0.0002017296 -0.01006104
0.998445  0.05483281   0.0002095838 -0.0100525
0.998442  0.05485334   0.0001977903 -0.01023471
0.9984367  0.05493319   0.0001992811 -0.01031444
0.9984406  0.05487472   0.0002006279 -0.01025532
0.9984215  0.05521332   0.0002016298 -0.01028922
0.9984205  0.05523651   0.0001975948 -0.01026373
0.9984208  0.05522912   0.0001963109 -0.0102793
0.9984327  0.05499509   0.0001870642 -0.01038136
0.9984391  0.05485445   0.0001721877 -0.01050111
0.9984291  0.05505199   0.0001822702 -0.01043215
0.9984308  0.0549951   0.0001739181 -0.01054922
0.9984329  0.05498421   0.000173222 -0.01042325
0.9984403  0.05483811   0.000161978 -0.01047334
0.9984494  0.05465725   0.0001557676 -0.01055147
0.9984567  0.05452121   0.0001689169 -0.0105683
0.9984578  0.05451116   0.0001870937 -0.0105154
0.9984636  0.0544141   0.0001775621 -0.01046368
0.9984645  0.05439097   0.0001780006 -0.01049878
0.9984654  0.05437674   0.0001834946 -0.01048981
0.998457  0.05452436   0.0001809658 -0.01052816
0.9984623  0.05443582   0.0001928891 -0.01047559
0.9984618  0.05441898   0.0001902109 -0.01060949
0.9984661  0.05434383   0.0001893928 -0.01058837
0.9984607  0.05443547   0.0001874202 -0.01062921
0.9984611  0.05444035   0.0001861983 -0.01056969
0.99847  0.05428065   0.0001792548 -0.01054508
0.9984786  0.05411157   0.0001895428 -0.01060204
0.9984776  0.0541459   0.000189649 -0.01052115
0.9984794  0.05409465   0.0001876652 -0.01061502
0.9984963  0.0537942   0.0001878382 -0.01055439
0.9984909  0.05387353   0.0001931408 -0.01065679
0.9984977  0.05374334   0.0002003744 -0.01066721
0.9984964  0.05378431   0.0001976921 -0.01060056
0.9984947  0.05383667   0.0002209888 -0.0104812
0.9984931  0.05382586   0.0001924995 -0.01069076
0.9984899  0.05388898   0.0001893887 -0.01067688
0.9984819  0.05402949   0.0001951691 -0.01070569
0.9984764  0.05414106   0.0002032865 -0.01065167
0.9984865  0.05394604   0.0002083718 -0.01069725
0.9984902  0.05388037   0.0002023532 -0.01068211
0.9984888  0.05392651   0.0002224514 -0.01059136
0.9985072  0.05355616   0.0002010926 -0.01073003
0.9985148  0.05342873   0.0002024267 -0.01064701
0.9985173  0.05340756   0.0002060584 -0.01052736
0.9985087  0.05357093   0.0002073341 -0.01051565
0.9984971  0.05378751   0.0002202647 -0.01049896
0.9984891  0.05395916   0.0002149848 -0.01038638
0.9985029  0.05371758   0.000215124 -0.01031784
0.9985003  0.05376089   0.0002201114 -0.01033561
0.9985143  0.05350934   0.0002189755 -0.01028636
0.9985056  0.05368324   0.0002318689 -0.01023797
0.9984972  0.05385068   0.0002463983 -0.01017053
0.9984882  0.05399996   0.0002443332 -0.01025943
0.9984931  0.05391868   0.0002404824 -0.01020994
0.9984986  0.05381976   0.0002488949 -0.01019698
0.9985057  0.05370068   0.0002600264 -0.01012778
0.9984792  0.05416686   0.0002579257 -0.01025577
0.9984773  0.05420781   0.0002693962 -0.01022341
0.9984846  0.05406561   0.000268399 -0.01027138
0.9984771  0.05421007   0.0002809522 -0.01023404
0.9984769  0.05421009   0.0002853827 -0.01025134
0.9984835  0.05408263   0.0002867455 -0.01027981
0.9984941  0.05388974   0.0003002225 -0.01025317
0.9984881  0.05397871   0.000293419 -0.01038728
0.9984906  0.05393632   0.0002948749 -0.01035762
0.9985009  0.05372131   0.0002853254 -0.01048588
0.9985037  0.05365245   0.000272428 -0.01057071
0.998511  0.05353284   0.0002742854 -0.01049285
0.9985045  0.05364382   0.0002775473 -0.01053899
0.9985048  0.05361344   0.0002655532 -0.01066106
0.9985132  0.05345159   0.0002592629 -0.01069857
0.998504  0.05359706   0.0002590801 -0.01081858
0.9984968  0.05372958   0.000248209 -0.01082846
0.9984923  0.05381992   0.0002395439 -0.01079098
0.998486  0.0539418   0.0002351789 -0.01076979
0.9984887  0.05392064   0.0002310751 -0.01062991
0.9984995  0.05374301   0.0002303995 -0.01050015
0.9985032  0.05368238   0.0002191714 -0.01046978
0.9984961  0.0538004   0.000215188 -0.01053006
0.9984966  0.05379717   0.0002310859 -0.01051378
0.9984892  0.05392149   0.0002268066 -0.010568
0.9984849  0.05398503   0.000221811 -0.010651
0.9984898  0.05390903   0.0002129949 -0.01057915
0.9984863  0.05395866   0.0002127985 -0.01065805
0.9984687  0.05430425   0.0002275793 -0.0105438
0.9984722  0.05426311   0.0002486531 -0.01042281
0.9984751  0.05420756   0.0002523673 -0.01044066
0.9984783  0.05415575   0.0002633854 -0.010401
0.9984717  0.05426599   0.0002543813 -0.0104584
0.9984636  0.05442138   0.0002500881 -0.01043083
0.9984807  0.05410104   0.0002507292 -0.01044577
0.9984825  0.05407465   0.000244472 -0.01042382
0.998479  0.05413049   0.000231231 -0.01046192
0.9984737  0.05420742   0.0002245215 -0.01057005
0.9984707  0.05427826   0.0002332859 -0.01049371
0.9984643  0.05440788   0.0002479602 -0.01043041
0.9984596  0.05450439   0.0002521005 -0.01037641
0.9984596  0.05450441   0.0002577913 -0.01037927
0.9984614  0.05444691   0.0002438445 -0.01049894
0.9984631  0.05441917   0.0002438101 -0.01048511
0.9984634  0.05442353   0.0002421877 -0.01043271
0.9984701  0.05433372   0.0002498124 -0.01026445
0.9984686  0.05435699   0.0002586652 -0.01027895
0.9984712  0.05431947   0.0002709088 -0.0102263
0.9984757  0.05424096   0.0002655224 -0.01020192
0.9984735  0.05427406   0.0002679172 -0.01025026
0.9984731  0.05430574   0.0002841577 -0.01011782
0.9984676  0.05440331   0.0002776552 -0.0101303
0.9984687  0.05436074   0.0002859212 -0.01025771
0.9984521  0.05466174   0.0002641084 -0.01027018
0.998457  0.05454609   0.0002554151 -0.01040475
0.9984654  0.05439639   0.0002503498 -0.01038211
0.9984527  0.05458689   0.0002331925 -0.01060163
0.9984592  0.05448261   0.0002403755 -0.01053581
0.9984483  0.05468051   0.0002525607 -0.01053165
0.9984472  0.05468348   0.0002424722 -0.01061722
0.9984518  0.05455097   0.0002367091 -0.0108664
0.998449  0.05459917   0.0002465734 -0.01088679
0.998451  0.05456887   0.0002476227 -0.01086116
0.9984515  0.05458977   0.000254913 -0.01069535
0.9984502  0.05458005   0.0002559336 -0.01086807
0.9984545  0.05452585   0.0002619188 -0.01075156
0.9984481  0.05462816   0.0002536121 -0.01082637
0.9984516  0.05455533   0.0002441696 -0.01086829
0.9984607  0.05438443   0.0002400597 -0.01089422
0.9984602  0.05441719   0.0002529167 -0.01077426
0.998454  0.0545106   0.0002544838 -0.0108671
0.9984515  0.05456068   0.0002536583 -0.01085776
0.9984553  0.05446687   0.0002412859 -0.01097029
0.9984698  0.0542081   0.0002520479 -0.01093383
0.9984843  0.05396931   0.0002654634 -0.01078859
0.9984662  0.05432921   0.0002826357 -0.010655
0.998457  0.05449802   0.000272116 -0.01065659
0.9984458  0.05471025   0.0002808199 -0.01062034
0.9984633  0.05437737   0.0002727543 -0.01067482
0.9984676  0.05431889   0.0002764108 -0.01057883
0.9984722  0.05425267   0.0002918231 -0.01048095
0.9984636  0.05442962   0.0003090826 -0.01038117
0.9984707  0.05429421   0.0002992776 -0.01041424
0.9984733  0.05423532   0.0002896455 -0.01046535
0.9984651  0.05437258   0.0002867215 -0.01052825
0.9984592  0.05448943   0.0002899124 -0.01049375
0.9984719  0.05426808   0.0002959971 -0.01043172
0.9984581  0.05453587   0.0002856089 -0.01035596
0.9984564  0.05455285   0.0002872397 -0.01042574
0.9984592  0.05449723   0.0002831406 -0.01044713
0.9984438  0.05477146   0.0002839724 -0.01048995
0.998439  0.05484324   0.0002788618 -0.01057108
0.9984494  0.05463686   0.0002818198 -0.01065563
0.9984447  0.05470969   0.0002778419 -0.01071846
0.9984379  0.05484797   0.00028761 -0.01065056
0.9984362  0.05489718   0.000282134 -0.01056247
0.9984419  0.05480807   0.0002673141 -0.01048304
0.9984495  0.05467259   0.0002766857 -0.01046178
0.9984437  0.05474935   0.0002885641 -0.01062015
0.9984428  0.05478092   0.0002830847 -0.01053912
0.9984301  0.05502081   0.0002934624 -0.01047745
0.998432  0.05499098   0.0002981073 -0.01046453
0.998419  0.05521354   0.0002999835 -0.01052348
0.9984241  0.05509895   0.0002969403 -0.01064356
0.9984253  0.05508761   0.000288489 -0.01058962
0.9984316  0.05498398   0.0002878837 -0.0105485
0.9984326  0.05496404   0.0003022249 -0.01054665
0.9984291  0.05501799   0.0002946175 -0.01059657
0.9984203  0.05516727   0.000292388 -0.01064864
0.9984348  0.05488529   0.0002881563 -0.01073661
0.9984262  0.05503204   0.0002798929 -0.01080181
0.9984295  0.05496686   0.0002826593 -0.01082193
0.9984328  0.0548791   0.000273384 -0.01096431
0.9984331  0.0548883   0.0002793603 -0.01089398
0.9984278  0.05497011   0.0002922541 -0.01095583
0.9984437  0.05468319   0.0002947279 -0.01094332
0.9984532  0.05451643   0.0003044971 -0.01091406
0.9984446  0.05468111   0.0003081711 -0.01087502
0.9984431  0.05470693   0.0003296223 -0.01088123
0.9984408  0.0547618   0.0003219294 -0.0108197
0.998447  0.05466875   0.0003203054 -0.01071921
0.9984506  0.05461105   0.0003262324 -0.01067889
0.9984595  0.0544447   0.0003236867 -0.01069226
0.9984578  0.05446067   0.0003190426 -0.01076735
0.9984622  0.05438764   0.0003404998 -0.01073057
0.9984595  0.05444527   0.0003424242 -0.01069337
0.9984456  0.05467612   0.0003487295 -0.01081238
0.9984636  0.05434532   0.0003596255 -0.01080598
0.9984706  0.05423282   0.0003570902 -0.01073665
0.9984747  0.05416085   0.0003578494 -0.0107058
0.9984673  0.05430434   0.0003661413 -0.01066978
0.9984592  0.05447159   0.0003713086 -0.0105837
0.9984605  0.05444086   0.0003694133 -0.01061435
0.9984717  0.0542439   0.0003739947 -0.01057565
0.9984546  0.05453209   0.0003911558 -0.01069874
0.9984593  0.05444343   0.0003794136 -0.01070819
0.9984631  0.05438269   0.0003902353 -0.01066616
0.9984666  0.05431278   0.0003862848 -0.01069907
0.9984778  0.05409876   0.0003921313 -0.01073518
0.9984756  0.05415088   0.0003943774 -0.0106822
0.9984786  0.05411424   0.0004035889 -0.01058097
0.9984771  0.05416442   0.000420928 -0.01046594
0.9984692  0.05428594   0.0004097543 -0.01059091
0.9984643  0.05437393   0.0004193027 -0.01060337
0.9984716  0.05424127   0.0004233517 -0.01059166
0.9984684  0.05430896   0.0004376388 -0.0105469
0.9984672  0.0542853   0.000423968 -0.01078038
0.9984729  0.05418292   0.0004313935 -0.01077322
0.9984735  0.05417065   0.0004190876 -0.01077842
0.9984758  0.05414174   0.000411648 -0.01070977
0.9984713  0.05421405   0.0004038835 -0.0107519
0.9984671  0.05428942   0.0004032204 -0.01077637
0.9984507  0.05455942   0.000417748 -0.01092421
0.9984469  0.05461758   0.0004193472 -0.0109797
0.9984453  0.05467715   0.0004435185 -0.01083138
0.9984375  0.0547896   0.0004257687 -0.01097538
0.998446  0.05466899   0.000440076 -0.01079738
0.9984568  0.05447265   0.0004363585 -0.01079221
0.9984536  0.05454587   0.0004559627 -0.01071898
0.9984527  0.05457813   0.0004431917 -0.01064236
0.9984605  0.05444657   0.0004419743 -0.010594
0.9984549  0.05453417   0.000439785 -0.01066157
0.9984598  0.05444058   0.0004416321 -0.01067826
0.9984555  0.05454201   0.0004380849 -0.01055984
0.9984602  0.05446178   0.0004212889 -0.01053714
0.9984588  0.05446258   0.0004231442 -0.01066302
0.9984596  0.05440993   0.0004166725 -0.01085087
0.9984598  0.05441996   0.0004150342 -0.01078738
0.9984577  0.05445888   0.0004419015 -0.01078754
0.9984581  0.05446658   0.0004559484 -0.01071045
0.9984482  0.05465916   0.00046172 -0.01064194
0.9984571  0.0545075   0.0004619195 -0.01059778
0.9984613  0.05442969   0.0004604482 -0.01058789
0.9984615  0.05443321   0.000470745 -0.01056605
0.998452  0.05459828   0.0004636587 -0.01060288
0.9984518  0.0546107   0.000454645 -0.01055469
0.9984529  0.05459036   0.000437933 -0.01055715
0.998454  0.0545764   0.0004331937 -0.01053111
0.9984523  0.05462053   0.0004265227 -0.01045674
0.9984614  0.05444644   0.0004157895 -0.01049659
0.9984588  0.05450521   0.0004233653 -0.01044226
0.9984661  0.05437883   0.0004381339 -0.01040826
0.9984637  0.05439814   0.0004299275 -0.01053673
0.9984547  0.05454427   0.0004318245 -0.01061824
0.9984633  0.05440227   0.0004442588 -0.01055648
0.9984706  0.05425872   0.0004465941 -0.01058901
0.9984574  0.05447951   0.0004205285 -0.01070643
0.9984627  0.05435518   0.0004152626 -0.01084117
0.9984551  0.0544836   0.0004119108 -0.01089804
0.9984429  0.05469446   0.0004097385 -0.01095612
0.9984574  0.05442458   0.0004091531 -0.01098793
0.9984502  0.05455736   0.0003992638 -0.01098222
0.998453  0.05451194   0.0003981839 -0.01095845
0.9984516  0.05455562   0.0004150675 -0.01085585
0.9984429  0.05468297   0.0003949624 -0.0110208
0.9984492  0.05456866   0.0003944377 -0.01101132
0.9984549  0.05449022   0.0004033719 -0.0108818
0.9984595  0.05442142   0.0004108138 -0.0108092
0.9984586  0.05443729   0.0003885019 -0.01080917
0.9984443  0.05468721   0.0003816567 -0.010876
0.9984564  0.05445623   0.0003948219 -0.01091138
0.9984592  0.05440509   0.0003943879 -0.01091291
0.9984662  0.05426293   0.0003940062 -0.01098182
0.9984565  0.05444358   0.0003960733 -0.01097334
0.9984539  0.0545093   0.0004265541 -0.01088734
0.9984443  0.05472194   0.0004277686 -0.01069389
0.9984313  0.05494831   0.0004215841 -0.01074761
0.9984385  0.05479139   0.0004192973 -0.01088009
0.9984497  0.05459461   0.0004124443 -0.01083724
0.9984448  0.05468955   0.0004134023 -0.01081265
0.9984457  0.0546735   0.0004186734 -0.01081375
0.9984447  0.05469297   0.0004178647 -0.01079379
0.998448  0.0546505   0.0004263637 -0.01071594
0.9984533  0.0545451   0.0004390378 -0.01074924
0.9984617  0.05439883   0.0004402132 -0.01071123
0.99846  0.05442235   0.0004302889 -0.01076214
0.9984645  0.0543293   0.000447142 -0.01080153
0.9984558  0.05448278   0.0004454935 -0.01084051
0.9984583  0.05444125   0.0004546487 -0.01081777
0.9984618  0.05441372   0.0004594622 -0.01062644
0.9984574  0.05448997   0.0004593394 -0.01064923
0.9984662  0.05432629   0.0004599201 -0.01066722
0.9984633  0.05438447   0.0004822745 -0.0106439
0.9984657  0.05435176   0.0004886665 -0.0105767
0.9984738  0.05421178   0.0004941524 -0.01053488
0.9984835  0.05403946   0.0004923797 -0.01049547
0.9984919  0.05390032   0.0005092197 -0.01040575
0.9985008  0.0537328   0.0005003412 -0.01043705
0.9984989  0.05375353   0.000498478 -0.0104941
0.9985039  0.05367171   0.0004982873 -0.01044493
0.9985006  0.05372227   0.0004846786 -0.01049527
0.998503  0.05364643   0.0004750485 -0.01065662
0.998494  0.0538154   0.0004647406 -0.01065002
0.9984975  0.05378617   0.000467096 -0.01047389
0.9984913  0.05390821   0.0004654 -0.01042999
0.9984825  0.05406393   0.0004535758 -0.0104739
0.9984717  0.0542834   0.0004608564 -0.010362
0.998477  0.05418695   0.0004481323 -0.01036095
0.9984775  0.05419107   0.0004453747 -0.01028696
0.9984794  0.05416513   0.000447241 -0.01024298
0.9984815  0.05412086   0.0004395282 -0.01026584
0.9984795  0.05414807   0.0004529328 -0.01032075
0.9984754  0.05422967   0.0004599098 -0.01029197
0.9984626  0.0544274   0.0004557772 -0.01049172
0.9984529  0.05456362   0.0004408623 -0.01069421
0.9984577  0.05448608   0.0004398274 -0.01065502
0.9984717  0.05422582   0.0004217671 -0.0106627
0.998467  0.05432895   0.0004299526 -0.01057833
0.9984624  0.05440017   0.0004420567 -0.01063993
0.9984635  0.05435058   0.0004307363 -0.01079499
0.9984652  0.0543289   0.0004328382 -0.01074306
0.9984659  0.0542773   0.0004224839 -0.01093326
0.9984575  0.054447   0.0004387255 -0.01086724
0.99845  0.05457819   0.0004543286 -0.01089177
0.9984545  0.05449974   0.000448463 -0.01087129
0.9984507  0.05456752   0.0004479837 -0.01088673
0.9984483  0.05462006   0.0004504094 -0.01083119
0.9984531  0.05454253   0.0004564926 -0.01078833
0.9984519  0.05457245   0.0004620109 -0.01074513
0.9984429  0.05473515   0.0004791749 -0.01074269
0.9984464  0.05468335   0.0004687035 -0.01069599
0.9984419  0.05473236   0.0004455928 -0.01085383
0.9984402  0.05474454   0.000437556 -0.01096206
0.9984492  0.05455727   0.0004402071 -0.01106488
0.998457  0.0544235   0.0004417113 -0.01102901
0.9984631  0.05430792   0.0004347333 -0.01103618
0.9984677  0.05421552   0.0004319789 -0.0110824
0.9984754  0.05405319   0.0004339217 -0.0111719
0.9984879  0.05381269   0.0004285977 -0.01121574
0.9984826  0.05390802   0.0004179758 -0.01123108
0.998491  0.05376163   0.0004227363 -0.01118878
0.9984933  0.05369773   0.0004272837 -0.01130045
0.9984912  0.05373397   0.0004217291 -0.01129769
0.9985009  0.05355879   0.0004201553 -0.01127896
0.9985037  0.05351602   0.0004264896 -0.01123097
0.9985085  0.05344925   0.0004244543 -0.01112358
0.9985129  0.05337229   0.0004303438 -0.01109802
0.9985054  0.05353137   0.0004456913 -0.0110135
0.9984937  0.05374341   0.0004725902 -0.01102735
0.9984944  0.05374436   0.0004855766 -0.01097401
0.9984887  0.05384994   0.0004868829 -0.01096626
0.9984883  0.05386172   0.000509563 -0.01094883
0.9984957  0.05375016   0.0005097262 -0.01081174
0.998495  0.0537786   0.0005156196 -0.01074829
0.9984949  0.05378189   0.0005411945 -0.01073327
0.9984894  0.05386137   0.0005231845 -0.01084143
0.9984942  0.05377799   0.0005289615 -0.01081515
0.9984896  0.05388479   0.0005397354 -0.01070869
0.9984952  0.0538031   0.0005377358 -0.01060096
0.9984993  0.05373618   0.0005431751 -0.01055049
0.9985022  0.05368001   0.0005414255 -0.01055853
0.9985085  0.05354816   0.0005348561 -0.01063283
