0.03828125  9.914844   -0.5885742
-0.02392578  9.862207   -0.4928711
0.01914063  9.929199   -0.5120117
0.04785156  9.871778   -0.5694336
-0.03349609  9.929199   -0.4928711
0.03828125  9.924414   -0.4545898
0.05742187  9.900488   -0.6172851
0.06220703  9.929199   -0.5790039
0.05263672  9.862207   -0.4976563
0.05263672  9.886133   -0.6412109
0.02392578  9.876562   -0.521582
0.02392578  9.847852   -0.397168
0.02871094  9.905273   -0.4785156
0.06699219  9.876562   -0.4785156
0.03828125  9.900488   -0.4737305
0.06699219  9.910059   -0.5359375
0.02871094  9.924414   -0.4833008
0.03828125  9.857422   -0.5550781
0.03828125  9.890918   -0.5646484
0.03828125  9.886133   -0.5024414
-0.004785156  9.919629   -0.5550781
0.01914063  9.929199   -0.4641601
0.08134766  9.938769   -0.5311524
-0.02392578  9.948339   -0.4258789
0.06220703  9.847852   -0.4880859
0.03349609  9.905273   -0.5359375
0.009570313  9.910059   -0.4785156
0.01914063  9.881348   -0.5167969
0.0430664  9.948339   -0.4306641
0  9.895703   -0.4880859
0.09091797  9.895703   -0.6459961
0.05742187  9.862207   -0.4354492
0.0430664  9.895703   -0.550293
0.0430664  9.857422   -0.5120117
0.0430664  9.957911   -0.4880859
0  9.881348   -0.4976563
-0.02392578  9.967481   -0.459375
0.03828125  9.890918   -0.4880859
0.02392578  9.843066   -0.5024414
0.05742187  9.943555   -0.4641601
0.0430664  9.895703   -0.397168
0.07177734  9.929199   -0.5598633
-0.02392578  9.910059   -0.4976563
-0.004785156  9.900488   -0.5646484
0.04785156  9.900488   -0.5120117
-0.01435547  9.838282   -0.550293
-0.03828125  9.900488   -0.5885742
0.01914063  9.876562   -0.4880859
0.0430664  9.948339   -0.5407227
0.02871094  9.890918   -0.6125
0.0430664  9.871778   -0.4833008
0.06220703  9.833496   -0.4450195
0.05742187  9.895703   -0.521582
0.01435547  9.943555   -0.459375
0.03349609  9.895703   -0.5790039
0.04785156  9.852636   -0.5263672
0.0430664  9.828711   -0.5550781
0.07177734  9.910059   -0.5694336
0.02392578  9.948339   -0.4402344
0.02871094  9.977051   -0.5120117
0  9.924414   -0.4354492
0.01435547  9.886133   -0.459375
0.0765625  9.823926   -0.5120117
0.01914063  9.876562   -0.5120117
0.01435547  9.967481   -0.5167969
0.02392578  9.919629   -0.4163086
0.04785156  9.905273   -0.397168
0.0765625  9.866992   -0.4737305
0.004785156  9.847852   -0.4880859
0.03828125  9.914844   -0.4067383
-0.01435547  9.895703   -0.4115234
-0.02871094  9.972265   -0.550293
0.0430664  9.881348   -0.4785156
0.04785156  9.823926   -0.521582
0.02392578  9.852636   -0.4689453
0.05742187  9.852636   -0.4498047
-0.02871094  9.866992   -0.4976563
0.05742187  9.919629   -0.5072266
0.01914063  9.919629   -0.4450195
0.05742187  9.910059   -0.459375
0.08134766  9.890918   -0.5120117
0.09570313  9.838282   -0.4545898
0.01435547  9.8   -0.5359375
0.02871094  9.972265   -0.4880859
-0.004785156  9.972265   -0.4306641
0.03349609  9.953125   -0.4880859
0.05263672  9.833496   -0.5024414
0.02871094  9.833496   -0.4785156
0.09091797  9.843066   -0.5742188
-0.004785156  9.924414   -0.4880859
0.01914063  9.991406   -0.4785156
0.02392578  9.929199   -0.521582
0.0430664  9.862207   -0.521582
0.01435547  9.886133   -0.459375
0.02871094  9.866992   -0.5263672
0.0430664  9.895703   -0.5024414
0.009570313  9.929199   -0.4545898
0.09570313  9.910059   -0.5837891
0.05742187  9.866992   -0.397168
0.01435547  9.862207   -0.5167969
0.03828125  9.914844   -0.4928711
0.06220703  9.886133   -0.4880859
0.04785156  9.967481   -0.4354492
0.03349609  9.895703   -0.4545898
0.01914063  9.847852   -0.550293
0.02392578  9.828711   -0.4880859
0.02871094  9.876562   -0.5024414
0.03828125  9.938769   -0.4450195
0.04785156  9.914844   -0.5120117
0.04785156  9.919629   -0.4354492
0.06220703  9.847852   -0.5024414
0.04785156  9.79043   -0.550293
0  9.876562   -0.5311524
0.06220703  9.924414   -0.4306641
0.1100586  9.948339   -0.521582
-0.004785156  9.929199   -0.4880859
0.01435547  9.914844   -0.4689453
0.06220703  9.895703   -0.4737305
0.004785156  9.871778   -0.397168
0.01914063  9.933985   -0.4498047
-0.01435547  9.910059   -0.5407227
0.03828125  9.924414   -0.4641601
-0.004785156  9.857422   -0.5407227
0  9.852636   -0.5837891
0.004785156  9.871778   -0.4689453
0.06220703  9.910059   -0.4976563
0.004785156  9.866992   -0.4737305
-0.03349609  9.890918   -0.521582
0.0430664  9.876562   -0.4785156
0.009570313  9.871778   -0.4163086
0.01435547  9.866992   -0.550293
0.03828125  9.910059   -0.4785156
0.01435547  9.890918   -0.4354492
0.01435547  9.972265   -0.5646484
0.0430664  9.847852   -0.4115234
0.01914063  9.847852   -0.397168
0.009570313  9.900488   -0.4785156
0.0430664  9.905273   -0.5120117
0.0430664  9.957911   -0.4498047
-0.009570313  9.905273   -0.4928711
0.04785156  9.996191   -0.5167969
0.009570313  9.886133   -0.4976563
0.03349609  9.895703   -0.5646484
-0.01435547  9.886133   -0.5167969
0.03349609  9.862207   -0.4641601
0.02392578  9.967481   -0.5024414
0.03349609  9.914844   -0.4785156
0.06220703  9.871778   -0.5024414
0.0765625  9.900488   -0.521582
0.07177734  9.823926   -0.5120117
0.01435547  9.895703   -0.5694336
0.04785156  9.900488   -0.521582
0.06220703  9.948339   -0.550293
0.02392578  9.876562   -0.4880859
0.03349609  9.895703   -0.5167969
0.08134766  9.924414   -0.3923828
0.01435547  9.914844   -0.5359375
0.03349609  9.914844   -0.5311524
0.004785156  9.900488   -0.4928711
0.02392578  9.914844   -0.4115234
-0.01914063  9.929199   -0.5024414
0.01914063  9.823926   -0.4928711
0.05742187  9.919629   -0.5263672
0.03349609  9.929199   -0.5072266
0.0765625  9.914844   -0.550293
0.05742187  9.881348   -0.4641601
0.1004883  9.890918   -0.5407227
0.03828125  9.886133   -0.4402344
0.01914063  9.847852   -0.4641601
0.0765625  9.938769   -0.550293
0  9.977051   -0.5024414
0.04785156  9.900488   -0.459375
0.07177734  9.833496   -0.4354492
0.05742187  9.900488   -0.4641601
0.02392578  9.900488   -0.4641601
0.07177734  9.919629   -0.4163086
0.03828125  9.943555   -0.5072266
0.03828125  9.881348   -0.5120117
0.05263672  9.843066   -0.4976563
0.02871094  9.890918   -0.4306641
0.0430664  9.852636   -0.4354492
0.02392578  9.943555   -0.4880859
-0.02871094  9.919629   -0.5407227
0.04785156  9.910059   -0.4880859
0.06220703  9.814356   -0.4354492
-0.004785156  9.943555   -0.5167969
0.05742187  9.905273   -0.4737305
-0.004785156  9.919629   -0.5598633
0.03349609  9.914844   -0.4785156
0.06220703  9.910059   -0.5024414
0.0765625  9.871778   -0.5120117
0.02871094  9.962695   -0.5455078
0.1052734  9.914844   -0.4306641
0.07177734  9.924414   -0.4545898
0.01914063  9.929199   -0.4641601
0.06699219  9.890918   -0.4928711
0.05263672  9.847852   -0.4306641
0.03828125  9.886133   -0.5455078
0.0430664  9.914844   -0.3636719
-0.004785156  9.900488   -0.4785156
-0.01914063  9.895703   -0.4880859
-0.01914063  9.905273   -0.5359375
0.009570313  9.895703   -0.4258789
0.0765625  9.881348   -0.5167969
0.03828125  9.905273   -0.4163086
0.02871094  9.929199   -0.4354492
-0.009570313  9.886133   -0.4976563
0.004785156  9.852636   -0.3732422
0.03828125  9.900488   -0.521582
0.03349609  9.895703   -0.5646484
0.02871094  9.914844   -0.5167969
0.01914063  9.933985   -0.4115234
0.1100586  9.847852   -0.4737305
0.03349609  9.924414   -0.5311524
0.009570313  9.900488   -0.3780273
0.009570313  9.929199   -0.459375
0.01435547  9.905273   -0.5407227
-0.009570313  9.866992   -0.4306641
0.05263672  9.905273   -0.5694336
0.02871094  9.924414   -0.4833008
-0.04785156  9.847852   -0.4928711
0.06220703  9.895703   -0.5598633
0.03828125  9.857422   -0.4833008
-0.02392578  9.890918   -0.4833008
0.03349609  9.924414   -0.4689453
0.05263672  9.910059   -0.5024414
0.02392578  9.905273   -0.4641601
0.03828125  9.910059   -0.4545898
-0.0430664  9.876562   -0.459375
0.03828125  9.895703   -0.4689453
0.09570313  9.871778   -0.4689453
0.0430664  9.977051   -0.4976563
0.08613281  9.924414   -0.4354492
0.08613281  9.886133   -0.4306641
0.0765625  9.886133   -0.4019531
0.01435547  9.910059   -0.4354492
0.03349609  9.900488   -0.5311524
0.02392578  9.871778   -0.4498047
0.01914063  9.914844   -0.4402344
0.04785156  9.886133   -0.4163086
0.03828125  9.938769   -0.4402344
0.01914063  9.866992   -0.4641601
0.06220703  9.929199   -0.5455078
0.01435547  9.905273   -0.521582
0.01914063  9.895703   -0.4545898
0.06220703  9.881348   -0.5311524
0.06220703  9.852636   -0.5550781
0.02392578  9.862207   -0.3875977
-0.05742187  9.852636   -0.5742188
0.01435547  9.895703   -0.4210938
0.03828125  9.943555   -0.3828125
0.02871094  9.895703   -0.4306641
0.01914063  9.847852   -0.4785156
-0.004785156  9.876562   -0.4928711
0.06220703  9.914844   -0.5024414
0.08134766  9.948339   -0.4880859
0.04785156  9.838282   -0.4545898
0.05742187  9.871778   -0.5359375
0.04785156  9.847852   -0.5790039
0.01914063  9.900488   -0.4641601
0.004785156  9.866992   -0.4689453
-0.03349609  9.938769   -0.4306641
0.004785156  9.900488   -0.4067383
0.04785156  9.847852   -0.4354492
0  9.924414   -0.4450195
0.01914063  9.924414   -0.5120117
0  9.876562   -0.4545898
0.0430664  9.910059   -0.5550781
0.02871094  9.929199   -0.5407227
0.02871094  9.852636   -0.4306641
0.03349609  9.857422   -0.4928711
0.0430664  9.847852   -0.5646484
0.05742187  9.919629   -0.4737305
0.009570313  9.981836   -0.4354492
-0.01435547  9.862207   -0.3923828
0.0430664  9.914844   -0.5550781
0.03349609  9.881348   -0.5742188
0.06220703  9.895703   -0.5359375
0.07177734  9.843066   -0.4210938
0.01435547  9.905273   -0.5311524
0.01914063  9.996191   -0.521582
0.03828125  9.871778   -0.4641601
0.04785156  9.823926   -0.5024414
0.06220703  9.953125   -0.4689453
0.01914063  9.933985   -0.5120117
0.07177734  9.886133   -0.550293
0.01914063  9.924414   -0.5407227
0.0430664  9.890918   -0.4976563
0.02871094  9.933985   -0.521582
0.009570313  9.852636   -0.5311524
0.01435547  9.876562   -0.4258789
-0.0430664  9.929199   -0.4641601
-0.02871094  9.905273   -0.4833008
0.03828125  9.862207   -0.4402344
0.03349609  9.862207   -0.4737305
0.07177734  9.910059   -0.5646484
0.01914063  9.910059   -0.4402344
-0.009570313  9.900488   -0.4450195
0.04785156  9.852636   -0.4450195
0.01914063  9.833496   -0.5311524
0.004785156  9.905273   -0.5072266
0.06220703  9.862207   -0.4785156
0.009570313  9.929199   -0.4737305
0.03349609  9.962695   -0.6125
0.0430664  9.862207   -0.4498047
0.05742187  9.924414   -0.4976563
0  9.862207   -0.5359375
0.01914063  9.948339   -0.521582
0.03828125  9.919629   -0.4067383
0.0430664  9.924414   -0.5167969
0  9.914844   -0.5359375
0.01914063  9.890918   -0.4163086
0.0430664  9.886133   -0.4258789
0.02871094  9.823926   -0.5742188
0.01435547  9.843066   -0.459375
0.02392578  9.914844   -0.3636719
-0.009570313  9.924414   -0.5407227
0.02392578  9.900488   -0.4928711
0.02871094  9.866992   -0.5072266
0.03828125  9.852636   -0.4689453
0.0430664  9.938769   -0.5550781
-0.004785156  9.938769   -0.5550781
0.02392578  9.900488   -0.4785156
0.1148437  9.929199   -0.459375
-0.004785156  9.895703   -0.5024414
0.01435547  9.967481   -0.4976563
0.004785156  9.838282   -0.459375
-0.03828125  9.943555   -0.4928711
-0.004785156  9.929199   -0.550293
0.03828125  9.910059   -0.5407227
0.1291992  9.905273   -0.5072266
0.04785156  9.914844   -0.4641601
-0.004785156  9.847852   -0.4163086
0.06699219  9.852636   -0.4067383
0.06220703  9.881348   -0.4019531
-0.01435547  9.890918   -0.4354492
0.02392578  9.881348   -0.3923828
-0.02392578  9.886133   -0.4067383
0.05742187  9.910059   -0.4115234
0.03828125  9.900488   -0.6172851
0.01914063  9.895703   -0.397168
0.06220703  9.933985   -0.4976563
0.02871094  9.919629   -0.4737305
0.08134766  9.862207   -0.5167969
0.02871094  9.953125   -0.4976563
0.05263672  9.847852   -0.5024414
-0.0430664  9.895703   -0.4115234
0.02392578  9.881348   -0.521582
0.004785156  9.953125   -0.4976563
0.004785156  9.933985   -0.4785156
0.01435547  9.866992   -0.5167969
0.02392578  9.924414   -0.459375
0.02392578  9.924414   -0.5598633
0.01435547  9.871778   -0.5311524
-0.009570313  9.924414   -0.4545898
0.01914063  9.910059   -0.4833008
0  9.890918   -0.5120117
0.02871094  9.929199   -0.5311524
0.06220703  9.905273   -0.4306641
-0.02392578  9.890918   -0.4880859
0.009570313  9.924414   -0.5646484
0  9.943555   -0.4880859
0.03349609  9.857422   -0.5598633
-0.004785156  9.910059   -0.4880859
0  9.910059   -0.4880859
0.02871094  9.881348   -0.5263672
0.08134766  9.895703   -0.4210938
0.02392578  9.866992   -0.459375
0.01914063  9.876562   -0.4976563
0.09570313  9.914844   -0.5024414
0.03349609  9.886133   -0.4833008
0.01914063  9.886133   -0.4880859
0.06220703  9.881348   -0.521582
-0.004785156  9.910059   -0.4833008
0.04785156  9.890918   -0.5024414
0.01435547  9.886133   -0.4115234
0.09570313  9.910059   -0.459375
0.03828125  9.895703   -0.4545898
0  9.876562   -0.5024414
0.05742187  9.905273   -0.550293
-0.02871094  9.866992   -0.4354492
0.04785156  9.905273   -0.521582
0.06699219  9.890918   -0.4067383
0.06699219  9.876562   -0.5072266
0.0430664  9.910059   -0.4545898
0.05263672  9.876562   -0.4689453
0.07177734  9.895703   -0.3923828
0.009570313  9.866992   -0.5359375
0.02392578  9.914844   -0.5598633
-0.009570313  9.847852   -0.4306641
0.05263672  9.833496   -0.4402344
0.01914063  9.866992   -0.4833008
0.06220703  9.933985   -0.5742188
0.0765625  9.862207   -0.4402344
0.05742187  9.948339   -0.4402344
0.03349609  9.919629   -0.4928711
0.02392578  9.905273   -0.4689453
-0.02871094  9.890918   -0.5598633
0.004785156  9.871778   -0.397168
0.01435547  9.871778   -0.4737305
0.01914063  9.862207   -0.4402344
0.004785156  9.890918   -0.4450195
-0.009570313  9.977051   -0.4880859
0.02871094  9.886133   -0.5263672
0.03349609  9.924414   -0.5120117
0.0430664  9.838282   -0.5072266
0  9.910059   -0.4210938
0.03828125  9.857422   -0.5837891
0.02392578  9.905273   -0.5646484
0.01914063  9.900488   -0.4737305
0.04785156  9.919629   -0.5790039
0.06699219  9.852636   -0.5311524
-0.009570313  9.886133   -0.5120117
0.05742187  9.948339   -0.5311524
0.03349609  9.943555   -0.5120117
0.03828125  9.862207   -0.4067383
0.02871094  9.938769   -0.5885742
0.0430664  9.876562   -0.4833008
0.08613281  9.933985   -0.5550781
0.01914063  9.895703   -0.4498047
0.01914063  9.914844   -0.5694336
0.01914063  9.890918   -0.4880859
-0.03828125  9.843066   -0.4976563
0  9.914844   -0.4450195
0  9.890918   -0.4545898
-0.01914063  9.929199   -0.4402344
0.01914063  9.895703   -0.5311524
0.03828125  9.900488   -0.368457
0.01435547  9.876562   -0.4785156
-0.02871094  9.862207   -0.4928711
0.01914063  9.948339   -0.5359375
0.1004883  9.929199   -0.5981445
0.01435547  9.914844   -0.5790039
-0.009570313  9.905273   -0.397168
-0.004785156  9.843066   -0.4880859
0.03349609  9.866992   -0.4689453
0.05263672  9.910059   -0.4976563
0.08613281  9.929199   -0.5742188
0.0430664  9.933985   -0.4498047
-0.02871094  9.857422   -0.4737305
0.02871094  9.886133   -0.4354492
-0.02392578  9.871778   -0.459375
0.07177734  9.886133   -0.5359375
0.03349609  9.919629   -0.5694336
0.0430664  9.919629   -0.459375
0.0430664  9.914844   -0.4833008
0.0765625  9.80957   -0.5024414
0.05742187  9.852636   -0.4880859
-0.0430664  9.914844   -0.4833008
0.05263672  9.895703   -0.4689453
0.03349609  9.890918   -0.5120117
0.03349609  9.895703   -0.5263672
0.05263672  9.886133   -0.4928711
0.0765625  9.866992   -0.4785156
0.004785156  9.886133   -0.3828125
0.01435547  9.886133   -0.5263672
0.0430664  9.886133   -0.4833008
0.01914063  9.919629   -0.5120117
0  9.895703   -0.550293
0.06220703  9.876562   -0.4163086
0.06220703  9.905273   -0.4833008
0.08613281  9.948339   -0.5120117
0.06220703  9.852636   -0.5311524
0.05742187  9.967481   -0.5598633
0.02392578  9.895703   -0.4833008
0.004785156  9.914844   -0.4833008
0.02392578  9.866992   -0.5024414
0.02871094  9.900488   -0.5694336
0.01914063  9.852636   -0.4450195
0.02392578  9.895703   -0.5167969
0.06699219  9.929199   -0.5120117
0.004785156  9.833496   -0.4450195
0.01914063  9.919629   -0.4880859
0.01435547  9.957911   -0.4737305
0.08613281  9.890918   -0.4785156
-0.009570313  9.933985   -0.5263672
0.01435547  9.910059   -0.5263672
0.06220703  9.886133   -0.4402344
-0.009570313  9.862207   -0.521582
0.01914063  9.929199   -0.5407227
0.03349609  9.843066   -0.4498047
0.02871094  9.900488   -0.5024414
0.06220703  9.910059   -0.4785156
0.02871094  9.938769   -0.4402344
0.01435547  9.929199   -0.4402344
0.01435547  9.890918   -0.4402344
0.01914063  9.905273   -0.4402344
0.02871094  9.857422   -0.3923828
0.0430664  9.948339   -0.4880859
0.009570313  9.862207   -0.4833008
-0.02392578  9.967481   -0.5359375
0.03828125  9.852636   -0.4402344
-0.004785156  9.900488   -0.4641601
0.009570313  9.943555   -0.4641601
-0.004785156  9.905273   -0.4785156
0.09570313  9.933985   -0.5072266
0.05263672  9.871778   -0.4928711
0.06220703  9.933985   -0.5359375
0.01914063  9.924414   -0.4545898
0.0430664  9.905273   -0.550293
0  9.886133   -0.5072266
0.004785156  9.929199   -0.4833008
0.06220703  9.900488   -0.4450195
0.03828125  9.943555   -0.5120117
0.01914063  9.871778   -0.5167969
0.009570313  9.929199   -0.4689453
0.03349609  9.910059   -0.3636719
0.06220703  9.862207   -0.521582
0.009570313  9.838282   -0.5263672
-0.009570313  9.910059   -0.4210938
0.02871094  9.967481   -0.5120117
0.0430664  9.957911   -0.4641601
0.02392578  9.929199   -0.6029297
0  9.933985   -0.5407227
-0.004785156  9.890918   -0.5072266
0.03349609  9.895703   -0.4928711
0.06220703  9.895703   -0.4258789
-0.004785156  9.895703   -0.5359375
0.01914063  9.847852   -0.5407227
0.01914063  9.876562   -0.4115234
0.02392578  9.900488   -0.4880859
0.07177734  9.900488   -0.5646484
0.06220703  9.862207   -0.4785156
0.02392578  9.871778   -0.4019531
0.03828125  9.905273   -0.4737305
0.009570313  9.919629   -0.4737305
0.09091797  9.933985   -0.5263672
0.05263672  9.881348   -0.4450195
0.03349609  9.838282   -0.5167969
0.03349609  9.890918   -0.4928711
0.004785156  9.876562   -0.4928711
0.02392578  9.905273   -0.4689453
0.01435547  9.895703   -0.3780273
0.05263672  9.919629   -0.4545898
0.02871094  9.957911   -0.5167969
-0.02871094  9.857422   -0.4019531
0.03349609  9.866992   -0.5167969
0.04785156  9.953125   -0.4737305
-0.01435547  9.847852   -0.4689453
0.04785156  9.881348   -0.5455078
0.01435547  9.957911   -0.4545898
0.02392578  9.972265   -0.5885742
0.004785156  9.919629   -0.5359375
0.0430664  9.866992   -0.4450195
0.05742187  9.914844   -0.4545898
-0.009570313  9.986621   -0.4928711
0.0430664  9.890918   -0.4785156
0.03349609  9.833496   -0.5694336
-0.009570313  9.890918   -0.5455078
-0.03349609  9.905273   -0.521582
