-0.4268293  -0.06097561   -1.097561
-0.4878049  -0.1829268   -0.9146342
-0.5487805  -0.06097561   -0.9146342
-0.3048781  -0.06097561   -0.7926829
-0.6097561  -0.06097561   -1.097561
-0.4878049  0   -0.8536586
-0.7926829  -0.1219512   -0.9756098
-0.6707317  0.1829268   -0.8536586
-0.5487805  -0.1219512   -0.9146342
-0.5487805  -0.1219512   -0.9756098
-0.3048781  0   -0.9756098
-0.4878049  0.1219512   -0.8536586
-0.4878049  -0.06097561   -0.9146342
-0.4878049  0.1219512   -0.8536586
-0.4268293  0.1219512   -0.9756098
-0.7317073  -0.1829268   -0.9756098
-0.6097561  0   -0.9756098
-0.5487805  0.06097561   -0.8536586
-0.4878049  -0.06097561   -0.7926829
-0.4878049  0.2439024   -1.036585
-0.4878049  -0.1219512   -0.9756098
-0.5487805  -0.1829268   -0.9146342
-0.6707317  -0.06097561   -0.7926829
-0.5487805  -0.1829268   -0.9146342
-0.6097561  0   -1.036585
-0.6097561  -0.06097561   -1.036585
-0.4268293  -0.06097561   -1.097561
-0.6707317  -0.1219512   -0.9146342
-0.4268293  -0.06097561   -0.7317073
-0.7926829  -0.1219512   -0.8536586
-0.6707317  -0.06097561   -1.036585
-0.6097561  -0.06097561   -0.7926829
-0.4878049  -0.06097561   -1.036585
-0.6097561  -0.06097561   -0.9146342
-0.6097561  0.06097561   -0.9756098
-0.5487805  0.06097561   -1.158537
-0.7317073  0.1219512   -0.8536586
-0.3658537  -0.1829268   -0.9756098
-0.3048781  0.06097561   -0.9146342
-0.5487805  0.06097561   -0.9146342
-0.6097561  0   -0.9146342
-0.6097561  0   -0.7926829
-0.4268293  -0.06097561   -0.8536586
-0.4878049  0   -0.9756098
-0.6097561  -0.1219512   -0.7926829
-0.6097561  0.1219512   -1.036585
-0.6707317  -0.06097561   -0.8536586
-0.4268293  0   -1.036585
-0.3658537  0.06097561   -0.9756098
-0.4878049  -0.1829268   -0.9146342
-0.7926829  -0.06097561   -0.7317073
-0.5487805  -0.1219512   -0.9756098
-0.6097561  -0.1829268   -0.9756098
-0.7317073  -0.06097561   -0.9756098
-0.3658537  0.06097561   -0.6707317
-0.5487805  -0.1219512   -1.036585
-0.4268293  0   -0.7317073
-0.7317073  -0.1219512   -1.036585
-0.7926829  -0.06097561   -0.7317073
-0.5487805  -0.2439024   -0.7926829
-0.5487805  0.1829268   -0.8536586
-0.6707317  0.1829268   -0.7926829
-0.5487805  0   -0.9756098
-0.7317073  -0.1829268   -1.036585
-0.7317073  0   -0.9146342
-0.6097561  0.1219512   -0.9756098
-0.4268293  0.1219512   -0.9756098
-0.4878049  0   -0.7317073
-0.6097561  0   -0.8536586
-0.4878049  0   -0.7926829
-0.6707317  0.06097561   -1.097561
-0.6097561  -0.06097561   -1.036585
-0.4268293  -0.06097561   -0.8536586
-0.6097561  -0.1829268   -0.8536586
-0.6707317  -0.06097561   -0.9756098
-0.4268293  -0.06097561   -1.097561
-0.4268293  0   -0.8536586
-0.6097561  -0.06097561   -1.097561
-0.5487805  0.06097561   -0.8536586
-0.4268293  0.06097561   -0.7926829
-0.5487805  -0.1829268   -0.9756098
-0.4878049  -0.1219512   -0.9756098
-0.4878049  -0.2439024   -1.097561
-0.6097561  -0.1219512   -0.9756098
-0.6707317  -0.1219512   -0.7926829
-0.6097561  0.1219512   -0.8536586
-0.7317073  -0.06097561   -0.8536586
-0.5487805  -0.1829268   -0.8536586
-0.6707317  -0.06097561   -0.8536586
-0.4268293  0.1219512   -1.036585
-0.6097561  0.06097561   -0.9146342
-0.6097561  0   -0.7926829
-0.5487805  -0.1219512   -0.9756098
-0.5487805  0.06097561   -1.036585
-0.7926829  -0.06097561   -0.8536586
-0.7926829  -0.1829268   -1.097561
-0.4878049  0   -0.7926829
-0.6097561  0.06097561   -0.7317073
-0.3658537  -0.1829268   -0.7317073
-0.6097561  0   -0.9756098
-0.6097561  -0.06097561   -1.097561
-0.7317073  -0.2439024   -0.9756098
-0.6707317  0.1219512   -0.8536586
-0.5487805  -0.1219512   -0.9756098
-0.5487805  0   -0.9146342
-0.5487805  -0.1829268   -0.8536586
-0.5487805  -0.1829268   -1.036585
-0.8536586  0   -1.097561
-0.4878049  0   -0.8536586
-0.2439024  -0.06097561   -0.7317073
-0.7926829  0.1829268   -1.036585
-0.6707317  -0.1829268   -0.9146342
-0.4878049  -0.1219512   -0.9756098
-0.6097561  -0.06097561   -0.9146342
-0.6097561  -0.1829268   -1.036585
-0.4878049  0.1219512   -1.036585
-0.4878049  0.06097561   -1.036585
-0.6097561  -0.1219512   -0.9146342
-0.6707317  -0.06097561   -1.036585
-0.7317073  -0.06097561   -0.9756098
-0.6097561  -0.1829268   -1.036585
-0.5487805  0.1219512   -0.9146342
-0.3658537  0.1219512   -0.9756098
-0.4878049  -0.06097561   -1.036585
-0.5487805  0.06097561   -0.9756098
-0.6097561  0   -1.097561
-0.6097561  -0.06097561   -0.9756098
-0.7317073  0.06097561   -1.158537
-0.6097561  -0.1219512   -0.9756098
-0.7926829  -0.06097561   -0.8536586
-0.4878049  -0.06097561   -1.097561
-0.4268293  -0.06097561   -0.7926829
-0.5487805  -0.2439024   -0.9146342
-0.4878049  -0.06097561   -0.9146342
-0.6097561  -0.1219512   -0.9756098
-0.5487805  0.1219512   -0.9756098
-0.4268293  -0.1219512   -1.158537
-0.4268293  0   -0.7926829
-0.6097561  -0.06097561   -0.8536586
-0.6097561  0.06097561   -0.8536586
-0.6097561  0   -1.036585
-0.3048781  -0.1219512   -0.7926829
-0.7926829  0.06097561   -1.097561
-0.6097561  0   -0.9756098
-0.6707317  -0.1829268   -0.9756098
-0.7317073  -0.06097561   -1.036585
-0.5487805  0   -0.8536586
-0.4268293  -0.06097561   -0.7317073
-0.6707317  -0.1829268   -0.9146342
-0.6707317  0   -0.9146342
-0.7317073  -0.1219512   -0.9756098
-0.6707317  -0.1219512   -0.9756098
-0.6707317  0.06097561   -0.8536586
-0.4268293  -0.06097561   -1.097561
-0.7926829  0   -0.8536586
-0.5487805  0.1829268   -0.9756098
-0.6097561  0.1219512   -1.036585
-0.7317073  -0.06097561   -0.9756098
-0.4268293  0   -0.9146342
-0.6097561  0   -0.8536586
-0.5487805  -0.1829268   -0.7926829
-0.7926829  -0.06097561   -1.036585
-0.6707317  -0.06097561   -0.9756098
-0.4268293  0   -0.9756098
-0.6707317  0.06097561   -0.9146342
-0.5487805  0.06097561   -0.9756098
-0.6097561  -0.06097561   -0.9756098
-0.6707317  0   -0.9756098
-0.7926829  -0.2439024   -1.036585
-0.6707317  -0.1219512   -0.9146342
-0.4878049  -0.1219512   -0.7926829
-0.6097561  -0.1219512   -0.6097561
-0.3658537  -0.1219512   -1.158537
-0.4268293  -0.1219512   -0.9756098
-0.6097561  0.06097561   -1.158537
-0.7317073  0.1219512   -0.8536586
-0.7926829  -0.1219512   -0.7317073
-0.5487805  -0.06097561   -0.9146342
-0.6097561  -0.06097561   -0.9756098
-0.3658537  0   -0.7317073
-0.4878049  0   -1.097561
-0.6097561  0   -1.036585
-0.6097561  0.1219512   -0.9146342
-0.6707317  -0.06097561   -0.6707317
-0.4878049  0.06097561   -0.8536586
-0.7926829  -0.1219512   -1.219512
-0.6097561  0   -0.9756098
-0.3658537  -0.06097561   -0.9146342
-0.5487805  0   -0.7317073
-0.5487805  -0.2439024   -0.8536586
-0.5487805  0   -1.036585
-0.5487805  -0.2439024   -0.8536586
-0.7317073  0   -0.9756098
-0.7317073  0   -0.9756098
-0.6097561  -0.1219512   -0.9756098
-0.6097561  0.06097561   -0.8536586
-0.4268293  0.06097561   -0.9756098
-0.6097561  -0.1829268   -0.8536586
-0.4878049  0.06097561   -1.097561
-0.5487805  -0.1219512   -1.097561
-0.6707317  -0.1219512   -0.9146342
0.09085393  0.1618902   0.0844515
0.09085393  -0.02103661   -0.1594509
0.2128052  0.039939   0.02347589
-0.0920729  -0.08201222   0.02347589
-0.2140241  0.1009146   -0.1594509
0.02987832  -0.08201222   -0.09847528
-0.0920729  -0.2649391   0.2064027
-0.03109729  0.039939   0.2064027
0.09085393  -0.02103661   0.02347589
0.1518295  0.1009146   0.1454271
-0.0920729  -0.08201222   0.02347589
-0.03109729  -0.02103661   0.1454271
-0.03109729  -0.08201222   0.0844515
0.09085393  0.039939   -0.03749973
-0.03109729  -0.02103661   0.02347589
0.09085393  0.039939   0.0844515
-0.0920729  -0.02103661   -0.09847528
0.09085393  -0.02103661   -0.09847528
-0.03109729  -0.08201222   0.1454271
0.09085393  -0.02103661   -0.03749973
0.02987832  0.1009146   0.0844515
0.02987832  -0.1429878   -0.1594509
-0.0920729  -0.1429878   -0.03749973
0.09085393  0.1009146   0.0844515
-0.0920729  -0.1429878   0.0844515
-0.0920729  0.1618902   0.2064027
0.2128052  0.039939   0.02347589
0.02987832  -0.02103661   -0.09847528
0.02987832  0.1009146   -0.03749973
-0.1530485  -0.02103661   -0.09847528
0.09085393  -0.08201222   0.02347589
0.09085393  -0.08201222   -0.03749973
0.02987832  0.1009146   -0.03749973
-0.03109729  0.1009146   -0.03749973
0.02987832  -0.08201222   -0.03749973
-0.2140241  -0.1429878   0.02347589
-0.03109729  0.2228658   0.0844515
0.02987832  0.039939   0.0844515
-0.1530485  -0.02103661   -0.09847528
-0.03109729  -0.02103661   0.02347589
-0.03109729  -0.2039634   0.02347589
-0.03109729  -0.2039634   -0.1594509
0.02987832  0.1009146   0.0844515
-0.03109729  -0.1429878   -0.03749973
-0.03109729  -0.1429878   0.0844515
-0.03109729  -0.02103661   -0.03749973
0.02987832  0.039939   -0.1594509
-0.1530485  0.1009146   0.0844515
-0.1530485  -0.08201222   0.0844515
0.1518295  0.1009146   0.0844515
-0.0920729  0.1009146   0.0844515
-0.0920729  0.039939   0.1454271
0.02987832  -0.08201222   0.02347589
0.1518295  -0.08201222   -0.2204265
-0.03109729  0.1009146   -0.03749973
-0.1530485  0.344817   0.1454271
0.2128052  -0.02103661   0.2064027
0.09085393  -0.1429878   0.02347589
-0.0920729  0.039939   -0.03749973
0.02987832  0.1009146   0.0844515
-0.0920729  0.1618902   -0.1594509
-0.0920729  0.1009146   0.1454271
0.09085393  -0.1429878   0.0844515
-0.0920729  -0.02103661   -0.03749973
-0.2140241  -0.08201222   0.02347589
0.02987832  -0.2039634   -0.1594509
0.2737808  0.1009146   0.02347589
-0.03109729  0.039939   -0.03749973
0.02987832  0.039939   0.1454271
-0.03109729  0.039939   -0.1594509
0.02987832  -0.1429878   0.02347589
-0.0920729  -0.02103661   -0.03749973
-0.03109729  0.2228658   -0.03749973
-0.0920729  -0.08201222   -0.09847528
0.02987832  0.1009146   0.1454271
0.3347564  0.039939   0.02347589
-0.2140241  0.1618902   0.0844515
-0.1530485  -0.08201222   -0.09847528
0.09085393  0.039939   0.02347589
0.02987832  -0.2039634   0.02347589
-0.03109729  -0.02103661   0.0844515
-0.2140241  0.039939   0.02347589
0.1518295  -0.08201222   0.02347589
-0.1530485  -0.1429878   -0.3423777
-0.03109729  0.1009146   0.02347589
-0.0920729  -0.2039634   -0.09847528
-0.0920729  -0.1429878   0.02347589
0.1518295  -0.2039634   0.1454271
-0.0920729  0.1009146   0.1454271
-0.0920729  0.039939   -0.09847528
0.1518295  0.1618902   -0.2204265
0.02987832  0.2228658   0.1454271
0.09085393  -0.02103661   0.0844515
-0.1530485  -0.08201222   0.02347589
-0.1530485  0.1009146   -0.2814022
-0.0920729  0.1618902   0.02347589
-0.03109729  0.2228658   -0.09847528
-0.3359753  0.039939   0.0844515
0.02987832  0.039939   -0.03749973
0.09085393  -0.1429878   0.02347589
-0.2749997  -0.1429878   -0.09847528
-0.0920729  0.1618902   -0.09847528
-0.03109729  -0.08201222   -0.09847528
0.2128052  0.039939   0.0844515
0.09085393  0.1009146   0.02347589
-0.0920729  -0.02103661   0.02347589
-0.03109729  -0.1429878   -0.03749973
-0.0920729  0.039939   -0.03749973
-0.0920729  0.039939   -0.1594509
0.02987832  0.039939   0.02347589
-0.1530485  0.1618902   -0.1594509
0.2128052  0.039939   -0.09847528
-0.03109729  0.039939   0.0844515
-0.2140241  -0.1429878   0.02347589
0.02987832  0.039939   -0.09847528
0.09085393  -0.02103661   0.1454271
-0.0920729  0.039939   0.2064027
-0.1530485  0.039939   0.0844515
-0.03109729  -0.02103661   0.0844515
-0.0920729  0.1618902   -0.09847528
0.02987832  0.1618902   0.02347589
-0.2140241  0.039939   0.1454271
-0.03109729  0.1618902   0.02347589
0.2128052  -0.1429878   0.1454271
-0.0920729  -0.1429878   0.1454271
-0.1530485  -0.1429878   -0.03749973
0.1518295  -0.2649391   -0.09847528
-0.1530485  -0.1429878   -0.03749973
-0.03109729  0.1009146   0.2673783
-0.0920729  0.039939   0.02347589
-0.1530485  0.039939   -0.2814022
0.1518295  0.2228658   -0.2204265
0.09085393  0.1618902   0.0844515
-0.0920729  -0.08201222   0.02347589
-0.1530485  0.1618902   -0.09847528
-0.0920729  -0.02103661   -0.03749973
-0.03109729  0.1618902   0.1454271
-0.1530485  -0.02103661   -0.1594509
-0.3359753  -0.02103661   -0.09847528
0.02987832  -0.02103661   0.02347589
0.1518295  0.039939   0.1454271
-0.1530485  0.039939   0.2064027
0.09085393  -0.02103661   0.0844515
0.02987832  0.1009146   -0.03749973
0.09085393  0.039939   0.0844515
-0.1530485  0.039939   0.02347589
-0.1530485  -0.02103661   0.02347589
0.1518295  0.039939   0.0844515
0.09085393  0.2228658   0.02347589
-0.1530485  0.039939   -0.03749973
0.02987832  -0.08201222   -0.1594509
-0.1530485  0.1009146   0.2064027
-0.03109729  -0.08201222   0.02347589
0.1518295  -0.1429878   0.02347589
-0.1530485  0.039939   -0.2814022
-0.0920729  0.1009146   -0.2204265
-0.0920729  -0.02103661   0.02347589
0.1518295  -0.08201222   0.1454271
-0.0920729  -0.02103661   0.0844515
-0.03109729  0.039939   -0.03749973
0.02987832  0.039939   0.2064027
-0.03109729  0.1618902   0.02347589
-0.1530485  -0.2039634   -0.1594509
-0.2140241  0.039939   -0.09847528
-0.03109729  0.1618902   0.02347589
-0.03109729  -0.08201222   0.02347589
-0.0920729  0.039939   -0.09847528
0.1518295  0.1009146   -0.09847528
0.1518295  -0.02103661   -0.03749973
-0.2140241  0.1009146   0.2064027
-0.2140241  -0.1429878   -0.03749973
0.02987832  0.1009146   -0.09847528
-0.03109729  0.1618902   0.1454271
-0.0920729  0.039939   0.0844515
0.02987832  0.039939   -0.1594509
-0.1530485  0.1618902   -0.09847528
-0.0920729  -0.08201222   0.0844515
-0.03109729  0.039939   0.02347589
-0.3359753  0.1009146   -0.03749973
-0.0920729  -0.02103661   -0.09847528
0.09085393  0.039939   -0.03749973
0.02987832  -0.02103661   0.0844515
-0.2749997  0.039939   0.02347589
-0.1530485  -0.02103661   0.2064027
0.02987832  -0.02103661   -0.03749973
0.02987832  0.039939   0.2064027
0.09085393  0.1009146   -0.03749973
-0.03109729  0.1009146   -0.03749973
0.02987832  0.1618902   0.02347589
-0.1530485  0.1618902   0.1454271
-0.2749997  0.1009146   -0.03749973
0.02987832  -0.02103661   0.02347589
0.09085393  -0.02103661   0.02347589
-0.2140241  0.1009146   -0.03749973
0.02987832  0.1618902   0.1454271
-0.03109729  0.1618902   -0.1594509
-0.03109729  0.039939   0.02347589
-0.03109729  0.1618902   -0.03749973
-0.0920729  0.1009146   0.2064027
-0.0920729  -0.08201222   -0.2204265
-0.03109729  -0.02103661   -0.2204265
-0.1530485  -0.02103661   0.1454271
-0.0920729  -0.1429878   0.2064027
-0.0920729  0.039939   -0.4643289
0.1518295  -0.02103661   0.0844515
-0.03109729  0.2228658   -0.03749973
-0.0920729  0.1009146   -0.09847528
-0.2140241  0.1009146   -0.03749973
-0.0920729  -0.02103661   0.0844515
0.09085393  0.1009146   0.1454271
0.2737808  0.1618902   0.0844515
-0.0920729  -0.02103661   -0.03749973
-0.1530485  -0.02103661   -0.03749973
0.09085393  -0.02103661   0.0844515
0.02987832  0.1009146   -0.03749973
-0.03109729  0.2838414   -0.2204265
0.02987832  -0.08201222   -0.03749973
-0.03109729  -0.02103661   0.02347589
0.09085393  0.039939   0.2064027
-0.0920729  0.1009146   0.0844515
-0.03109729  0.2228658   0.02347589
0.02987832  -0.08201222   0.02347589
-0.0920729  -0.02103661   0.02347589
-0.0920729  0.039939   -0.2204265
-0.1530485  0.039939   -0.1594509
0.02987832  -0.08201222   0.02347589
0.1518295  0.1009146   0.0844515
-0.1530485  -0.08201222   0.02347589
-0.0920729  -0.02103661   -0.03749973
-0.0920729  0.039939   -0.03749973
0.09085393  0.1618902   -0.03749973
-0.0920729  -0.02103661   0.0844515
-0.03109729  -0.1429878   0.0844515
0.02987832  -0.2649391   -0.03749973
0.02987832  0.1009146   -0.03749973
-0.0920729  -0.02103661   0.02347589
-0.0920729  0.039939   -0.09847528
0.09085393  0.1618902   0.2673783
0.02987832  -0.2039634   0.1454271
-0.03109729  -0.02103661   0.02347589
0.09085393  0.039939   -0.2814022
-0.1530485  0.1009146   -0.03749973
-0.03109729  0.039939   0.0844515
0.1518295  -0.1429878   -0.09847528
-0.2749997  0.039939   -0.1594509
-0.03109729  0.1618902   -0.1594509
-0.03109729  0.039939   0.02347589
0.02987832  0.4057927   0.02347589
-0.03109729  -0.02103661   -0.2204265
-0.03109729  -0.02103661   -0.03749973
0.09085393  0.039939   -0.09847528
-0.03109729  -0.08201222   0.1454271
-0.0920729  -0.02103661   -0.09847528
-0.0920729  0.2838414   -0.1594509
0.2128052  0.1618902   -0.1594509
0.02987832  0.1618902   0.0844515
0.02987832  0.1618902   0.0844515
-0.0920729  -0.2039634   0.0844515
-0.0920729  -0.02103661   0.02347589
-0.1530485  -0.1429878   0.02347589
0.02987832  -0.02103661   -0.09847528
-0.03109729  0.039939   0.02347589
-0.1530485  -0.08201222   0.2064027
0.02987832  0.1618902   -0.09847528
-0.03109729  -0.08201222   0.02347589
-0.2749997  -0.02103661   0.0844515
-0.0920729  0.039939   -0.03749973
-0.1530485  -0.1429878   0.2673783
-0.2140241  0.039939   0.0844515
-0.1530485  0.1618902   -0.03749973
-0.0920729  -0.08201222   -0.03749973
-0.0920729  -0.02103661   0.0844515
-0.1530485  0.1618902   -0.03749973
-0.0920729  0.1009146   0.0844515
-0.1530485  0.1618902   0.02347589
0.2128052  0.1618902   -0.1594509
-0.2140241  0.2228658   -0.03749973
0.09085393  -0.02103661   -0.2204265
-0.2140241  -0.3259147   -0.03749973
-0.0920729  -0.08201222   -0.09847528
-0.2140241  0.1618902   0.0844515
-0.1530485  -0.02103661   0.2064027
-0.2140241  0.039939   -0.1594509
0.02987832  -0.08201222   0.0844515
0.02987832  0.039939   -0.03749973
-0.2140241  0.039939   -0.03749973
-0.0920729  -0.02103661   -0.03749973
-0.0920729  -0.1429878   -0.1594509
-0.03109729  -0.08201222   0.0844515
-0.03109729  0.1009146   0.1454271
-0.1530485  0.1618902   -0.03749973
-0.0920729  -0.02103661   0.02347589
-0.03109729  0.1009146   0.1454271
0.02987832  -0.02103661   0.1454271
0.1518295  -0.08201222   -0.2814022
-0.03109729  -0.02103661   0.02347589
-0.0920729  0.039939   0.1454271
-0.2140241  -0.02103661   0.02347589
-0.2140241  -0.02103661   -0.03749973
-0.03109729  0.039939   -0.09847528
-0.03109729  0.1009146   -0.03749973
-0.0920729  0.039939   -0.1594509
-0.03109729  -0.08201222   -0.1594509
0.02987832  -0.1429878   0.02347589
0.09085393  -0.08201222   -0.03749973
-0.0920729  0.1009146   0.02347589
-0.2749997  0.039939   -0.09847528
-0.2140241  0.039939   -0.03749973
-0.2749997  0.1618902   0.02347589
-0.1530485  0.039939   0.0844515
-0.03109729  0.039939   -0.1594509
0.02987832  -0.1429878   0.02347589
0.2128052  0.1009146   -0.09847528
-0.0920729  0.2228658   0.02347589
-0.2749997  -0.08201222   -0.03749973
0.09085393  -0.08201222   -0.2204265
-0.03109729  0.1009146   0.2064027
-0.2140241  -0.02103661   -0.09847528
-0.2749997  0.1009146   -0.1594509
0.02987832  0.039939   -0.2814022
-0.03109729  -0.08201222   -0.2814022
-0.0920729  -0.08201222   -0.09847528
-0.0920729  0.039939   0.0844515
0.02987832  -0.02103661   -0.03749973
0.09085393  0.039939   0.02347589
-0.03109729  0.039939   0.0844515
-0.03109729  0.2228658   0.1454271
-0.0920729  0.039939   -0.1594509
0.02987832  0.039939   -0.2204265
-0.1530485  0.039939   0.1454271
-0.03109729  -0.08201222   0.2064027
0.1518295  0.039939   -0.03749973
0.09085393  -0.02103661   0.02347589
-0.0920729  -0.1429878   0.1454271
-0.03109729  -0.08201222   0.0844515
-0.2140241  0.1009146   -0.1594509
-0.1530485  -0.1429878   0.1454271
-0.0920729  -0.02103661   0.1454271
-0.1530485  -0.08201222   -0.09847528
0.02987832  -0.1429878   -0.09847528
0.1518295  -0.02103661   0.02347589
-0.1530485  -0.08201222   -0.03749973
0.02987832  -0.08201222   0.0844515
0.1518295  0.1009146   0.0844515
0.02987832  0.1009146   -0.03749973
-0.0920729  0.039939   0.2064027
-0.0920729  -0.08201222   0.0844515
-0.1530485  -0.02103661   -0.2814022
0.02987832  -0.1429878   -0.03749973
