-13.0646  -41.26408   10.0675
-12.44162  -41.87542   12.7747
-11.81864  -41.26408   10.7443
-9.9497  -42.48676   14.1283
-11.19566  -40.65274   12.7747
-13.0646  -40.65274   10.0675
-11.19566  -41.26408   13.4515
-10.26119  -40.95841   12.4363
-11.50715  -41.56975   13.1131
-9.9497  -40.0414   12.0979
-11.50715  -40.95841   10.4059
-11.50715  -41.56975   13.1131
-12.13013  -41.56975   11.0827
-10.88417  -42.18109   11.7595
-11.50715  -43.40377   13.7899
-11.81864  -41.87542   12.7747
-11.50715  -41.56975   11.7595
-13.68758  -41.26408   13.4515
-11.81864  -42.48676   12.7747
-10.57268  -43.0981   12.0979
-11.81864  -40.0414   8.7139
-13.0646  -41.87542   9.3907
-12.13013  -42.18109   11.0827
-10.57268  -41.87542   11.4211
-11.50715  -40.95841   11.7595
-11.50715  -42.79243   13.1131
-11.50715  -39.73573   11.0827
-11.50715  -39.73573   11.0827
-10.88417  -40.95841   11.7595
-11.81864  -40.0414   10.0675
-12.44162  -40.65274   12.0979
-11.19566  -40.0414   12.7747
-11.19566  -41.26408   12.0979
-10.88417  -42.18109   12.4363
-10.57268  -41.26408   13.4515
-12.13013  -41.56975   14.4667
-11.50715  -41.56975   11.7595
-12.13013  -41.56975   13.1131
-12.44162  -42.48676   12.7747
-11.81864  -40.0414   12.7747
-12.13013  -40.95841   11.7595
-11.50715  -40.34707   10.4059
-11.81864  -40.0414   12.7747
-11.19566  -39.43006   11.4211
-11.19566  -40.65274   10.7443
-12.13013  -40.34707   11.0827
-11.81864  -41.26408   11.4211
-13.37609  -39.73573   9.729102
-11.81864  -40.65274   12.0979
-11.81864  -41.87542   10.0675
-13.0646  -41.26408   12.0979
-11.19566  -41.26408   12.7747
-10.88417  -42.79243   11.7595
-11.19566  -42.48676   11.4211
-12.13013  -41.56975   13.7899
-13.37609  -41.56975   12.4363
-11.81864  -41.26408   13.4515
-11.50715  -42.79243   11.7595
-10.57268  -41.87542   12.7747
-12.13013  -44.01511   12.4363
-13.68758  -40.0414   10.7443
-12.75311  -40.34707   9.052301
-11.81864  -41.87542   12.0979
-12.13013  -40.34707   11.0827
-12.44162  -40.65274   10.0675
-12.13013  -40.95841   11.7595
-10.88417  -40.95841   9.729102
-12.13013  -41.56975   11.7595
-12.44162  -41.26408   11.4211
-11.81864  -40.65274   10.7443
-11.81864  -39.43006   12.7747
-11.50715  -41.56975   12.4363
-12.13013  -39.73573   11.7595
-11.19566  -41.87542   11.4211
-11.50715  -40.95841   13.1131
-11.50715  -41.56975   12.4363
-11.19566  -41.87542   13.4515
-12.13013  -40.34707   12.4363
-12.13013  -42.18109   11.0827
-11.81864  -42.48676   12.0979
-13.37609  -39.73573   10.4059
-11.19566  -41.87542   11.4211
-11.50715  -40.95841   10.4059
-12.75311  -41.56975   11.7595
-10.26119  -42.18109   11.7595
-11.81864  -41.87542   13.4515
-10.57268  -43.0981   12.0979
-11.50715  -39.73573   12.4363
-12.44162  -41.87542   12.7747
-12.44162  -41.87542   12.0979
-11.81864  -41.26408   10.7443
-13.0646  -40.65274   11.4211
-11.81864  -41.87542   12.0979
-11.81864  -41.26408   10.0675
-11.19566  -41.26408   11.4211
-11.50715  -41.56975   10.4059
-12.13013  -41.56975   11.0827
-10.88417  -40.95841   10.4059
-11.81864  -40.0414   10.7443
-11.81864  -41.26408   12.0979
-12.75311  -40.95841   11.0827
-13.0646  -41.87542   11.4211
-13.0646  -40.65274   12.0979
-11.81864  -40.65274   11.4211
-11.81864  -39.43006   10.7443
-12.75311  -40.95841   11.7595
-11.81864  -41.26408   12.0979
-10.57268  -41.87542   10.0675
-13.99907  -40.95841   10.4059
-13.0646  -39.43006   12.0979
-12.75311  -40.95841   12.4363
-11.50715  -42.79243   11.7595
-11.81864  -43.0981   12.7747
-11.19566  -40.0414   12.7747
-11.81864  -41.26408   12.0979
-10.57268  -42.48676   12.7747
-12.44162  -41.87542   12.0979
-12.13013  -42.18109   11.7595
-12.13013  -42.18109   11.0827
-11.50715  -41.56975   13.1131
-11.19566  -41.87542   12.7747
-11.19566  -41.26408   11.4211
-12.13013  -40.34707   11.7595
-11.50715  -41.56975   11.7595
-13.0646  -40.65274   11.4211
-12.13013  -41.56975   12.4363
-11.50715  -40.34707   10.4059
-12.13013  -40.34707   11.0827
-11.50715  -41.56975   11.0827
-12.13013  -40.95841   11.0827
-11.19566  -40.65274   12.7747
-11.19566  -41.26408   12.0979
-10.57268  -41.26408   12.7747
-11.19566  -41.26408   14.1283
-11.50715  -40.95841   13.7899
-12.13013  -42.79243   12.4363
-12.13013  -41.56975   11.7595
-9.638211  -41.56975   11.7595
-10.26119  -41.56975   13.1131
-9.638211  -42.79243   12.4363
-11.19566  -41.87542   10.7443
-13.0646  -40.65274   11.4211
-10.26119  -40.34707   12.4363
-11.19566  -40.0414   10.7443
-12.75311  -40.34707   12.4363
-12.13013  -41.56975   11.7595
-12.75311  -40.34707   10.4059
-11.81864  -39.43006   11.4211
-12.44162  -41.87542   11.4211
-12.44162  -40.0414   12.7747
-13.37609  -41.56975   11.0827
-11.19566  -41.26408   11.4211
-10.88417  -40.34707   12.4363
-9.9497  -43.70944   12.7747
-13.0646  -41.26408   12.7747
-10.88417  -42.79243   12.4363
-12.13013  -43.40377   12.4363
-10.88417  -42.18109   13.1131
-9.9497  -45.54346   12.7747
-12.13013  -41.56975   11.7595
-13.37609  -40.34707   9.729102
-11.81864  -41.26408   10.0675
-12.13013  -42.18109   11.0827
-12.13013  -40.95841   10.4059
-12.13013  -40.34707   11.0827
-12.44162  -41.26408   11.4211
-9.9497  -41.26408   10.7443
-11.81864  -40.0414   10.7443
-11.19566  -41.26408   10.7443
-11.19566  -41.26408   10.0675
-11.81864  -40.0414   10.7443
-12.44162  -41.87542   10.7443
-11.81864  -41.87542   12.0979
-12.75311  -42.79243   11.7595
-11.50715  -41.56975   13.1131
-11.19566  -41.26408   13.4515
-10.88417  -41.56975   12.4363
-12.13013  -41.56975   13.1131
-12.13013  -44.01511   12.4363
-13.0646  -41.26408   13.4515
-12.75311  -39.12439   10.4059
-11.19566  -40.65274   11.4211
-12.13013  -40.34707   11.0827
-12.13013  -40.34707   10.4059
-11.19566  -40.65274   11.4211
-11.81864  -39.43006   11.4211
-13.68758  -40.0414   11.4211
-11.50715  -40.95841   11.0827
-12.44162  -42.48676   10.0675
-12.13013  -40.95841   13.1131
-10.88417  -42.79243   11.0827
-12.75311  -40.95841   12.4363
-11.81864  -41.87542   12.7747
-11.81864  -42.48676   10.7443
-11.81864  -43.0981   12.0979
-10.88417  -42.79243   12.4363
-10.57268  -43.0981   12.7747
-12.13013  -41.56975   10.4059
-9.9497  -41.87542   12.0979
-10.88417  -40.34707   12.4363
-12.75311  -40.95841   9.729102
-12.44162  -41.26408   11.4211
-11.50715  -40.34707   9.729102
-10.26119  -42.79243   11.7595
-13.0646  -40.0414   12.7747
-13.0646  -41.26408   11.4211
-11.19566  -41.26408   9.3907
-12.44162  -40.0414   12.7747
-13.99907  -39.73573   10.4059
-11.19566  -43.0981   12.0979
-12.44162  -40.0414   12.0979
-12.44162  -41.26408   10.0675
-12.75311  -41.56975   11.0827
-11.19566  -40.65274   10.7443
-12.75311  -40.34707   11.0827
-10.57268  -40.0414   12.7747
-11.50715  -40.95841   11.7595
-9.326722  -41.26408   12.7747
-12.13013  -39.73573   11.0827
-12.13013  -40.34707   13.1131
-10.26119  -40.95841   11.0827
-12.13013  -42.79243   13.7899
-11.19566  -41.87542   12.0979
-11.50715  -42.79243   11.0827
-11.50715  -41.56975   12.4363
-12.75311  -40.34707   11.7595
-12.44162  -41.26408   11.4211
-11.50715  -40.95841   12.4363
-11.50715  -39.73573   11.0827
-11.81864  -40.65274   11.4211
-13.37609  -40.34707   9.729102
-10.57268  -38.81872   11.4211
-11.81864  -40.0414   10.7443
-10.57268  -41.87542   12.0979
-11.50715  -40.34707   11.7595
-11.50715  -40.34707   10.4059
-12.13013  -41.56975   11.7595
-12.44162  -41.87542   10.7443
-13.0646  -41.87542   12.0979
-11.81864  -41.87542   10.7443
-10.26119  -39.73573   11.7595
-12.13013  -40.95841   11.7595
-9.638211  -41.56975   11.0827
-11.19566  -42.48676   12.7747
-11.81864  -42.48676   10.7443
-11.19566  -40.65274   12.0979
-11.81864  -42.48676   11.4211
-12.44162  -40.65274   10.7443
-12.13013  -41.56975   13.1131
-11.81864  -40.0414   11.4211
-11.81864  -39.43006   11.4211
-12.44162  -41.87542   11.4211
-12.44162  -40.65274   11.4211
-12.44162  -40.65274   11.4211
-13.68758  -41.87542   11.4211
-11.81864  -40.65274   12.0979
-12.13013  -40.34707   11.0827
-13.0646  -41.26408   11.4211
-12.75311  -40.34707   12.4363
-12.44162  -40.65274   10.7443
-11.50715  -39.12439   11.7595
-11.50715  -40.95841   12.4363
-12.44162  -43.0981   14.1283
-12.13013  -40.95841   11.0827
-13.0646  -42.48676   11.4211
-10.88417  -41.56975   13.7899
-11.19566  -41.87542   10.7443
-12.13013  -39.73573   9.729102
-11.50715  -40.95841   11.7595
-12.13013  -41.56975   9.729102
-12.44162  -41.26408   12.0979
-12.75311  -39.73573   11.0827
-11.50715  -41.56975   11.7595
-12.75311  -38.51305   10.4059
-11.50715  -40.34707   12.4363
-11.81864  -40.0414   11.4211
-12.44162  -40.0414   9.3907
-11.81864  -41.26408   12.7747
-11.50715  -40.95841   11.0827
-13.0646  -41.26408   12.7747
-10.57268  -40.0414   12.7747
-12.75311  -42.18109   13.7899
-11.19566  -41.26408   12.7747
-11.50715  -42.18109   13.1131
-11.19566  -41.87542   14.1283
-11.50715  -40.95841   13.7899
-12.44162  -39.43006   10.0675
-12.13013  -41.56975   11.0827
-10.88417  -40.34707   11.7595
-11.19566  -41.26408   10.7443
-10.26119  -42.79243   11.0827
-10.88417  -42.79243   10.4059
-10.57268  -41.87542   11.4211
-11.81864  -41.87542   12.7747
-12.13013  -39.73573   11.7595
-11.81864  -40.0414   11.4211
-12.13013  -39.73573   10.4059
-11.81864  -40.65274   11.4211
-12.13013  -41.56975   11.0827
-11.81864  -41.26408   10.7443
-10.88417  -40.34707   11.7595
-11.50715  -41.56975   13.1131
-11.19566  -42.48676   12.7747
-10.26119  -40.95841   11.0827
-12.75311  -40.95841   11.7595
-12.13013  -42.79243   14.4667
-11.81864  -39.43006   12.7747
-11.50715  -41.56975   11.0827
-12.44162  -41.26408   10.7443
-12.75311  -40.95841   9.729102
-12.13013  -40.95841   9.729102
-13.37609  -39.73573   10.4059
-12.75311  -41.56975   11.0827
-9.638211  -40.34707   11.0827
-13.0646  -41.87542   11.4211
-11.50715  -39.73573   11.0827
-12.13013  -42.18109   11.0827
-10.88417  -41.56975   11.0827
-11.19566  -41.87542   12.0979
-10.57268  -41.26408   10.7443
-13.0646  -40.0414   10.0675
-11.19566  -41.87542   14.1283
-11.50715  -41.56975   12.4363
-12.13013  -40.95841   12.4363
-10.88417  -42.18109   12.4363
-10.88417  -41.56975   13.1131
-11.81864  -40.65274   12.0979
-10.57268  -40.65274   11.4211
-12.44162  -40.65274   11.4211
-12.13013  -42.18109   11.7595
-11.19566  -40.65274   12.7747
-12.13013  -39.73573   9.052301
-12.75311  -40.95841   9.729102
-13.0646  -40.0414   12.0979
-11.81864  -41.26408   10.7443
-11.50715  -40.95841   11.0827
-13.0646  -42.48676   10.7443
-11.19566  -39.43006   11.4211
-12.13013  -41.56975   13.1131
-12.13013  -39.73573   11.7595
-13.0646  -41.26408   12.0979
-11.19566  -40.0414   11.4211
-11.50715  -40.95841   11.7595
-12.13013  -41.56975   11.7595
-10.57268  -40.65274   9.3907
-10.88417  -41.56975   12.4363
-11.81864  -40.65274   12.7747
-12.13013  -42.18109   12.4363
-13.0646  -42.48676   10.7443
-13.68758  -40.0414   10.7443
-12.13013  -41.56975   11.7595
-11.81864  -40.65274   10.7443
-10.88417  -40.95841   12.4363
-11.50715  -40.34707   11.0827
-12.13013  -40.34707   11.0827
-11.19566  -40.65274   10.7443
-12.13013  -40.34707   10.4059
-11.81864  -40.65274   10.7443
-13.0646  -40.0414   11.4211
-10.88417  -39.73573   11.0827
-11.50715  -39.12439   11.7595
-12.44162  -40.0414   12.7747
-11.81864  -42.48676   12.7747
-10.57268  -41.87542   13.4515
-10.57268  -41.87542   12.7747
-10.88417  -42.79243   13.1131
-12.75311  -42.18109   11.0827
-12.44162  -40.65274   12.0979
-10.26119  -41.56975   11.0827
-12.44162  -41.26408   10.0675
-10.88417  -41.56975   11.0827
-12.44162  -40.0414   12.0979
-10.88417  -40.95841   10.4059
-13.0646  -40.0414   10.7443
-10.88417  -40.34707   11.7595
-11.50715  -42.79243   13.1131
-11.50715  -40.34707   12.4363
-12.13013  -40.34707   10.4059
-11.19566  -41.26408   10.7443
-12.75311  -41.56975   11.0827
-9.638211  -39.12439   11.0827
-11.19566  -41.87542   10.7443
-12.75311  -40.95841   13.1131
-11.19566  -41.87542   10.7443
-11.81864  -41.87542   12.7747
-12.75311  -40.34707   13.7899
-11.19566  -41.26408   12.0979
-12.44162  -40.65274   12.7747
-11.50715  -41.56975   13.1131
-12.75311  -40.95841   11.0827
-11.50715  -40.95841   11.0827
-11.19566  -40.0414   11.4211
-11.81864  -40.65274   10.0675
-12.44162  -38.81872   10.7443
-11.50715  -40.34707   10.4059
-12.75311  -40.34707   11.0827
-12.44162  -41.26408   11.4211
-11.19566  -40.65274   11.4211
-12.13013  -40.95841   11.0827
-11.19566  -40.0414   10.7443
-11.19566  -41.87542   12.7747
-11.19566  -41.87542   12.0979
-11.81864  -41.26408   12.0979
-10.88417  -41.56975   11.7595
-10.57268  -41.87542   11.4211
-11.50715  -40.95841   13.1131
-13.0646  -41.87542   12.7747
-12.13013  -42.79243   10.4059
-11.19566  -40.65274   11.4211
-10.88417  -40.95841   11.0827
-11.50715  -39.73573   10.4059
-13.0646  -40.65274   9.3907
-11.81864  -38.81872   9.3907
-12.13013  -40.34707   13.1131
-13.0646  -40.0414   11.4211
-12.13013  -40.95841   11.0827
-13.68758  -41.87542   10.7443
-12.13013  -39.12439   12.4363
-11.81864  -40.0414   12.7747
-12.13013  -40.34707   10.4059
-12.75311  -40.34707   11.7595
-12.75311  -41.56975   12.4363
-9.015228  -42.18109   15.1435
-12.75311  -42.18109   11.0827
-12.44162  -41.26408   12.7747
-11.81864  -40.0414   12.7747
-10.88417  -40.95841   11.7595
-9.638211  -41.56975   12.4363
-10.57268  -41.26408   12.0979
-11.50715  -41.56975   13.1131
-12.44162  -41.26408   9.3907
-11.19566  -39.43006   9.3907
-10.88417  -41.56975   12.4363
-12.44162  -41.26408   12.0979
-11.81864  -40.65274   9.3907
-11.50715  -39.73573   11.7595
-10.57268  -40.65274   10.7443
-12.44162  -40.0414   11.4211
-11.50715  -39.73573   11.0827
-12.44162  -40.0414   10.7443
-10.57268  -41.26408   12.0979
-10.57268  -43.0981   13.4515
-12.75311  -42.79243   13.1131
-11.19566  -41.26408   11.4211
-10.88417  -40.95841   13.1131
-11.19566  -41.87542   12.7747
-11.81864  -41.26408   12.0979
-12.44162  -40.65274   12.0979
-10.57268  -41.26408   13.4515
-10.26119  -42.79243   10.4059
-11.19566  -40.0414   11.4211
-12.44162  -40.0414   10.7443
-13.37609  -41.56975   9.729102
-11.50715  -40.95841   9.729102
-10.26119  -40.34707   11.7595
-12.13013  -41.56975   11.7595
-11.50715  -40.34707   11.7595
-11.81864  -41.26408   11.4211
-11.81864  -41.26408   12.7747
-12.13013  -40.95841   12.4363
-11.50715  -40.34707   9.729102
-10.88417  -40.95841   11.7595
-10.88417  -40.95841   12.4363
-10.57268  -43.0981   12.7747
-12.13013  -41.56975   11.0827
-11.50715  -41.56975   11.7595
-11.19566  -40.65274   13.4515
-11.19566  -43.0981   12.0979
-12.44162  -44.32078   13.4515
-11.81864  -42.48676   12.7747
-13.68758  -40.65274   10.0675
-11.81864  -40.0414   10.7443
-12.75311  -40.34707   11.7595
-11.81864  -41.87542   12.7747
-11.81864  -40.0414   12.0979
-13.0646  -40.65274   10.7443
-14.31056  -40.0414   11.4211
-11.19566  -41.87542   10.7443
-11.50715  -41.56975   12.4363
-12.75311  -42.79243   13.1131
-11.19566  -40.65274   10.7443
-10.57268  -40.65274   12.7747
-11.19566  -41.87542   14.1283
-12.13013  -42.18109   11.7595
-12.75311  -41.56975   11.7595
-11.19566  -41.26408   11.4211
-12.13013  -42.18109   11.7595
-9.638211  -40.34707   12.4363
-10.88417  -42.79243   12.4363
-11.19566  -41.26408   15.4819
-12.44162  -38.81872   12.0979
-12.13013  -39.73573   12.4363
-12.13013  -40.95841   12.4363
-11.50715  -40.95841   11.0827
-12.75311  -39.12439   11.7595
-12.75311  -40.95841   11.0827
-11.81864  -42.48676   11.4211
-12.44162  -41.26408   10.7443
-12.75311  -39.12439   11.0827
-11.81864  -40.65274   12.7747
-12.44162  -42.48676   13.4515
-11.50715  -40.95841   13.1131
-11.81864  -41.26408   12.7747
-10.26119  -42.79243   13.7899
-10.88417  -41.56975   12.4363
-9.638211  -40.34707   13.1131
-11.50715  -42.79243   12.4363
-13.37609  -41.56975   12.4363
-11.81864  -41.26408   11.4211
-12.13013  -41.56975   11.7595
-12.13013  -39.12439   11.0827
-11.50715  -39.12439   10.4059
-12.75311  -40.34707   13.1131
-11.50715  -40.34707   12.4363
-12.75311  -40.34707   9.729102
-12.13013  -41.56975   11.7595
-13.37609  -40.34707   11.0827
-12.13013  -40.34707   11.7595
-11.19566  -40.0414   11.4211
-10.57268  -40.65274   10.7443
-11.19566  -40.65274   10.0675
-11.81864  -41.26408   11.4211
-10.26119  -42.79243   12.4363
-11.50715  -42.18109   13.1131
-12.13013  -42.79243   12.4363
-11.50715  -42.79243   13.7899
-11.19566  -41.87542   11.4211
-12.44162  -41.87542   12.7747
-11.50715  -40.34707   13.1131
-10.26119  -40.95841   13.1131
-12.13013  -38.51305   11.7595
-13.0646  -39.43006   12.0979
-13.99907  -39.73573   11.0827
-11.19566  -38.81872   12.7747
-13.37609  -42.18109   11.7595
-12.44162  -37.59604   10.0675
-10.26119  -39.12439   11.0827
-12.75311  -40.95841   10.4059
-10.88417  -41.56975   9.052301
-10.57268  -40.65274   10.7443
-11.19566  -41.26408   12.0979
-11.19566  -38.81872   11.4211
-10.88417  -40.95841   11.0827
-11.19566  -41.87542   13.4515
-11.19566  -42.48676   14.1283
-12.44162  -41.26408   13.4515
-11.50715  -42.79243   11.7595
-9.638211  -40.95841   13.7899
-11.19566  -41.87542   12.7747
-10.26119  -42.18109   13.1131
