0  0   0 0
0  0   0 0
0  0   0 0
0  0   0 0
0  0   0 0
0  0   0 0
0  0   0 0
0  0   0 0
0  0   0 0
0  0   0 0
0  0   0 0
0  0   0 0
0  0   0 0
0  0   0 0
0  0   0 0
0  0   0 0
0  0   0 0
0  0   0 0
0  0   0 0
0  0   0 0
0  0   0 0
0  0   0 0
0  0   0 0
0  0   0 0
0  0   0 0
0  0   0 0
0  0   0 0
0  0   0 0
0  0   0 0
0  0   0 0
0  0   0 0
0  0   0 0
0  0   0 0
0  0   0 0
0  0   0 0
0  0   0 0
0  0   0 0
0  0   0 0
0  0   0 0
0  0   0 0
0  0   0 0
0  0   0 0
0  0   0 0
0  0   0 0
0  0   0 0
0  0   0 0
0  0   0 0
0  0   0 0
0  0   0 0
0  0   0 0
0  0   0 0
0  0   0 0
0  0   0 0
0  0   0 0
0  0   0 0
0  0   0 0
0  0   0 0
0  0   0 0
0  0   0 0
0  0   0 0
0  0   0 0
0  0   0 0
0  0   0 0
0  0   0 0
0  0   0 0
0  0   0 0
0  0   0 0
0  0   0 0
0  0   0 0
0  0   0 0
0  0   0 0
0  0   0 0
0  0   0 0
0  0   0 0
0  0   0 0
0  0   0 0
0  0   0 0
0  0   0 0
0  0   0 0
0  0   0 0
0  0   0 0
0  0   0 0
0  0   0 0
0  0   0 0
0  0   0 0
0  0   0 0
0  0   0 0
0  0   0 0
0  0   0 0
0  0   0 0
0  0   0 0
0  0   0 0
0  0   0 0
0  0   0 0
0  0   0 0
0  0   0 0
0  0   0 0
0  0   0 0
0  0   0 0
0  0   0 0
0  0   0 0
0  0   0 0
0  0   0 0
0  0   0 0
0  0   0 0
0  0   0 0
0  0   0 0
0  0   0 0
0  0   0 0
0  0   0 0
0  0   0 0
0  0   0 0
0  0   0 0
0  0   0 0
0  0   0 0
0  0   0 0
0  0   0 0
0  0   0 0
0  0   0 0
0  0   0 0
0  0   0 0
0  0   0 0
0  0   0 0
0  0   0 0
0  0   0 0
0  0   0 0
0  0   0 0
0  0   0 0
0  0   0 0
0  0   0 0
0  0   0 0
0  0   0 0
0  0   0 0
0  0   0 0
0  0   0 0
0  0   0 0
0  0   0 0
0  0   0 0
0  0   0 0
0  0   0 0
0  0   0 0
0  0   0 0
0  0   0 0
0  0   0 0
0  0   0 0
0  0   0 0
0  0   0 0
0  0   0 0
0  0   0 0
0  0   0 0
0  0   0 0
0  0   0 0
0  0   0 0
0  0   0 0
0  0   0 0
0  0   0 0
0  0   0 0
0  0   0 0
0  0   0 0
0  0   0 0
0  0   0 0
0  0   0 0
0  0   0 0
0  0   0 0
0  0   0 0
0  0   0 0
0  0   0 0
0  0   0 0
0  0   0 0
0  0   0 0
0  0   0 0
0  0   0 0
0  0   0 0
0  0   0 0
0  0   0 0
0  0   0 0
0  0   0 0
0  0   0 0
0  0   0 0
0  0   0 0
0  0   0 0
0  0   0 0
0  0   0 0
0  0   0 0
0  0   0 0
0  0   0 0
0  0   0 0
0  0   0 0
0  0   0 0
0  0   0 0
0  0   0 0
0  0   0 0
0  0   0 0
0  0   0 0
0  0   0 0
0  0   0 0
0  0   0 0
0  0   0 0
0  0   0 0
0  0   0 0
0  0   0 0
0.999999  0.001358606   1.412757E-05 -4.086871E-05
0.9999972  0.002373583   1.238707E-05 -2.8604E-05
0.9999936  0.003579301   1.636338E-05 0.0001682981
0.99999  0.004442217   9.366574E-06 0.0002584269
0.9999859  0.005296914   1.826756E-05 0.0003038486
0.9999802  0.006291802   1.064695E-05 0.0002558471
0.9999761  0.006915707   -1.275407E-05 0.0002730504
0.9999689  0.007882764   -9.085496E-06 0.0003739923
0.9999601  0.008921159   -1.080087E-05 0.0004418445
0.9999519  0.009790034   -2.032009E-06 0.0005048488
0.9999465  0.01032747   -9.263843E-06 0.0005297265
0.9999391  0.0110099   -8.986201E-06 0.0007949847
0.9999301  0.01179321   -1.63602E-05 0.0008468274
0.9999256  0.01216552   -1.335253E-05 0.0008254353
0.9999189  0.01271023   -1.587591E-05 0.0008103009
0.9999093  0.01344583   -1.312207E-05 0.0008134347
0.9999037  0.01385591   -1.606088E-05 0.0007399592
0.999893  0.01460643   -1.699506E-05 0.0008270208
0.9998857  0.01508977   -2.428887E-05 0.0008705338
0.9998782  0.01559326   -2.898607E-05 0.0007024613
0.9998679  0.0162289   -1.883829E-05 0.0008318017
0.9998611  0.0166447   -3.053073E-05 0.0008731044
0.9998547  0.01702494   -4.502933E-05 0.0007656425
0.999849  0.01736192   -3.581095E-05 0.0008192266
0.999842  0.01775208   -4.715512E-05 0.0009180847
0.9998371  0.01802696   -3.335929E-05 0.0009508324
0.9998322  0.01829006   -2.924317E-05 0.001001921
0.9998278  0.01854003   -3.40735E-05 0.000834388
0.9998229  0.01879935   -2.440122E-05 0.0008862108
0.9998183  0.0190326   -2.258658E-05 0.001075367
0.9998125  0.01933474   -2.905996E-05 0.001131334
0.9998096  0.01947205   -3.319142E-05 0.001288132
0.9998071  0.01958931   -2.14832E-05 0.00143825
0.9998063  0.01962293   -1.0289E-05 0.001556699
0.999804  0.01974211   -1.837443E-05 0.001511674
0.9997973  0.02007614   -3.127516E-05 0.001522417
0.9997947  0.02020781   -1.249896E-05 0.001514647
0.9997926  0.02030924   -9.864355E-06 0.00149461
0.9997921  0.02033248   -1.066168E-05 0.001532167
0.9997903  0.0204197   -1.228169E-05 0.001553797
0.9997873  0.02057109   -3.09589E-05 0.001526283
0.9997801  0.02091179   -4.734705E-05 0.001592149
0.9997744  0.02118385   -4.002737E-05 0.001556388
0.9997726  0.02126951   -5.319869E-05 0.001523414
0.9997666  0.0215457   -6.453447E-05 0.001611594
0.9997593  0.02187247   -6.517207E-05 0.001685415
0.9997618  0.0217634   -6.170673E-05 0.001647995
0.9997543  0.02211706   -5.864492E-05 0.001427904
0.9997557  0.02206097   -6.669712E-05 0.001400038
0.9997584  0.02193308   -5.726037E-05 0.001433841
0.9997588  0.02191561   -4.859702E-05 0.001442253
0.9997563  0.02202548   -4.608712E-05 0.001431528
0.9997533  0.02217325   -5.533242E-05 0.001349851
0.9997493  0.0223435   -6.027584E-05 0.001419694
0.9997469  0.02244902   -4.857779E-05 0.001549875
0.9997463  0.02246739   -1.786041E-05 0.001607275
0.9997405  0.02271833   -1.898582E-05 0.001690129
0.9997327  0.02305833   -3.121789E-05 0.001728727
0.9997325  0.02306847   -2.858177E-05 0.00168745
0.9997318  0.0231048   -2.166581E-05 0.001622837
0.9997339  0.02302405   -1.093428E-05 0.001444019
0.999737  0.02289122   -3.637603E-06 0.00139682
0.9997377  0.02285923   -1.503447E-05 0.001455425
0.9997384  0.02282842   -1.843622E-05 0.001379393
0.9997356  0.02295683   -2.634069E-05 0.001360518
0.9997356  0.02296139   -4.537533E-05 0.001278239
0.9997291  0.02323583   -3.588245E-05 0.001325137
0.9997246  0.02343126   -3.244855E-05 0.00132795
0.9997264  0.02335428   -2.900169E-05 0.001347151
0.9997245  0.02343267   -2.489543E-05 0.001350864
0.9997183  0.02369533   -3.678898E-05 0.001394288
0.9997182  0.02369542   -3.679443E-05 0.001465853
0.9997206  0.02359773   -1.830645E-05 0.001413764
0.9997253  0.02340391   -2.753279E-05 0.001298012
0.9997198  0.02363428   -1.829779E-05 0.001354485
0.9997126  0.02393272   -1.478649E-05 0.001373556
0.9997092  0.02406986   1.0341E-06 0.001469534
0.9997126  0.0239218   -3.119848E-06 0.001569409
0.999709  0.02407277   -9.073813E-07 0.0015293
0.9997067  0.0241749   -1.958802E-05 0.0015023
0.9997075  0.02413793   -2.102786E-05 0.001531383
0.9997061  0.02418971   -1.66409E-05 0.0015786
0.9997066  0.02417038   -2.190582E-05 0.001657637
0.999705  0.02423578   -3.464979E-05 0.001592759
0.9997005  0.02441121   -2.371946E-05 0.001696665
0.9996974  0.02454324   -4.244856E-05 0.001651033
0.9996969  0.02456472   -5.439094E-05 0.00167901
0.9996944  0.02466102   -7.290069E-05 0.001679573
0.999692  0.0247662   -6.608315E-05 0.001632898
0.9996962  0.0245971   -6.32572E-05 0.00157915
0.9996977  0.02454821   -5.314593E-05 0.001373148
0.999698  0.0245421   -3.745921E-05 0.001245406
0.9997005  0.02443805   -3.847376E-05 0.001287445
0.9997014  0.02440264   -4.516631E-05 0.001309816
0.9996966  0.02459182   -3.323029E-05 0.001400829
0.9996998  0.02446394   -1.95357E-05 0.001381478
0.9997024  0.02436089   -2.027261E-06 0.001280211
0.9997052  0.02424185   2.750733E-06 0.001344946
0.9997019  0.02438125   5.682185E-06 0.001323134
0.9997002  0.02444907   -8.229333E-06 0.001270815
0.9997011  0.02441457   -1.821267E-05 0.001355881
0.9997019  0.02437754   -4.91765E-06 0.001303963
0.9996943  0.02469078   -1.182143E-05 0.001313941
0.9996961  0.02461413   -7.298352E-06 0.001364768
0.9996953  0.02464376   3.313186E-06 0.001443268
0.9996925  0.02476061   -5.421145E-07 0.001373156
0.9996908  0.02482926   -1.354699E-05 0.001348985
0.9996964  0.02460421   -8.980202E-06 0.001374762
0.9996947  0.02466646   -4.286007E-06 0.001400563
0.999692  0.02478562   -2.738356E-06 0.001332726
0.9996969  0.02458452   1.150902E-05 0.001300884
0.9997002  0.02445008   1.650369E-05 0.001336125
0.9996944  0.02468427   1.963771E-05 0.001349723
0.9996966  0.02459719   6.413099E-06 0.001320401
0.9997042  0.02428649   1.038506E-05 0.001306164
0.9997005  0.02444069   5.890471E-06 0.001229468
0.9997002  0.02445402   8.87099E-06 0.00124644
0.999699  0.02450185   1.233491E-05 0.001264228
0.9996999  0.02446293   1.119009E-05 0.001305355
0.9996958  0.02462635   2.633884E-05 0.001340006
0.9996918  0.02479224   3.82501E-05 0.001263404
0.9996931  0.02474121   4.13663E-05 0.001273325
0.9996949  0.02465712   6.11092E-05 0.001500786
0.9996936  0.02471096   4.614772E-05 0.001426026
0.9996936  0.02471444   3.245789E-05 0.001403041
0.9996957  0.02463174   1.870908E-05 0.001341452
0.9996954  0.02465147   -8.203324E-06 0.00116914
0.9996921  0.02478951   -2.252611E-05 0.001095134
0.999689  0.02490987   -1.340417E-05 0.001160391
0.9996881  0.02493525   -3.351833E-06 0.001430097
0.9996903  0.02484453   2.059137E-06 0.001454659
0.9996946  0.02467167   2.016151E-05 0.001351077
0.9996993  0.0244774   3.691033E-05 0.001461035
0.9997044  0.02426184   3.20575E-05 0.001547056
0.9997077  0.02413521   4.378746E-05 0.001425219
0.999713  0.02391258   4.206496E-05 0.001411096
0.9997174  0.02374213   5.298465E-05 0.001293119
0.9997211  0.02357916   5.355628E-05 0.001359173
0.9997127  0.02392736   5.204173E-05 0.001379018
0.9997174  0.02373639   4.993356E-05 0.001360351
0.9997153  0.02381404   5.514278E-05 0.001461392
0.9997156  0.02380289   5.815549E-05 0.001478644
0.9997123  0.02392936   5.912164E-05 0.001617874
0.999711  0.02398432   6.770995E-05 0.001605901
0.999709  0.02406729   7.218307E-05 0.001666434
0.9997135  0.02388956   7.124706E-05 0.001476534
0.9997109  0.02399997   6.883904E-05 0.001465101
0.9997095  0.02406204   7.062277E-05 0.001411257
0.9997094  0.02407004   8.861759E-05 0.001355191
0.9997072  0.02416124   9.126178E-05 0.001320488
0.9997084  0.02411206   8.437238E-05 0.001300498
0.9997038  0.02430174   9.2341E-05 0.001313783
0.9997008  0.02442762   8.424713E-05 0.001286184
0.9997025  0.02436374   6.967802E-05 0.001199479
0.9997028  0.02435032   7.345687E-05 0.001163206
0.9997013  0.02441761   8.121397E-05 0.001085975
0.9996986  0.02452463   7.962945E-05 0.001105775
0.9997016  0.02439785   7.482223E-05 0.001219744
0.9997016  0.02440247   6.981855E-05 0.001105643
0.9996967  0.02460029   7.239418E-05 0.001071183
0.9996969  0.02459892   7.412307E-05 0.00103566
0.9996922  0.02478443   8.880833E-05 0.001070998
0.9996929  0.02476205   6.972658E-05 0.0009909681
0.9996936  0.02473544   7.218433E-05 0.0009328606
0.9996913  0.02482625   8.680547E-05 0.0009610663
0.9996957  0.02464537   8.367123E-05 0.001120072
0.9996976  0.02456804   8.754618E-05 0.001116034
0.9996965  0.02461137   9.635784E-05 0.001100155
0.9996951  0.02465973   9.915381E-05 0.001282664
0.9996957  0.02462914   0.000108007 0.001321251
0.9996963  0.02461217   9.514729E-05 0.001299848
0.9996939  0.0247024   0.0001063178 0.001383517
0.9996945  0.02468268   0.0001181381 0.001315236
0.9996938  0.02470925   0.0001227394 0.001377576
0.9996986  0.02451638   0.0001260324 0.001331035
0.9997002  0.02443513   0.0001447168 0.001497219
0.9997023  0.02435292   0.0001380091 0.001526006
0.9997011  0.02440312   0.0001394966 0.001451713
0.9996977  0.02454094   0.0001498504 0.001520598
0.9997011  0.02440835   0.0001447508 0.001363154
0.9996986  0.02451093   0.0001494725 0.001412234
0.9997032  0.02431543   0.0001501534 0.001517953
0.999702  0.02435832   0.000155718 0.001613347
0.9997039  0.02427295   0.0001542137 0.001659004
0.9997045  0.02424794   0.0001537211 0.001705647
0.9997096  0.02402889   0.0001594742 0.001819474
0.9997058  0.02419177   0.0001664802 0.001749497
0.9997011  0.02438946   0.0001743432 0.001719015
0.9997043  0.02426509   0.0001859475 0.001611043
0.9997068  0.02415686   0.0002011794 0.001677001
0.999707  0.02414846   0.0002091351 0.001638326
0.9997011  0.02438695   0.0002086566 0.001714423
0.9997033  0.0242907   0.0002095967 0.001824339
0.9997062  0.02416298   0.0002199262 0.001873997
0.9997054  0.02419845   0.0002334535 0.0018774
0.9997061  0.02416837   0.000247142 0.001830039
0.9997016  0.02437063   0.0002462257 0.001667966
0.9997069  0.02415458   0.0002590384 0.001593534
0.9997074  0.02413749   0.0002663545 0.001568116
0.9997099  0.02403774   0.0002590666 0.00151851
0.9997119  0.0239571   0.0002562672 0.001435137
0.9997119  0.02396783   0.0002517744 0.001351812
0.9997088  0.0240911   0.0002387894 0.001374125
0.999707  0.02416701   0.000243491 0.001348976
0.9997047  0.02425956   0.0002423923 0.001397836
0.9997086  0.02410542   0.000260422 0.00132492
0.999702  0.02437077   0.0002697893 0.001346861
0.9996975  0.02455695   0.0002781899 0.001336409
0.9996985  0.02451629   0.0002757437 0.001324882
0.9996926  0.02475581   0.0002852569 0.00139155
0.9996891  0.0248882   0.0003015498 0.001499033
0.9996882  0.02492923   0.0002972341 0.001396266
0.9996863  0.0250028   0.0002971823 0.001466842
0.9996852  0.02504663   0.0002953817 0.001484563
0.9996905  0.02482732   0.0003051643 0.001503938
0.9996848  0.02506178   0.000329954 0.001481815
0.9996854  0.0250336   0.0003237934 0.00151276
0.9996817  0.02517454   0.000325198 0.001655083
0.9996846  0.02505924   0.0003275709 0.001638385
0.9996803  0.02523229   0.0003350223 0.001611824
0.9996811  0.0252005   0.0003536317 0.001581713
0.9996812  0.02520583   0.0003419749 0.001407027
0.999685  0.02505877   0.000338491 0.001338332
0.999688  0.02494589   0.0003409016 0.001251923
0.999692  0.02479285   0.0003421207 0.001127031
0.9996894  0.02489627   0.0003345929 0.001120403
0.9996967  0.02459466   0.0003445861 0.001168244
0.9996977  0.02456178   0.0003368346 0.001147609
0.9996974  0.02457386   0.0003318427 0.001013863
0.9996948  0.02468248   0.0003352041 0.001007594
0.9996877  0.02496032   0.0003541198 0.001206297
0.9996827  0.02516237   0.0003512201 0.001188967
0.9996892  0.02490338   0.0003367525 0.001112119
0.9996895  0.02489937   0.0003120342 0.001040147
0.9996908  0.02484419   0.0003217897 0.001069493
0.9996905  0.02484823   0.0003218385 0.00115023
0.9996856  0.02504181   0.0003292332 0.001300232
0.9996882  0.02492878   0.0003440149 0.001366795
0.9996896  0.02488538   0.0003224454 0.001237616
0.9996931  0.02473878   0.0003209916 0.001249925
0.9996949  0.02467216   0.0003221348 0.001102117
0.9996921  0.02477902   0.0003339729 0.001224751
0.9996874  0.02497073   0.0003375913 0.001254795
0.9996893  0.0248923   0.0003265955 0.001291179
0.9996905  0.02484126   0.0003315136 0.001320873
0.9996894  0.02487574   0.0003491194 0.001435691
0.9996896  0.02486661   0.0003543821 0.001511131
0.9996904  0.02484335   0.0003851894 0.00132969
0.9996919  0.02478223   0.000385544 0.0013763
0.9996905  0.02483328   0.0003840898 0.001388241
0.9996883  0.02492795   0.00038804 0.001394338
0.9996881  0.0249241   0.0003821312 0.00146959
0.9996892  0.02488128   0.0003835366 0.001580752
0.9996963  0.02459667   0.0004073975 0.001500171
0.9996934  0.02471505   0.0004207742 0.001447344
0.9996936  0.024703   0.0004356281 0.001490964
0.9996923  0.02475957   0.0004488273 0.00147178
0.9996889  0.02490222   0.0004287794 0.001404556
0.9996937  0.02470223   0.0004293114 0.001493185
0.9996943  0.02467256   0.0004188082 0.001576561
0.9996927  0.02472702   0.0004204824 0.001704702
0.9996899  0.02483428   0.0004254992 0.001778662
0.9996861  0.02498185   0.0004189341 0.001850788
0.9996868  0.02495525   0.0004325155 0.001809907
0.9996878  0.02492234   0.0004233897 0.001732858
0.9996878  0.02492406   0.0004206212 0.001713588
0.9996833  0.02510597   0.0004235003 0.001696552
0.9996868  0.0249657   0.0004097113 0.001682811
0.9996859  0.02500303   0.0004122791 0.001665999
0.9996852  0.02502744   0.0004285148 0.001747707
0.9996884  0.02489857   0.000419746 0.001668584
0.9996892  0.02487462   0.0004168508 0.001640181
0.9996909  0.02480585   0.0004299687 0.001590797
0.9996917  0.02476601   0.0004420362 0.001735753
0.9996901  0.0248376   0.0004531785 0.001626802
0.9996876  0.02494073   0.0004664027 0.001567503
0.9996913  0.0247875   0.0004880624 0.001642973
0.9996893  0.02487683   0.0004839304 0.00151674
0.9996869  0.02497431   0.0004546684 0.001484438
0.9996898  0.02485916   0.0004481329 0.00148593
0.9996896  0.02486504   0.0004619478 0.001491224
0.9996907  0.02481461   0.0004617307 0.001590812
0.9996945  0.02466178   0.0004655498 0.001569111
0.9996976  0.02453895   0.0004573591 0.001533467
0.9997004  0.02442652   0.0004601013 0.001489374
0.9997036  0.02429683   0.0004631522 0.001459501
0.9997092  0.02406855   0.0004616925 0.001455519
0.9997088  0.02408259   0.0004503459 0.001476077
0.9997085  0.02409981   0.0004417734 0.001433187
0.9997054  0.02423484   0.000446884 0.001313983
0.9997079  0.02412597   0.0004619434 0.001341903
0.9997091  0.02408275   0.0004581732 0.001264245
0.99971  0.02404193   0.0004657606 0.001237462
0.99971  0.02404913   0.0004618272 0.001175646
0.9997078  0.02413526   0.000459549 0.00133204
0.9997067  0.02417285   0.000459199 0.001400007
0.9997033  0.02430352   0.0004642417 0.00149849
0.9997057  0.02421393   0.0004617731 0.001473237
0.9997017  0.02437189   0.0004605568 0.001504181
0.9997004  0.02443198   0.0004623046 0.001419927
0.9997007  0.02442345   0.0004697391 0.001357386
0.9997032  0.02431718   0.0004758491 0.001432075
0.9997015  0.02438467   0.0004695093 0.001441914
0.9996993  0.02447552   0.0004562687 0.001419389
0.9997002  0.02443942   0.0004481077 0.001368533
0.9997079  0.02412644   0.0004576528 0.001386406
0.9997056  0.02421697   0.0004632638 0.001465456
0.999703  0.02432357   0.0004654144 0.001412716
0.9997075  0.02414495   0.0004773579 0.001319908
0.999706  0.02420732   0.0004806745 0.001332698
0.9997071  0.02415863   0.0004855421 0.001359686
0.9996996  0.02446934   0.0004723928 0.001352889
0.9996959  0.02462371   0.0004795765 0.001276269
0.9996949  0.02466526   0.0004970114 0.001202339
0.9996952  0.02465205   0.0004904824 0.001222697
0.9996988  0.02450263   0.0004863566 0.001298615
0.9996958  0.02462726   0.0004926465 0.001239231
0.9996929  0.02474839   0.0004904778 0.001216518
0.9996983  0.02452798   0.0004995184 0.00118992
0.9996982  0.02453556   0.0005036082 0.001165704
0.9996933  0.02473022   0.0004998129 0.001262921
0.999694  0.02469769   0.0004952107 0.001347897
0.9996995  0.02447211   0.0004986166 0.001348008
0.9997001  0.02444579   0.0004976025 0.001373212
0.9997007  0.02442433   0.0004999848 0.001330211
0.999698  0.02452377   0.0005070886 0.001498949
0.9997004  0.02441996   0.0005277798 0.00156963
0.9996985  0.02450283   0.0005315904 0.001561663
0.9996979  0.02452493   0.0005356625 0.001548354
0.9996977  0.02453175   0.0005371656 0.001495191
0.999699  0.02448509   0.0005292619 0.001497971
0.9997052  0.02422861   0.0005322951 0.001455633
0.9997066  0.02416996   0.0005319525 0.001516759
0.9997046  0.02424963   0.0005189159 0.001524635
0.9997096  0.02405322   0.0005082508 0.00138237
0.9997075  0.02413997   0.0005175772 0.001383673
0.9997082  0.02410859   0.0005060167 0.001446326
0.9997089  0.02408459   0.0005012522 0.001349706
0.999705  0.02424564   0.0004953188 0.00139367
0.9997067  0.02417639   0.0004823276 0.001350555
0.9997  0.02445446   0.0004798987 0.001344234
0.9996973  0.02456762   0.0004712703 0.001285023
0.9996997  0.0244686   0.0004651564 0.001336438
0.999701  0.0244038   0.000475794 0.001421286
0.9997009  0.0244189   0.0004823316 0.001322699
0.9997012  0.02439839   0.0004864082 0.001382809
0.999696  0.02461637   0.0004791185 0.001405212
0.9996927  0.02474942   0.0004753219 0.001285612
0.9996909  0.0248296   0.0004591363 0.001132773
