-1.585366  0.06097561   0.4268293
-1.646341  0.06097561   0.2439024
-1.402439  -0.06097561   0.4878049
-1.463415  0   0.6097561
-1.402439  0.06097561   0.6097561
-1.463415  0.06097561   0.4878049
-1.402439  -0.06097561   0.4268293
-1.585366  0.06097561   0.3658537
-1.52439  0.1219512   0.4268293
-1.463415  -0.06097561   0.4878049
-1.52439  0   0.4878049
-1.402439  0   0.4268293
-1.341463  0.06097561   0.5487805
-1.52439  0.1829268   0.4878049
-1.463415  0.06097561   0.5487805
-1.646341  0.2439024   0.4878049
-1.52439  -0.1219512   0.6097561
-1.463415  0.06097561   0.5487805
-1.463415  0   0.5487805
-1.52439  0.06097561   0.4268293
-1.402439  0.1219512   0.6097561
-1.52439  -0.06097561   0.4878049
-1.52439  -0.1219512   0.4268293
-1.341463  0.1219512   0.4268293
-1.463415  0.06097561   0.4268293
-1.463415  -0.06097561   0.6707317
-1.52439  0.06097561   0.3658537
-1.341463  0.06097561   0.5487805
-1.463415  0.06097561   0.4268293
-1.402439  0   0.4268293
-1.52439  0.1219512   0.3658537
-1.463415  0.06097561   0.5487805
-1.52439  0   0.6097561
-1.585366  -0.06097561   0.4878049
-1.463415  0.1829268   0.4878049
-1.585366  0   0.6097561
-1.52439  0.1219512   0.4878049
-1.463415  0   0.4268293
-1.52439  -0.1829268   0.6097561
-1.52439  0   0.4268293
-1.463415  -0.1219512   0.4268293
-1.463415  -0.06097561   0.6097561
-1.402439  0   0.4878049
-1.585366  0.06097561   0.4878049
-1.585366  0.06097561   0.5487805
-1.52439  0.1219512   0.3658537
-1.463415  -0.1219512   0.5487805
-1.646341  0.1219512   0.6097561
-1.463415  0   0.4878049
-1.52439  -0.1219512   0.6707317
-1.402439  0.06097561   0.6097561
-1.52439  0   0.5487805
-1.52439  0   0.5487805
-1.463415  0.06097561   0.5487805
-1.52439  -0.1219512   0.4268293
-1.52439  0   0.6097561
-1.463415  0   0.4878049
-1.585366  0.06097561   0.4878049
-1.52439  -0.06097561   0.4878049
-1.463415  0.06097561   0.6097561
-1.585366  -0.06097561   0.6707317
-1.402439  -0.06097561   0.3048781
-1.585366  -0.06097561   0.6097561
-1.402439  -0.06097561   0.4268293
-1.463415  0   0.5487805
-1.52439  0   0.3658537
-1.463415  0.1219512   0.6097561
-1.52439  0.1219512   0.4878049
-1.280488  0.1219512   0.5487805
-1.463415  0.1219512   0.4268293
-1.402439  -0.1219512   0.4878049
-1.52439  -0.06097561   0.4268293
-1.341463  -0.1219512   0.4878049
-1.402439  -0.06097561   0.3048781
-1.646341  -0.1219512   0.4878049
-1.585366  0.1219512   0.4878049
-1.402439  -0.06097561   0.3048781
-1.463415  0   0.6097561
-1.585366  0.06097561   0.5487805
-1.402439  -0.1829268   0.3658537
-1.585366  0   0.5487805
-1.463415  0.06097561   0.5487805
-1.585366  -0.06097561   0.5487805
-1.402439  -0.1219512   0.4268293
-1.52439  0   0.5487805
-1.463415  0   0.4878049
-1.646341  0.1219512   0.5487805
-1.707317  -0.1219512   0.3658537
-1.52439  0   0.4268293
-1.402439  -0.06097561   0.4268293
-1.52439  0.1829268   0.4878049
-1.341463  -0.06097561   0.4268293
-1.585366  -0.06097561   0.6707317
-1.585366  0.1219512   0.3658537
-1.585366  -0.1219512   0.6097561
-1.402439  -0.1219512   0.6097561
-1.463415  -0.06097561   0.4268293
-1.341463  0.1219512   0.4878049
-1.52439  0   0.4878049
-1.707317  0.1219512   0.4268293
-1.52439  -0.1829268   0.5487805
-1.52439  0.06097561   0.3658537
-1.585366  0   0.4878049
-1.463415  0.1219512   0.5487805
-1.463415  0   0.5487805
-1.463415  0.06097561   0.6097561
-1.585366  -0.06097561   0.3658537
-1.463415  0.1219512   0.5487805
-1.646341  -0.06097561   0.4878049
-1.585366  0.06097561   0.4878049
-1.402439  0   0.5487805
-1.402439  0   0.4878049
-1.402439  -0.06097561   0.4878049
-1.463415  0   0.5487805
-1.585366  -0.1219512   0.4268293
-1.646341  -0.06097561   0.4878049
-1.463415  -0.06097561   0.4878049
-1.585366  0.1219512   0.4878049
-1.52439  0.06097561   0.4878049
-1.585366  0.06097561   0.5487805
-1.402439  0   0.4878049
-1.585366  -0.06097561   0.4878049
-1.646341  -0.1219512   0.4878049
-1.52439  0   0.5487805
-1.585366  0   0.4268293
-1.463415  0   0.4268293
-1.402439  0.1829268   0.5487805
-1.52439  0   0.3048781
-1.463415  0.06097561   0.4268293
-1.52439  0   0.3658537
-1.646341  -0.06097561   0.3658537
-1.52439  0.1219512   0.4878049
-1.585366  -0.06097561   0.4268293
-1.52439  0   0.5487805
-1.585366  0.1219512   0.4268293
-1.646341  0.06097561   0.4878049
-1.402439  0.06097561   0.4878049
-1.463415  -0.1219512   0.4268293
-1.646341  -0.06097561   0.4268293
-1.402439  0   0.4878049
-1.463415  -0.06097561   0.5487805
-1.463415  0.06097561   0.5487805
-1.402439  0.1829268   0.4878049
-1.463415  -0.06097561   0.6097561
-1.585366  -0.06097561   0.4268293
-1.402439  -0.1829268   0.5487805
-1.463415  0   0.3658537
-1.52439  0.06097561   0.2439024
-1.463415  0.06097561   0.5487805
-1.402439  -0.1829268   0.3658537
-1.585366  -0.1829268   0.4268293
-1.585366  0.1219512   0.6097561
-1.52439  -0.06097561   0.5487805
-1.585366  0   0.4878049
-1.646341  -0.06097561   0.5487805
-1.585366  0   0.3658537
-1.463415  -0.06097561   0.4878049
-1.463415  -0.06097561   0.4878049
-1.52439  0.06097561   0.4268293
-1.585366  0   0.4268293
-1.585366  0.06097561   0.5487805
-1.52439  0.2439024   0.3048781
-1.585366  0.06097561   0.6707317
-1.646341  -0.06097561   0.4878049
-1.585366  0.06097561   0.4268293
-1.585366  0.06097561   0.4268293
-1.585366  0.06097561   0.5487805
-1.402439  -0.06097561   0.3658537
-1.585366  0   0.3048781
-1.52439  0   0.7926829
-1.646341  0.1219512   0.4878049
-1.585366  -0.06097561   0.3658537
-1.585366  0.1219512   0.4878049
-1.585366  0   0.6097561
-1.585366  0.06097561   0.4268293
-1.52439  -0.1829268   0.5487805
-1.585366  0   0.3658537
-1.585366  -0.06097561   0.4268293
-1.402439  0.1219512   0.4878049
-1.52439  0   0.5487805
-1.585366  0   0.5487805
-1.463415  -0.1219512   0.4878049
-1.52439  0.1829268   0.4268293
-1.646341  0.1219512   0.4268293
-1.52439  0.06097561   0.4878049
-1.463415  0   0.4878049
-1.52439  0   0.6097561
-1.463415  0.06097561   0.3658537
-1.585366  0   0.5487805
-1.463415  0   0.6097561
-1.646341  -0.1219512   0.4878049
-1.585366  0.1219512   0.5487805
-1.585366  0   0.6097561
-1.52439  0   0.5487805
-1.52439  0.06097561   0.5487805
-1.585366  -0.06097561   0.4878049
-1.707317  0.06097561   0.4268293
-1.585366  0   0.6097561
-1.463415  -0.1829268   0.6097561
-1.52439  0.06097561   0.4878049
-1.646341  0.1219512   0.4878049
-0.1856719  0.1140244   -0.0664638
-0.002745032  0.1140244   0.05548742
-0.002745032  0.1140244   -0.005488187
-0.0637207  0.1140244   0.05548742
0.05823052  -0.007926831   -0.005488187
-0.002745032  0.05304878   -0.188415
0.1192062  0.175   -0.1274394
-0.1856719  -0.007926831   0.116463
-0.002745032  -0.2518293   -0.1274394
-0.002745032  0.05304878   -0.1274394
-0.002745032  -0.06890244   -0.005488187
0.05823052  0.05304878   -0.0664638
0.05823052  -0.1298781   -0.0664638
-0.002745032  -0.06890244   -0.005488187
0.05823052  -0.1908537   0.05548742
-0.002745032  -0.06890244   -0.1274394
-0.002745032  -0.06890244   -0.1274394
-0.002745032  -0.1298781   0.116463
-0.002745032  0.175   -0.005488187
0.05823052  0.05304878   -0.0664638
-0.0637207  -0.1298781   0.05548742
0.1801817  -0.06890244   0.05548742
0.05823052  0.05304878   -0.1274394
-0.002745032  0.1140244   0.05548742
-0.0637207  -0.007926831   0.05548742
-0.002745032  -0.1298781   0.05548742
-0.0637207  -0.1298781   -0.0664638
-0.0637207  0.05304878   -0.0664638
0.05823052  0.05304878   0.05548742
-0.0637207  -0.1298781   -0.005488187
-0.0637207  -0.007926831   -0.005488187
-0.002745032  0.05304878   -0.0664638
0.1192062  -0.007926831   -0.005488187
-0.0637207  0.1140244   0.05548742
-0.1246963  0.05304878   -0.005488187
-0.0637207  0.05304878   -0.0664638
-0.002745032  -0.06890244   -0.2493906
-0.002745032  -0.1298781   -0.005488187
-0.002745032  -0.007926831   0.05548742
0.05823052  -0.1298781   0.05548742
0.1192062  0.05304878   -0.005488187
0.05823052  -0.1298781   -0.005488187
-0.1246963  -0.007926831   0.116463
-0.002745032  -0.06890244   -0.005488187
0.05823052  -0.06890244   -0.0664638
0.05823052  -0.007926831   -0.005488187
0.05823052  -0.06890244   0.05548742
0.05823052  -0.06890244   0.05548742
-0.0637207  0.1140244   0.05548742
-0.0637207  -0.06890244   0.05548742
-0.0637207  -0.06890244   -0.0664638
-0.002745032  0.05304878   -0.188415
-0.002745032  -0.007926831   -0.0664638
0.05823052  0.05304878   0.116463
0.1192062  0.05304878   0.05548742
0.1801817  0.1140244   -0.005488187
-0.1856719  -0.1298781   -0.005488187
-0.002745032  0.2359756   -0.188415
0.05823052  -0.06890244   -0.0664638
-0.1246963  -0.06890244   0.05548742
-0.1246963  -0.06890244   0.05548742
-0.002745032  -0.06890244   -0.188415
-0.002745032  0.1140244   -0.005488187
-0.002745032  -0.06890244   -0.1274394
-0.0637207  -0.06890244   0.1774386
-0.0637207  -0.1298781   -0.005488187
-0.2466475  0.05304878   -0.005488187
-0.002745032  -0.1298781   -0.005488187
-0.002745032  0.175   -0.0664638
-0.1246963  -0.06890244   0.116463
-0.002745032  -0.06890244   -0.005488187
-0.1246963  -0.1298781   0.116463
0.1192062  0.1140244   0.116463
-0.002745032  -0.06890244   -0.005488187
0.05823052  -0.1298781   0.05548742
-0.0637207  0.05304878   -0.005488187
-0.0637207  0.1140244   0.05548742
0.1192062  -0.1908537   -0.005488187
-0.002745032  0.05304878   -0.005488187
-0.0637207  -0.007926831   -0.005488187
-0.0637207  -0.1298781   -0.005488187
-0.002745032  -0.1298781   -0.005488187
-0.002745032  0.05304878   0.05548742
-0.0637207  0.05304878   -0.005488187
-0.1246963  -0.06890244   -0.005488187
-0.0637207  -0.1908537   -0.0664638
-0.002745032  -0.007926831   0.05548742
-0.0637207  -0.007926831   -0.1274394
-0.2466475  -0.06890244   -0.005488187
0.05823052  -0.06890244   0.05548742
-0.1246963  -0.06890244   0.05548742
-0.1246963  -0.1298781   0.05548742
0.05823052  -0.007926831   -0.1274394
0.1192062  -0.06890244   -0.005488187
0.05823052  -0.007926831   0.2384143
-0.1856719  -0.1298781   -0.0664638
-0.0637207  -0.007926831   -0.0664638
0.05823052  -0.007926831   0.116463
0.1801817  -0.06890244   0.05548742
-0.002745032  0.05304878   0.05548742
0.1192062  0.05304878   -0.005488187
-0.0637207  0.05304878   -0.005488187
0.1192062  -0.06890244   0.05548742
-0.0637207  -0.007926831   -0.0664638
-0.1246963  0.05304878   -0.1274394
-0.1246963  -0.1298781   -0.1274394
-0.002745032  -0.06890244   0.05548742
-0.1246963  -0.1908537   0.05548742
-0.1856719  -0.06890244   -0.005488187
0.05823052  0.05304878   -0.0664638
-0.0637207  -0.06890244   -0.1274394
-0.002745032  -0.007926831   -0.0664638
0.05823052  -0.007926831   -0.1274394
-0.002745032  -0.007926831   -0.0664638
0.1801817  -0.06890244   -0.188415
0.05823052  0.05304878   0.116463
-0.002745032  0.05304878   -0.005488187
-0.1246963  -0.06890244   -0.0664638
-0.0637207  -0.06890244   -0.005488187
-0.0637207  -0.007926831   -0.0664638
-0.002745032  -0.1908537   -0.0664638
-0.0637207  -0.007926831   -0.005488187
-0.002745032  -0.007926831   -0.1274394
-0.0637207  -0.007926831   -0.0664638
-0.002745032  -0.1298781   -0.0664638
-0.0637207  -0.06890244   -0.0664638
-0.002745032  0.05304878   -0.005488187
0.05823052  -0.06890244   -0.0664638
0.05823052  -0.007926831   -0.0664638
-0.1246963  0.1140244   0.05548742
-0.002745032  -0.007926831   0.05548742
-0.002745032  0.175   -0.005488187
-0.1246963  -0.007926831   -0.005488187
-0.002745032  0.1140244   0.1774386
0.1192062  0.05304878   -0.0664638
0.1192062  -0.1298781   -0.0664638
-0.002745032  -0.06890244   0.05548742
-0.0637207  -0.06890244   -0.005488187
-0.002745032  0.05304878   -0.005488187
-0.002745032  0.05304878   0.1774386
0.05823052  0.2359756   0.05548742
-0.0637207  -0.1298781   -0.0664638
-0.0637207  -0.007926831   -0.005488187
-0.0637207  -0.007926831   -0.005488187
-0.0637207  0.175   -0.0664638
0.05823052  -0.06890244   -0.0664638
-0.0637207  0.1140244   -0.0664638
-0.1856719  0.05304878   0.05548742
-0.002745032  0.05304878   0.05548742
0.1192062  -0.06890244   0.116463
0.1192062  -0.06890244   -0.005488187
-0.002745032  -0.007926831   -0.005488187
-0.002745032  0.05304878   -0.0664638
-0.1246963  -0.007926831   -0.0664638
0.05823052  -0.1298781   -0.1274394
0.1192062  -0.06890244   -0.0664638
-0.1246963  -0.007926831   -0.0664638
-0.002745032  -0.007926831   -0.0664638
-0.002745032  0.175   -0.005488187
-0.1246963  -0.06890244   0.05548742
-0.002745032  -0.007926831   -0.005488187
-0.1246963  -0.06890244   -0.0664638
-0.002745032  0.1140244   -0.005488187
0.1192062  0.1140244   -0.005488187
-0.0637207  0.175   -0.0664638
0.05823052  0.1140244   -0.005488187
-0.0637207  -0.007926831   -0.0664638
0.05823052  -0.007926831   -0.0664638
-0.002745032  -0.007926831   -0.0664638
-0.002745032  -0.1908537   0.1774386
-0.0637207  -0.007926831   0.05548742
0.1192062  -0.06890244   0.05548742
-0.002745032  -0.1298781   0.116463
0.1801817  -0.007926831   -0.0664638
-0.1856719  -0.1908537   -0.005488187
-0.002745032  -0.06890244   -0.005488187
-0.1246963  -0.06890244   0.05548742
-0.1246963  0.05304878   -0.0664638
-0.002745032  -0.1298781   0.116463
-0.1246963  -0.007926831   0.05548742
-0.0637207  -0.06890244   -0.005488187
-0.1246963  0.05304878   -0.005488187
-0.1246963  0.1140244   -0.0664638
0.1801817  -0.1908537   -0.005488187
-0.0637207  -0.1298781   -0.1274394
0.05823052  0.05304878   0.05548742
-0.0637207  -0.1298781   -0.005488187
-0.1246963  -0.06890244   -0.005488187
-0.002745032  -0.2518293   -0.005488187
0.05823052  0.05304878   0.116463
0.05823052  -0.06890244   0.116463
0.1192062  -0.007926831   -0.0664638
0.1192062  -0.1908537   -0.0664638
-0.0637207  0.1140244   -0.0664638
-0.0637207  -0.007926831   -0.005488187
-0.002745032  0.1140244   -0.2493906
-0.0637207  -0.06890244   -0.2493906
-0.0637207  -0.1298781   0.116463
0.05823052  -0.06890244   0.116463
0.1192062  0.05304878   0.05548742
-0.1246963  0.175   -0.1274394
0.1192062  -0.06890244   0.116463
-0.002745032  -0.007926831   -0.005488187
0.05823052  -0.1908537   0.05548742
-0.0637207  -0.1298781   -0.0664638
0.05823052  -0.1908537   0.05548742
0.1192062  -0.007926831   0.05548742
0.1192062  0.05304878   -0.1274394
-0.0637207  -0.1298781   -0.1274394
-0.002745032  -0.007926831   -0.005488187
-0.0637207  -0.007926831   -0.005488187
-0.0637207  -0.1908537   -0.0664638
-0.002745032  -0.007926831   -0.005488187
-0.1246963  -0.007926831   -0.2493906
-0.1246963  -0.06890244   -0.1274394
-0.1246963  -0.06890244   -0.0664638
-0.002745032  0.1140244   -0.188415
-0.1246963  0.05304878   -0.0664638
-0.0637207  -0.007926831   -0.005488187
-0.002745032  0.1140244   0.05548742
-0.002745032  -0.06890244   -0.005488187
-0.1246963  -0.1298781   -0.005488187
-0.002745032  -0.007926831   -0.005488187
-0.002745032  -0.007926831   -0.005488187
-0.002745032  -0.007926831   -0.0664638
-0.002745032  0.05304878   -0.0664638
0.05823052  -0.007926831   0.05548742
-0.1246963  0.05304878   -0.1274394
0.05823052  -0.06890244   -0.005488187
0.1192062  -0.06890244   -0.005488187
-0.002745032  -0.06890244   -0.005488187
0.05823052  -0.06890244   -0.005488187
-0.0637207  -0.1298781   -0.0664638
-0.002745032  -0.007926831   -0.005488187
-0.002745032  0.05304878   0.05548742
-0.0637207  0.1140244   -0.1274394
-0.0637207  0.05304878   -0.0664638
-0.1856719  0.1140244   -0.0664638
-0.002745032  -0.06890244   -0.0664638
-0.002745032  -0.1298781   -0.0664638
-0.2466475  -0.1298781   -0.0664638
-0.1856719  -0.007926831   -0.0664638
0.05823052  -0.1908537   0.05548742
0.05823052  -0.007926831   0.05548742
0.05823052  0.05304878   0.05548742
0.1192062  0.05304878   -0.0664638
0.05823052  -0.1298781   -0.0664638
-0.002745032  -0.007926831   -0.0664638
0.05823052  -0.007926831   -0.0664638
-0.0637207  0.05304878   0.05548742
-0.1246963  -0.06890244   -0.0664638
-0.1856719  -0.007926831   0.05548742
0.05823052  -0.007926831   -0.005488187
-0.002745032  0.05304878   0.116463
-0.1246963  -0.06890244   -0.1274394
0.05823052  -0.1298781   -0.005488187
0.05823052  0.05304878   -0.0664638
-0.002745032  0.175   -0.1274394
-0.002745032  -0.1298781   -0.188415
-0.1246963  -0.007926831   -0.005488187
-0.0637207  -0.06890244   -0.1274394
-0.1246963  0.05304878   -0.005488187
-0.1856719  0.05304878   0.05548742
0.1192062  0.05304878   -0.0664638
-0.002745032  -0.1298781   0.05548742
-0.0637207  -0.06890244   -0.0664638
-0.0637207  -0.06890244   0.05548742
-0.0637207  -0.1908537   -0.0664638
-0.0637207  0.1140244   -0.0664638
-0.002745032  -0.06890244   -0.005488187
0.05823052  0.1140244   -0.1274394
-0.0637207  -0.1908537   -0.0664638
0.05823052  -0.06890244   -0.005488187
-0.002745032  -0.06890244   -0.0664638
0.1192062  0.05304878   -0.0664638
0.05823052  -0.1298781   -0.188415
-0.0637207  -0.06890244   0.116463
0.05823052  0.05304878   0.05548742
-0.0637207  0.05304878   0.05548742
0.1192062  -0.06890244   -0.1274394
-0.002745032  -0.007926831   0.05548742
-0.0637207  0.1140244   0.116463
-0.002745032  -0.06890244   -0.0664638
-0.0637207  0.05304878   -0.005488187
-0.002745032  -0.1298781   -0.0664638
-0.0637207  0.05304878   0.116463
-0.1246963  -0.06890244   -0.0664638
-0.002745032  0.1140244   -0.005488187
0.05823052  0.05304878   0.05548742
-0.0637207  0.05304878   -0.005488187
-0.002745032  0.05304878   -0.005488187
-0.0637207  -0.06890244   -0.0664638
0.1192062  -0.007926831   -0.0664638
-0.1246963  -0.1298781   -0.005488187
-0.002745032  -0.06890244   -0.3103662
-0.002745032  -0.06890244   -0.005488187
-0.002745032  -0.007926831   0.05548742
-0.0637207  -0.1298781   -0.0664638
-0.002745032  0.1140244   0.116463
-0.1246963  0.05304878   -0.005488187
-0.0637207  -0.1908537   0.05548742
-0.1856719  0.175   -0.1274394
0.1192062  -0.007926831   0.116463
-0.002745032  0.05304878   -0.005488187
0.05823052  0.05304878   0.116463
0.05823052  -0.007926831   -0.005488187
0.05823052  0.05304878   -0.0664638
-0.002745032  -0.007926831   0.05548742
-0.002745032  -0.007926831   -0.005488187
-0.0637207  -0.007926831   0.05548742
-0.0637207  -0.007926831   0.05548742
-0.1246963  0.05304878   -0.1274394
0.05823052  -0.1908537   -0.005488187
-0.002745032  -0.007926831   0.116463
0.05823052  -0.1908537   -0.0664638
-0.0637207  0.05304878   -0.005488187
-0.1246963  0.05304878   0.05548742
-0.002745032  0.1140244   0.05548742
-0.002745032  -0.06890244   0.1774386
0.05823052  -0.007926831   -0.1274394
-0.002745032  -0.1298781   0.116463
0.05823052  -0.007926831   -0.0664638
-0.1246963  -0.06890244   0.116463
0.05823052  -0.06890244   0.116463
-0.002745032  -0.007926831   -0.005488187
-0.0637207  0.1140244   0.116463
0.05823052  -0.007926831   -0.005488187
0.05823052  -0.06890244   -0.005488187
-0.002745032  0.05304878   0.116463
-0.1856719  -0.1298781   0.05548742
-0.1246963  0.05304878   -0.005488187
-0.002745032  -0.1298781   -0.0664638
-0.002745032  -0.06890244   -0.0664638
-0.2466475  -0.007926831   -0.0664638
-0.002745032  -0.007926831   -0.1274394
-0.1246963  -0.007926831   -0.005488187
-0.0637207  -0.1298781   -0.005488187
-0.002745032  -0.007926831   -0.1274394
-0.0637207  -0.007926831   -0.0664638
-0.0637207  -0.007926831   -0.188415
-0.0637207  0.05304878   -0.0664638
0.05823052  0.05304878   0.05548742
-0.002745032  0.05304878   -0.2493906
-0.2466475  0.05304878   -0.005488187
-0.002745032  -0.007926831   -0.0664638
-0.1246963  -0.06890244   -0.005488187
0.05823052  -0.1298781   -0.0664638
-0.002745032  0.05304878   -0.188415
0.05823052  0.175   -0.0664638
0.1192062  0.05304878   -0.005488187
-0.0637207  -0.06890244   0.05548742
0.05823052  -0.06890244   -0.005488187
-0.002745032  -0.007926831   -0.1274394
-0.0637207  -0.007926831   -0.1274394
-0.0637207  -0.06890244   -0.005488187
-0.0637207  -0.1298781   -0.005488187
0.05823052  -0.1298781   0.116463
0.05823052  0.05304878   -0.188415
-0.002745032  -0.06890244   0.05548742
-0.002745032  -0.007926831   -0.1274394
-0.1856719  -0.007926831   -0.0664638
0.1192062  0.05304878   -0.005488187
-0.1246963  -0.1908537   -0.005488187
-0.0637207  0.05304878   -0.005488187
-0.1246963  -0.1298781   -0.0664638
0.05823052  0.1140244   -0.1274394
-0.002745032  -0.007926831   -0.188415
0.05823052  -0.1298781   -0.0664638
-0.002745032  0.1140244   -0.0664638
-0.002745032  -0.06890244   -0.005488187
-0.002745032  -0.007926831   0.116463
-0.1246963  -0.007926831   0.116463
0.05823052  -0.007926831   -0.005488187
-0.002745032  -0.007926831   0.05548742
0.05823052  -0.007926831   0.116463
-0.0637207  -0.007926831   -0.0664638
0.05823052  0.05304878   0.1774386
-0.002745032  0.1140244   0.05548742
-0.0637207  -0.007926831   -0.188415
-0.0637207  0.05304878   0.05548742
0.1192062  -0.06890244   0.116463
-0.1246963  -0.1298781   0.05548742
-0.002745032  -0.06890244   -0.0664638
0.05823052  0.1140244   -0.005488187
0.05823052  -0.1298781   -0.1274394
0.1192062  -0.06890244   0.05548742
-0.1246963  -0.1908537   0.116463
-0.1246963  -0.1298781   -0.005488187
0.1192062  0.175   0.05548742
0.1192062  0.1140244   -0.005488187
-0.002745032  0.1140244   -0.1274394
0.05823052  -0.1298781   -0.005488187
-0.0637207  -0.007926831   0.05548742
-0.002745032  -0.007926831   -0.005488187
-0.002745032  -0.007926831   -0.005488187
0.05823052  -0.06890244   -0.0664638
-0.002745032  -0.06890244   0.05548742
0.05823052  -0.1298781   0.05548742
-0.0637207  0.05304878   0.05548742
-0.0637207  -0.007926831   0.05548742
-0.0637207  -0.06890244   -0.005488187
-0.1246963  -0.007926831   0.05548742
-0.002745032  -0.007926831   -0.005488187
-0.0637207  0.05304878   -0.0664638
0.05823052  -0.007926831   -0.1274394
-0.002745032  -0.1908537   -0.005488187
-0.0637207  -0.007926831   0.05548742
0.05823052  -0.06890244   0.05548742
-0.0637207  -0.06890244   -0.1274394
-0.002745032  -0.06890244   0.05548742
-0.0637207  -0.007926831   -0.0664638
-0.0637207  0.05304878   -0.005488187
-0.002745032  0.1140244   -0.005488187
0.05823052  -0.007926831   -0.0664638
-0.002745032  -0.06890244   -0.005488187
-0.1246963  -0.007926831   0.05548742
-0.002745032  -0.06890244   -0.005488187
-0.0637207  -0.007926831   -0.005488187
-0.0637207  -0.007926831   -0.1274394
-0.002745032  -0.007926831   -0.1274394
0.05823052  -0.06890244   0.05548742
-0.002745032  -0.06890244   -0.0664638
0.1192062  -0.007926831   -0.1274394
-0.1856719  -0.06890244   -0.0664638
-0.0637207  -0.1298781   -0.005488187
-0.0637207  -0.06890244   -0.0664638
-0.0637207  -0.06890244   -0.0664638
-0.1246963  -0.1908537   -0.005488187
-0.0637207  0.05304878   -0.005488187
-0.1246963  0.2359756   -0.005488187
0.05823052  -0.1298781   -0.0664638
-0.002745032  0.05304878   -0.1274394
-0.0637207  0.1140244   -0.1274394
0.1192062  -0.06890244   0.05548742
-0.0637207  0.05304878   -0.0664638
-0.002745032  -0.06890244   -0.005488187
-0.0637207  -0.007926831   0.05548742
-0.1856719  -0.1298781   -0.005488187
-0.0637207  -0.007926831   0.05548742
-0.1246963  -0.007926831   0.116463
-0.0637207  0.05304878   -0.1274394
-0.002745032  -0.06890244   -0.005488187
-0.3685987  -0.007926831   -0.0664638
0.05823052  -0.007926831   -0.005488187
0.05823052  -0.06890244   0.1774386
-0.0637207  -0.007926831   0.116463
0.1192062  0.05304878   -0.0664638
-0.002745032  -0.1908537   -0.1274394
-0.1246963  0.05304878   -0.0664638
-0.002745032  0.1140244   0.05548742
0.05823052  0.1140244   0.05548742
-0.1246963  -0.007926831   -0.0664638
-0.1246963  -0.1298781   -0.005488187
-0.002745032  -0.007926831   -0.005488187
-0.1246963  -0.007926831   -0.005488187
-0.0637207  -0.1298781   0.05548742
-0.002745032  0.1140244   -0.0664638
-0.1856719  0.05304878   -0.005488187
-0.002745032  0.1140244   0.116463
-0.1246963  0.05304878   0.05548742
-0.0637207  -0.1908537   -0.0664638
-0.1246963  -0.06890244   -0.0664638
0.05823052  -0.007926831   -0.1274394
-0.002745032  0.05304878   0.05548742
-0.0637207  -0.06890244   -0.0664638
0.1192062  -0.007926831   -0.0664638
-0.1856719  -0.1298781   -0.1274394
-0.002745032  -0.007926831   -0.005488187
-0.002745032  -0.007926831   -0.005488187
0.05823052  0.05304878   -0.1274394
-0.002745032  -0.1298781   -0.0664638
0.05823052  -0.1298781   -0.005488187
0.05823052  -0.007926831   0.05548742
-0.0637207  -0.06890244   -0.0664638
-0.002745032  -0.007926831   -0.0664638
0.05823052  -0.06890244   -0.0664638
0.1192062  -0.007926831   -0.0664638
0.1192062  -0.007926831   0.116463
0.05823052  -0.1908537   -0.0664638
-0.0637207  -0.007926831   -0.0664638
-0.1856719  0.1140244   -0.0664638
-0.1856719  -0.007926831   -0.0664638
-0.002745032  -0.007926831   0.05548742
0.05823052  -0.007926831   0.05548742
-0.002745032  -0.007926831   -0.005488187
-0.0637207  0.05304878   -0.005488187
-0.1856719  0.05304878   -0.1274394
-0.1246963  0.05304878   0.116463
-0.002745032  -0.1298781   -0.005488187
-0.0637207  0.05304878   -0.005488187
-0.0637207  -0.1908537   -0.2493906
-0.002745032  -0.1298781   0.05548742
0.1192062  0.05304878   -0.005488187
-0.0637207  -0.007926831   0.05548742
-0.1246963  -0.007926831   -0.005488187
-0.0637207  0.1140244   -0.005488187
-0.1246963  -0.1298781   0.05548742
-0.0637207  -0.06890244   0.116463
-0.002745032  0.175   -0.005488187
-0.1246963  -0.06890244   -0.005488187
-0.002745032  -0.007926831   -0.005488187
-0.1856719  -0.007926831   -0.005488187
0.1192062  -0.06890244   -0.005488187
-0.0637207  -0.007926831   -0.005488187
-0.0637207  0.05304878   0.05548742
-0.1246963  -0.007926831   0.05548742
0.05823052  -0.007926831   -0.0664638
-0.1246963  -0.06890244   -0.005488187
-0.1246963  -0.1908537   -0.005488187
-0.0637207  -0.1298781   -0.005488187
-0.1246963  -0.007926831   0.116463
-0.002745032  0.05304878   -0.0664638
-0.002745032  -0.007926831   -0.005488187
-0.0637207  -0.007926831   0.05548742
-0.0637207  -0.06890244   0.1774386
-0.1246963  -0.007926831   -0.005488187
-0.1246963  -0.007926831   -0.005488187
0.05823052  -0.007926831   -0.0664638
0.05823052  0.05304878   -0.0664638
-0.1246963  -0.007926831   0.05548742
-0.1246963  -0.007926831   -0.0664638
0.05823052  -0.06890244   -0.005488187
-0.002745032  -0.007926831   0.05548742
-0.002745032  -0.007926831   -0.0664638
0.05823052  -0.06890244   0.05548742
-0.002745032  -0.007926831   -0.005488187
-0.0637207  0.05304878   -0.0664638
0.1192062  -0.06890244   -0.0664638
-0.002745032  -0.007926831   -0.005488187
-0.002745032  -0.007926831   -0.0664638
-0.0637207  0.1140244   -0.1274394
-0.0637207  0.1140244   0.05548742
0.05823052  -0.06890244   0.116463
-0.0637207  -0.06890244   -0.005488187
-0.002745032  0.05304878   -0.005488187
-0.1856719  0.1140244   -0.005488187
0.1192062  0.05304878   -0.0664638
-0.0637207  0.05304878   -0.005488187
-0.0637207  -0.007926831   -0.005488187
0.05823052  0.1140244   0.05548742
-0.0637207  -0.06890244   -0.005488187
0.05823052  -0.06890244   -0.1274394
0.1192062  -0.007926831   -0.0664638
-0.1856719  -0.06890244   -0.0664638
-0.1246963  0.05304878   0.116463
-0.002745032  -0.06890244   -0.1274394
0.1192062  -0.007926831   -0.005488187
-0.0637207  -0.007926831   -0.1274394
-0.0637207  -0.007926831   0.116463
-0.1856719  -0.007926831   -0.1274394
-0.0637207  -0.007926831   -0.005488187
-0.0637207  -0.007926831   -0.005488187
-0.1246963  0.05304878   -0.005488187
0.05823052  -0.06890244   -0.2493906
-0.0637207  0.175   -0.005488187
-0.0637207  -0.1908537   0.116463
-0.0637207  -0.007926831   -0.0664638
0.05823052  -0.007926831   0.05548742
-0.0637207  -0.2518293   0.05548742
-0.002745032  -0.1908537   -0.0664638
-0.002745032  -0.06890244   -0.0664638
-0.1246963  0.05304878   0.05548742
-0.6734768  -0.7396342   -0.1274394
-0.0637207  0.3579268   0.2993899
0.4240842  0.2969512   0.1774386
-0.1246963  0.2359756   -0.0664638
-0.1856719  0.05304878   -0.1274394
-0.1856719  -0.3737805   -0.0664638
0.05823052  -0.1908537   0.116463
0.05823052  -0.06890244   0.05548742
0.1192062  -0.007926831   -0.0664638
-0.1246963  0.2359756   -0.0664638
0.05823052  0.1140244   -0.005488187
0.1192062  -0.06890244   -0.005488187
-0.002745032  -0.1908537   0.05548742
-0.1246963  -0.007926831   -0.0664638
-0.0637207  0.05304878   -0.1274394
-0.1246963  0.05304878   -0.0664638
0.05823052  0.05304878   -0.005488187
-0.1246963  -0.1298781   -0.0664638
-0.002745032  -0.007926831   -0.1274394
-0.0637207  -0.1298781   -0.005488187
0.1192062  -0.06890244   -0.005488187
-0.0637207  0.1140244   -0.0664638
0.1192062  -0.06890244   0.05548742
-0.002745032  -0.06890244   -0.1274394
0.1192062  0.05304878   0.116463
-0.0637207  0.05304878   -0.1274394
-0.0637207  -0.1908537   0.05548742
-0.002745032  0.2969512   -0.005488187
-0.1246963  -0.06890244   0.05548742
0.1192062  -0.06890244   0.05548742
-0.002745032  0.1140244   0.116463
0.05823052  -0.06890244   -0.005488187
-0.0637207  0.05304878   -0.1274394
-0.1246963  -0.1908537   0.05548742
-0.0637207  0.05304878   -0.005488187
0.05823052  -0.007926831   -0.0664638
0.05823052  -0.1298781   0.05548742
-0.002745032  -0.06890244   -0.0664638
-0.0637207  -0.1908537   0.116463
0.05823052  -0.06890244   0.05548742
-0.002745032  0.05304878   -0.005488187
-0.002745032  -0.007926831   0.05548742
0.05823052  0.05304878   0.05548742
-0.002745032  -0.1908537   -0.0664638
-0.002745032  -0.1298781   -0.0664638
0.05823052  -0.1298781   0.05548742
-0.1246963  0.05304878   -0.0664638
-0.0637207  -0.06890244   -0.0664638
-0.002745032  -0.06890244   0.05548742
-0.0637207  -0.1908537   -0.0664638
-0.1246963  0.2359756   -0.005488187
-0.002745032  -0.06890244   0.05548742
-0.0637207  -0.06890244   0.05548742
-0.0637207  -0.06890244   0.116463
0.05823052  -0.007926831   0.05548742
-0.1246963  -0.007926831   -0.0664638
-0.002745032  -0.007926831   -0.0664638
-0.1246963  -0.007926831   -0.2493906
0.05823052  -0.007926831   -0.1274394
-0.0637207  -0.1298781   0.116463
-0.002745032  -0.06890244   -0.188415
-0.0637207  -0.007926831   -0.005488187
-0.002745032  -0.1298781   -0.0664638
0.05823052  -0.06890244   -0.0664638
0.1192062  -0.06890244   -0.188415
-0.0637207  0.05304878   -0.005488187
-0.0637207  -0.007926831   -0.005488187
-0.002745032  0.05304878   -0.005488187
-0.1246963  -0.007926831   0.05548742
-0.002745032  -0.06890244   0.05548742
-0.2466475  -0.007926831   0.05548742
-0.0637207  -0.007926831   0.1774386
-0.1246963  0.05304878   0.05548742
-0.0637207  -0.06890244   -0.005488187
-0.002745032  -0.007926831   0.05548742
-0.0637207  0.05304878   -0.1274394
-0.002745032  -0.007926831   -0.0664638
-0.1246963  -0.06890244   -0.0664638
-0.1246963  -0.1908537   -0.005488187
-0.002745032  0.1140244   -0.0664638
-0.002745032  -0.06890244   -0.1274394
-0.0637207  -0.1908537   -0.005488187
-0.002745032  -0.06890244   -0.005488187
0.05823052  -0.06890244   -0.005488187
-0.1856719  -0.06890244   0.05548742
-0.0637207  -0.007926831   0.05548742
0.1192062  0.175   0.05548742
-0.002745032  0.05304878   0.05548742
-0.002745032  0.05304878   -0.005488187
-0.002745032  -0.1908537   -0.005488187
0.1801817  -0.06890244   -0.0664638
-0.002745032  -0.06890244   0.05548742
-0.1246963  -0.1908537   -0.1274394
-0.1246963  -0.06890244   -0.0664638
-0.0637207  0.1140244   -0.1274394
-0.0637207  -0.1298781   0.116463
-0.0637207  -0.06890244   -0.0664638
-0.002745032  0.05304878   0.05548742
-0.002745032  -0.007926831   0.05548742
-0.002745032  -0.06890244   -0.0664638
-0.1246963  0.1140244   -0.188415
-0.0637207  0.1140244   0.05548742
-0.0637207  -0.06890244   -0.005488187
-0.002745032  -0.1298781   -0.005488187
-0.0637207  -0.1298781   -0.0664638
-0.1856719  -0.1298781   0.05548742
-0.002745032  -0.1298781   -0.005488187
-0.1246963  -0.007926831   -0.005488187
-0.002745032  -0.06890244   0.05548742
-0.1246963  -0.1298781   -0.1274394
-0.0637207  -0.007926831   -0.1274394
-0.0637207  0.1140244   0.1774386
-0.002745032  0.05304878   -0.005488187
-0.0637207  0.05304878   0.116463
-0.0637207  -0.007926831   -0.005488187
-0.0637207  -0.007926831   -0.188415
-0.1246963  0.05304878   -0.005488187
-0.1246963  -0.007926831   -0.0664638
0.05823052  -0.06890244   -0.0664638
-0.002745032  -0.1298781   -0.005488187
-0.002745032  0.05304878   0.05548742
0.05823052  -0.007926831   0.05548742
-0.0637207  0.05304878   -0.0664638
0.1192062  -0.06890244   0.05548742
-0.3076231  -0.1298781   -0.0664638
-0.0637207  -0.1908537   -0.005488187
-0.002745032  -0.06890244   -0.1274394
-0.0637207  -0.1908537   0.05548742
-0.1246963  0.05304878   -0.0664638
-0.1246963  0.1140244   0.116463
-0.0637207  0.05304878   0.116463
-0.002745032  0.05304878   -0.005488187
-0.002745032  -0.007926831   -0.005488187
-0.1246963  -0.1908537   0.116463
-0.1246963  -0.1298781   0.05548742
0.05823052  -0.007926831   -0.0664638
-0.2466475  0.05304878   0.05548742
0.05823052  -0.007926831   -0.1274394
-0.002745032  -0.007926831   0.05548742
-0.002745032  -0.007926831   -0.005488187
-0.1856719  -0.2518293   0.116463
-0.1856719  -0.06890244   -0.1274394
-0.002745032  -0.007926831   -0.188415
-0.0637207  -0.06890244   -0.0664638
-0.002745032  -0.007926831   0.116463
-0.0637207  -0.1298781   -0.0664638
-0.0637207  -0.06890244   0.05548742
-0.0637207  0.1140244   -0.005488187
-0.1246963  -0.06890244   0.116463
-0.002745032  -0.06890244   -0.1274394
-0.0637207  0.1140244   0.05548742
-0.002745032  0.2359756   -0.0664638
0.05823052  0.05304878   -0.1274394
0.1192062  -0.2518293   -0.0664638
0.05823052  0.1140244   -0.005488187
-0.1246963  -0.1298781   -0.005488187
0.05823052  -0.1298781   0.116463
0.1192062  0.1140244   0.05548742
0.05823052  0.175   0.116463
-0.002745032  -0.007926831   -0.1274394
-0.0637207  -0.007926831   -0.0664638
-0.1856719  -0.007926831   -0.0664638
-0.002745032  -0.06890244   0.2384143
-0.1246963  -0.1298781   -0.1274394
0.05823052  -0.007926831   0.116463
-0.002745032  -0.1298781   -0.005488187
-0.002745032  -0.06890244   -0.188415
-0.002745032  0.05304878   0.05548742
0.05823052  -0.1298781   0.05548742
0.1192062  -0.06890244   0.05548742
-0.002745032  -0.007926831   -0.188415
-0.002745032  -0.007926831   0.05548742
-0.0637207  -0.06890244   -0.1274394
-0.002745032  -0.1298781   -0.005488187
-0.1246963  0.1140244   -0.0664638
-0.1246963  0.05304878   0.05548742
-0.0637207  -0.1908537   0.05548742
-0.1246963  -0.007926831   -0.0664638
-0.1246963  0.05304878   0.116463
-0.1246963  -0.007926831   0.116463
0.05823052  0.175   -0.0664638
-0.0637207  -0.06890244   -0.1274394
0.05823052  -0.06890244   0.05548742
-0.0637207  -0.1298781   0.05548742
-0.1246963  -0.1298781   -0.0664638
-0.1246963  -0.1298781   -0.005488187
-0.0637207  -0.1908537   -0.005488187
-0.0637207  -0.06890244   -0.0664638
-0.1246963  -0.007926831   -0.0664638
-0.1246963  -0.06890244   0.05548742
0.05823052  -0.007926831   -0.005488187
-0.002745032  -0.007926831   -0.0664638
-0.002745032  -0.06890244   -0.005488187
0.1192062  -0.06890244   -0.005488187
-0.0637207  0.175   -0.1274394
-0.002745032  -0.007926831   0.05548742
0.05823052  -0.007926831   -0.005488187
-0.002745032  -0.007926831   -0.1274394
-0.1246963  0.1140244   0.05548742
-0.0637207  -0.007926831   -0.1274394
-0.0637207  -0.06890244   0.05548742
-0.002745032  -0.007926831   -0.1274394
0.05823052  0.05304878   -0.005488187
-0.002745032  0.05304878   0.1774386
0.05823052  0.05304878   -0.188415
-0.002745032  -0.06890244   -0.005488187
-0.0637207  -0.06890244   0.05548742
-0.1856719  -0.06890244   0.05548742
-0.0637207  -0.1298781   -0.0664638
0.05823052  0.05304878   0.05548742
-0.0637207  0.05304878   0.116463
0.05823052  -0.007926831   -0.0664638
0.05823052  0.175   0.116463
0.1192062  -0.06890244   -0.0664638
-0.1246963  -0.1908537   -0.0664638
-0.3076231  -0.06890244   -0.0664638
0.05823052  0.05304878   -0.0664638
-0.002745032  -0.1298781   0.116463
0.05823052  -0.06890244   0.05548742
-0.002745032  -0.007926831   -0.005488187
-0.0637207  0.05304878   0.05548742
0.05823052  -0.1298781   -0.1274394
-0.0637207  -0.1908537   0.116463
-0.1856719  0.05304878   0.116463
0.05823052  -0.007926831   -0.0664638
-0.002745032  0.05304878   -0.1274394
-0.002745032  -0.007926831   0.05548742
-0.1856719  0.175   -0.1274394
-0.0637207  -0.007926831   -0.0664638
-0.2466475  -0.007926831   0.116463
-0.002745032  -0.06890244   -0.0664638
-0.1246963  -0.007926831   0.05548742
-0.0637207  -0.06890244   0.05548742
-0.1856719  0.05304878   0.05548742
-0.002745032  -0.1298781   -0.1274394
-0.0637207  -0.007926831   -0.005488187
-0.1856719  0.1140244   -0.0664638
0.1801817  -0.007926831   -0.0664638
-0.0637207  0.05304878   0.05548742
-0.002745032  -0.1298781   -0.1274394
-0.002745032  -0.007926831   -0.005488187
-0.002745032  -0.007926831   0.05548742
-0.0637207  0.175   0.05548742
-0.002745032  -0.06890244   0.1774386
-0.0637207  -0.1298781   -0.0664638
-0.002745032  0.05304878   -0.0664638
-0.0637207  -0.007926831   -0.0664638
-0.1856719  0.05304878   -0.0664638
0.1192062  -0.1908537   0.116463
-0.002745032  -0.1298781   -0.005488187
-0.0637207  -0.1298781   0.05548742
-0.1856719  -0.06890244   -0.0664638
0.05823052  0.05304878   -0.188415
0.1192062  0.05304878   -0.1274394
-0.1246963  -0.1298781   0.116463
0.05823052  0.175   -0.0664638
-0.0637207  -0.06890244   -0.0664638
-0.1856719  0.175   -0.005488187
-0.0637207  0.05304878   -0.005488187
0.1801817  -0.007926831   0.05548742
-0.0637207  0.1140244   -0.005488187
-0.1246963  -0.007926831   -0.005488187
-0.002745032  -0.007926831   -0.0664638
-0.1246963  -0.06890244   0.05548742
-0.1246963  -0.007926831   -0.005488187
-0.0637207  -0.06890244   -0.0664638
-0.1856719  -0.007926831   -0.005488187
-0.1246963  -0.007926831   0.05548742
0.05823052  -0.007926831   -0.0664638
0.05823052  -0.1298781   0.05548742
-0.1856719  0.1140244   -0.005488187
-0.0637207  -0.06890244   0.05548742
0.05823052  0.1140244   0.116463
-0.002745032  0.175   0.1774386
-0.1246963  -0.1298781   -0.0664638
-0.1246963  -0.007926831   0.05548742
-0.0637207  -0.06890244   0.116463
-0.002745032  -0.1298781   -0.188415
-0.0637207  -0.06890244   -0.0664638
-0.1856719  -0.06890244   -0.005488187
-0.002745032  -0.007926831   0.05548742
-0.002745032  0.05304878   -0.0664638
-0.0637207  -0.007926831   -0.0664638
-0.1856719  -0.2518293   0.05548742
0.1192062  0.05304878   -0.0664638
0.05823052  0.05304878   -0.005488187
0.1192062  -0.06890244   -0.0664638
-0.002745032  0.05304878   -0.005488187
-0.1246963  -0.1908537   -0.005488187
-0.1246963  -0.06890244   -0.005488187
-0.1246963  -0.06890244   -0.005488187
0.05823052  0.1140244   -0.0664638
0.05823052  0.05304878   -0.005488187
-0.0637207  0.1140244   -0.1274394
-0.0637207  -0.1908537   -0.0664638
-0.1856719  -0.06890244   -0.0664638
-0.1246963  -0.007926831   0.116463
-0.1856719  -0.1908537   0.116463
-0.1246963  -0.007926831   0.05548742
-0.0637207  0.05304878   -0.005488187
-0.002745032  -0.06890244   -0.005488187
0.05823052  0.05304878   -0.1274394
-0.1246963  -0.1298781   -0.0664638
-0.1246963  -0.06890244   -0.1274394
-0.0637207  -0.007926831   0.05548742
-0.002745032  -0.1298781   -0.0664638
-0.0637207  -0.007926831   -0.0664638
-0.0637207  -0.007926831   -0.0664638
-0.0637207  -0.1298781   -0.005488187
0.05823052  -0.1908537   -0.005488187
-0.1246963  -0.1298781   0.05548742
-0.0637207  -0.06890244   0.1774386
-0.1246963  -0.007926831   0.116463
-0.0637207  0.05304878   -0.0664638
-0.002745032  -0.007926831   -0.005488187
-0.002745032  -0.007926831   0.05548742
-0.0637207  0.05304878   -0.0664638
-0.1246963  -0.06890244   -0.005488187
-0.002745032  -0.1908537   -0.0664638
-0.1856719  -0.06890244   -0.0664638
-0.1246963  0.05304878   -0.0664638
0.05823052  0.1140244   -0.005488187
-0.002745032  -0.1298781   -0.005488187
-0.1246963  -0.06890244   0.05548742
-0.002745032  -0.1298781   0.05548742
0.05823052  0.05304878   -0.0664638
-0.0637207  -0.1298781   -0.0664638
-0.0637207  0.1140244   -0.0664638
-0.0637207  -0.06890244   -0.005488187
-0.002745032  0.05304878   -0.0664638
-0.0637207  -0.06890244   -0.188415
-0.2466475  -0.06890244   -0.1274394
-0.002745032  -0.06890244   -0.0664638
-0.2466475  0.05304878   -0.005488187
-0.0637207  -0.06890244   0.05548742
-0.0637207  -0.007926831   -0.005488187
-0.1246963  -0.007926831   -0.005488187
-0.002745032  -0.06890244   -0.005488187
-0.0637207  -0.1298781   -0.0664638
-0.002745032  0.05304878   0.116463
0.05823052  0.175   0.116463
-0.0637207  -0.1908537   -0.0664638
0.1192062  -0.06890244   -0.1274394
-0.002745032  -0.007926831   -0.0664638
-0.2466475  -0.1298781   -0.005488187
-0.0637207  -0.06890244   -0.2493906
-0.0637207  0.2359756   0.05548742
-0.002745032  -0.007926831   -0.005488187
-0.002745032  -0.007926831   -0.0664638
0.05823052  0.05304878   -0.005488187
-0.0637207  -0.1298781   0.05548742
0.1192062  -0.06890244   -0.1274394
-0.1246963  -0.1298781   -0.005488187
-0.0637207  -0.007926831   0.05548742
0.05823052  -0.06890244   -0.005488187
-0.0637207  0.05304878   -0.005488187
-0.1246963  0.1140244   0.116463
-0.002745032  0.05304878   0.05548742
-0.0637207  -0.06890244   0.05548742
0.05823052  -0.06890244   0.1774386
-0.002745032  -0.06890244   -0.005488187
-0.0637207  -0.1298781   0.1774386
-0.002745032  -0.007926831   -0.0664638
-0.1246963  -0.1298781   -0.188415
-0.0637207  -0.1908537   0.05548742
-0.1246963  -0.06890244   0.05548742
-0.0637207  -0.06890244   -0.005488187
-0.1246963  -0.007926831   -0.0664638
-0.0637207  -0.1908537   -0.005488187
-0.002745032  0.05304878   -0.0664638
-0.002745032  0.05304878   -0.1274394
0.1801817  0.1140244   0.05548742
0.05823052  0.05304878   -0.005488187
-0.1246963  -0.007926831   0.05548742
-0.1246963  -0.06890244   -0.0664638
-0.0637207  -0.007926831   0.116463
-0.0637207  -0.1298781   -0.005488187
-0.002745032  -0.06890244   0.05548742
-0.0637207  -0.007926831   -0.005488187
-0.1246963  -0.007926831   0.1774386
-0.0637207  -0.1298781   0.05548742
-0.0637207  -0.007926831   -0.1274394
-0.002745032  0.1140244   0.116463
-0.002745032  -0.007926831   -0.005488187
-0.0637207  0.1140244   -0.0664638
-0.002745032  -0.06890244   -0.0664638
-0.002745032  0.05304878   -0.188415
-0.0637207  0.05304878   0.116463
0.05823052  -0.06890244   -0.005488187
-0.1246963  -0.06890244   -0.0664638
-0.0637207  -0.1298781   0.116463
-0.1856719  -0.1298781   -0.005488187
-0.0637207  0.05304878   -0.2493906
-0.0637207  0.05304878   -0.0664638
0.05823052  -0.1298781   -0.005488187
-0.1246963  0.05304878   0.116463
-0.0637207  0.1140244   -0.005488187
-0.002745032  -0.007926831   -0.0664638
-0.002745032  0.1140244   0.05548742
0.05823052  -0.007926831   -0.0664638
-0.002745032  -0.007926831   0.05548742
-0.0637207  0.05304878   -0.1274394
-0.002745032  -0.1298781   0.116463
-0.002745032  -0.007926831   -0.0664638
-0.0637207  -0.007926831   0.116463
-0.1246963  -0.1908537   -0.0664638
-0.1246963  -0.007926831   0.05548742
-0.002745032  0.05304878   -0.005488187
-0.002745032  -0.06890244   -0.0664638
-0.0637207  0.05304878   -0.005488187
-0.1246963  -0.1298781   -0.0664638
-0.1246963  -0.007926831   0.05548742
-0.1246963  0.175   0.05548742
-0.0637207  -0.06890244   -0.1274394
0.05823052  -0.1908537   -0.005488187
0.05823052  -0.06890244   -0.005488187
-0.0637207  0.05304878   -0.005488187
-0.1246963  -0.1908537   0.05548742
-0.1856719  -0.1908537   -0.0664638
-0.0637207  -0.06890244   0.1774386
-0.0637207  -0.1298781   0.05548742
-0.0637207  -0.1298781   0.116463
-0.0637207  -0.06890244   -0.005488187
-0.0637207  -0.007926831   -0.1274394
-0.0637207  0.1140244   0.05548742
0.05823052  0.05304878   -0.005488187
-0.2466475  0.05304878   0.05548742
-0.1856719  0.05304878   -0.005488187
-0.002745032  -0.007926831   -0.0664638
-0.1246963  -0.007926831   0.05548742
-0.0637207  -0.1908537   0.05548742
-0.1246963  0.05304878   0.116463
-0.0637207  -0.007926831   0.05548742
0.1192062  -0.007926831   -0.0664638
-0.1246963  -0.1908537   -0.005488187
-0.002745032  -0.06890244   -0.005488187
0.1192062  -0.1298781   0.05548742
0.05823052  -0.1298781   -0.0664638
0.1192062  0.1140244   0.116463
-0.0637207  -0.1908537   -0.0664638
0.05823052  -0.06890244   -0.005488187
-0.0637207  0.1140244   -0.0664638
0.05823052  -0.1908537   -0.0664638
-0.0637207  -0.1298781   -0.005488187
-0.0637207  0.05304878   -0.005488187
-0.1246963  0.05304878   -0.005488187
-0.1246963  0.1140244   -0.005488187
0.1192062  -0.06890244   -0.005488187
0.05823052  -0.1908537   -0.005488187
-0.0637207  0.175   0.05548742
-0.002745032  -0.007926831   -0.1274394
-0.002745032  0.1140244   -0.005488187
-0.0637207  -0.007926831   -0.188415
-0.2466475  0.05304878   0.05548742
-0.0637207  -0.1908537   0.05548742
-0.0637207  -0.06890244   -0.005488187
-0.0637207  -0.007926831   -0.0664638
-0.0637207  -0.1908537   -0.0664638
-0.002745032  0.175   -0.005488187
-0.002745032  0.1140244   -0.005488187
-0.002745032  -0.1298781   -0.0664638
-0.0637207  -0.1298781   -0.0664638
-0.0637207  -0.1298781   0.05548742
-0.0637207  -0.1298781   -0.1274394
0.05823052  0.05304878   -0.005488187
-0.1246963  -0.06890244   -0.0664638
0.05823052  0.05304878   -0.0664638
-0.002745032  -0.06890244   0.05548742
0.05823052  -0.06890244   -0.0664638
-0.1246963  0.05304878   0.116463
-0.002745032  -0.1298781   -0.0664638
-0.0637207  0.05304878   0.05548742
-0.002745032  -0.06890244   0.1774386
-0.002745032  0.1140244   0.05548742
-0.0637207  -0.007926831   -0.005488187
-0.002745032  -0.007926831   -0.005488187
-0.0637207  -0.2518293   -0.005488187
-0.0637207  -0.06890244   -0.0664638
-0.002745032  -0.1298781   -0.005488187
-0.0637207  0.05304878   -0.005488187
-0.1246963  -0.06890244   -0.1274394
-0.0637207  -0.06890244   -0.1274394
-0.0637207  0.1140244   0.116463
-0.0637207  -0.06890244   -0.005488187
-0.1246963  -0.06890244   -0.0664638
0.05823052  -0.007926831   -0.1274394
-0.1856719  0.05304878   -0.005488187
-0.1246963  0.05304878   0.05548742
-0.002745032  -0.1298781   -0.0664638
-0.0637207  0.1140244   0.05548742
-0.0637207  -0.1908537   0.05548742
-0.0637207  -0.007926831   -0.005488187
-0.0637207  -0.1908537   -0.0664638
-0.1856719  0.2359756   -0.005488187
-0.0637207  0.175   0.116463
-0.002745032  -0.007926831   -0.005488187
-0.0637207  -0.1298781   0.05548742
-0.0637207  0.05304878   -0.005488187
-0.0637207  -0.007926831   -0.1274394
-0.1246963  -0.06890244   -0.188415
-0.002745032  -0.007926831   0.05548742
-0.1856719  -0.06890244   -0.005488187
-0.1246963  -0.007926831   -0.005488187
-0.002745032  -0.06890244   0.05548742
-0.002745032  0.05304878   -0.005488187
0.05823052  0.05304878   -0.0664638
0.05823052  -0.007926831   -0.1274394
-0.1246963  0.1140244   -0.005488187
-0.1246963  -0.06890244   0.1774386
-0.0637207  -0.1298781   -0.005488187
-0.002745032  -0.007926831   0.116463
-0.1246963  -0.007926831   -0.005488187
-0.0637207  -0.1298781   -0.0664638
-0.002745032  -0.1298781   -0.005488187
-0.0637207  -0.1298781   0.116463
0.05823052  -0.007926831   0.05548742
-0.0637207  0.05304878   -0.005488187
0.05823052  0.1140244   0.05548742
-0.1856719  -0.06890244   -0.188415
-0.002745032  -0.1298781   -0.005488187
-0.002745032  -0.1298781   0.05548742
-0.1246963  0.1140244   -0.005488187
-0.0637207  -0.007926831   -0.1274394
-0.002745032  -0.06890244   0.05548742
-0.002745032  -0.007926831   0.05548742
-0.002745032  -0.007926831   -0.0664638
0.1192062  -0.007926831   -0.0664638
-0.1246963  -0.007926831   -0.0664638
-0.1246963  -0.007926831   0.116463
0.05823052  0.05304878   -0.005488187
-0.002745032  -0.1298781   -0.005488187
-0.002745032  -0.06890244   -0.0664638
-0.0637207  -0.06890244   -0.0664638
-0.0637207  0.05304878   0.05548742
0.05823052  -0.06890244   -0.005488187
-0.0637207  0.05304878   -0.005488187
0.05823052  -0.06890244   -0.0664638
0.05823052  -0.1298781   0.116463
-0.0637207  -0.007926831   0.05548742
-0.1246963  -0.06890244   0.116463
-0.1246963  -0.06890244   -0.005488187
-0.002745032  -0.007926831   -0.005488187
-0.1246963  -0.007926831   0.1774386
0.05823052  0.05304878   0.1774386
-0.0637207  -0.06890244   -0.1274394
-0.0637207  0.1140244   -0.0664638
-0.002745032  -0.06890244   -0.005488187
-0.0637207  -0.007926831   -0.188415
-0.0637207  -0.1298781   -0.0664638
-0.002745032  -0.06890244   -0.0664638
0.05823052  -0.007926831   0.116463
0.05823052  -0.007926831   -0.005488187
0.1192062  -0.06890244   0.05548742
-0.002745032  0.1140244   -0.0664638
-0.0637207  -0.007926831   0.116463
-0.2466475  -0.1298781   0.05548742
-0.0637207  -0.06890244   -0.1274394
-0.0637207  -0.007926831   0.116463
-0.0637207  -0.1908537   -0.0664638
-0.1246963  -0.1908537   -0.0664638
-0.1246963  0.1140244   0.116463
0.05823052  -0.06890244   0.05548742
-0.1856719  0.1140244   0.116463
-0.002745032  -0.1298781   0.1774386
-0.0637207  -0.06890244   -0.0664638
-0.0637207  -0.007926831   0.116463
-0.0637207  -0.06890244   0.05548742
0.05823052  0.05304878   -0.005488187
0.05823052  0.05304878   -0.0664638
-0.0637207  -0.06890244   -0.005488187
-0.0637207  -0.06890244   -0.0664638
-0.0637207  -0.06890244   -0.005488187
-0.0637207  -0.06890244   -0.005488187
-0.002745032  -0.007926831   0.05548742
-0.002745032  -0.007926831   0.05548742
-0.0637207  -0.007926831   0.05548742
-0.0637207  -0.007926831   0.05548742
-0.0637207  -0.007926831   -0.005488187
-0.002745032  -0.007926831   0.05548742
-0.1246963  -0.06890244   -0.005488187
-0.0637207  0.05304878   -0.005488187
-0.1246963  -0.1908537   -0.0664638
-0.002745032  0.05304878   -0.0664638
-0.1246963  -0.06890244   -0.1274394
0.05823052  0.1140244   -0.005488187
-0.1246963  0.05304878   -0.1274394
-0.1246963  -0.06890244   -0.0664638
-0.0637207  -0.1298781   -0.0664638
-0.1246963  0.05304878   -0.0664638
-0.002745032  0.1140244   -0.005488187
-0.0637207  -0.007926831   -0.0664638
-0.0637207  -0.06890244   0.05548742
-0.0637207  -0.007926831   -0.005488187
-0.0637207  0.05304878   -0.005488187
0.05823052  -0.1298781   -0.0664638
-0.1246963  0.05304878   -0.005488187
-0.002745032  0.05304878   0.1774386
-0.002745032  -0.06890244   -0.0664638
-0.1246963  -0.06890244   -0.0664638
-0.0637207  -0.1908537   -0.0664638
-0.1856719  -0.007926831   -0.005488187
-0.0637207  -0.007926831   -0.005488187
0.1192062  -0.007926831   -0.005488187
-0.0637207  0.1140244   0.05548742
-0.0637207  -0.1908537   -0.0664638
-0.002745032  -0.1298781   0.05548742
0.05823052  -0.06890244   0.05548742
0.05823052  -0.1908537   -0.0664638
-0.1246963  -0.1908537   0.05548742
-0.1246963  -0.1908537   0.05548742
-0.002745032  -0.007926831   -0.1274394
-0.002745032  0.05304878   -0.005488187
-0.1856719  -0.06890244   -0.1274394
-0.0637207  0.05304878   -0.005488187
-0.002745032  0.05304878   -0.0664638
-0.002745032  -0.1298781   0.1774386
-0.002745032  -0.1298781   -0.0664638
-0.1246963  -0.007926831   -0.005488187
0.05823052  0.05304878   -0.0664638
-0.002745032  -0.007926831   0.116463
-0.1246963  0.05304878   -0.005488187
-0.1246963  -0.1298781   -0.0664638
0.05823052  -0.06890244   -0.1274394
-0.002745032  -0.06890244   -0.1274394
-0.0637207  -0.007926831   -0.188415
-0.002745032  0.1140244   0.116463
-0.0637207  0.05304878   -0.0664638
-0.0637207  -0.007926831   -0.0664638
-0.1856719  -0.06890244   0.05548742
-0.1246963  -0.06890244   -0.1274394
-0.002745032  -0.1908537   0.05548742
-0.0637207  -0.1298781   0.116463
0.05823052  -0.1908537   0.116463
0.1801817  -0.1908537   -0.0664638
-0.0637207  -0.06890244   -0.005488187
-0.2466475  -0.1298781   -0.005488187
0.05823052  0.05304878   0.05548742
-0.1246963  -0.1908537   -0.0664638
-0.1856719  -0.1908537   -0.1274394
-0.1246963  -0.2518293   -0.0664638
-0.002745032  -0.06890244   -0.0664638
-0.0637207  -0.007926831   -0.0664638
-0.0637207  -0.007926831   -0.0664638
-0.1856719  -0.06890244   -0.0664638
-0.1856719  0.05304878   -0.0664638
-0.002745032  -0.06890244   0.05548742
-0.0637207  -0.007926831   0.05548742
-0.002745032  -0.007926831   -0.1274394
0.05823052  -0.007926831   -0.0664638
-0.1856719  -0.1298781   0.116463
-0.1246963  -0.1298781   -0.005488187
-0.002745032  -0.1298781   -0.005488187
-0.0637207  -0.06890244   -0.005488187
-0.002745032  0.175   -0.005488187
-0.0637207  0.1140244   0.05548742
-0.0637207  0.1140244   -0.005488187
0.05823052  0.05304878   0.116463
0.1192062  0.2969512   0.05548742
0.1192062  0.05304878   0.05548742
-0.1246963  -0.3737805   -0.1274394
-0.0637207  -0.06890244   -0.188415
-0.0637207  0.175   0.05548742
-0.002745032  0.05304878   -0.005488187
0.1801817  -0.06890244   -0.188415
-0.1856719  -0.06890244   -0.0664638
-0.0637207  0.05304878   -0.0664638
0.1801817  0.05304878   0.116463
-0.1246963  0.05304878   -0.005488187
-0.1856719  -0.007926831   0.05548742
0.05823052  0.05304878   -0.005488187
-0.1246963  -0.06890244   -0.0664638
-0.002745032  -0.1298781   -0.005488187
0.05823052  -0.007926831   -0.0664638
-0.0637207  0.05304878   0.116463
-0.0637207  -0.06890244   0.05548742
-0.1246963  -0.06890244   -0.005488187
0.1801817  -0.1298781   -0.0664638
0.1192062  -0.1908537   -0.005488187
-0.1246963  -0.007926831   -0.005488187
-0.002745032  -0.1298781   0.05548742
-0.002745032  -0.007926831   -0.005488187
-0.0637207  0.05304878   0.05548742
-0.1856719  0.05304878   0.05548742
-0.002745032  -0.06890244   -0.0664638
-0.2466475  -0.06890244   -0.1274394
-0.0637207  -0.007926831   -0.0664638
-0.0637207  0.1140244   -0.1274394
-0.1246963  -0.1298781   -0.1274394
-0.002745032  0.05304878   0.05548742
-0.1246963  -0.06890244   -0.0664638
0.05823052  -0.1298781   0.116463
0.05823052  -0.2518293   0.05548742
-0.002745032  -0.007926831   -0.0664638
-0.1246963  -0.1298781   0.116463
-0.002745032  0.05304878   -0.0664638
0.05823052  0.05304878   -0.005488187
-0.002745032  -0.1908537   -0.005488187
-0.2466475  -0.1298781   -0.005488187
-0.1856719  -0.007926831   0.05548742
-0.002745032  -0.06890244   -0.1274394
-0.0637207  0.175   -0.005488187
0.1192062  -0.007926831   -0.1274394
-0.1246963  -0.06890244   0.116463
-0.1246963  0.05304878   -0.1274394
-0.1856719  -0.007926831   -0.005488187
-0.1246963  -0.007926831   0.05548742
-0.002745032  -0.06890244   -0.0664638
-0.0637207  0.175   -0.005488187
-0.002745032  -0.007926831   -0.005488187
-0.002745032  -0.2518293   -0.188415
0.05823052  -0.007926831   0.05548742
-0.002745032  0.05304878   -0.005488187
0.05823052  -0.007926831   -0.1274394
0.1192062  -0.06890244   -0.0664638
-0.0637207  0.05304878   -0.1274394
-0.0637207  0.05304878   -0.005488187
-0.1246963  -0.06890244   -0.005488187
-0.0637207  -0.06890244   -0.005488187
0.05823052  0.1140244   -0.0664638
-0.0637207  -0.007926831   -0.005488187
-0.002745032  -0.06890244   -0.005488187
0.05823052  -0.06890244   -0.0664638
-0.0637207  -0.1298781   -0.005488187
-0.1856719  -0.007926831   -0.0664638
-0.002745032  0.05304878   0.05548742
-0.002745032  -0.1298781   0.05548742
-0.1856719  -0.06890244   -0.005488187
-0.002745032  -0.1298781   0.05548742
-0.0637207  -0.007926831   -0.0664638
-0.1246963  0.05304878   -0.005488187
0.05823052  -0.06890244   0.05548742
-0.1856719  -0.06890244   -0.0664638
0.05823052  -0.007926831   0.05548742
-0.0637207  -0.2518293   0.05548742
-0.0637207  -0.007926831   -0.005488187
-0.0637207  -0.1298781   -0.0664638
-0.2466475  -0.06890244   0.116463
-0.1246963  0.05304878   -0.1274394
-0.002745032  -0.1298781   0.05548742
-0.002745032  -0.1298781   -0.0664638
0.05823052  -0.1298781   -0.005488187
-0.002745032  -0.007926831   -0.0664638
-0.0637207  0.05304878   -0.0664638
-0.0637207  -0.06890244   -0.0664638
-0.002745032  -0.06890244   -0.0664638
0.05823052  -0.06890244   -0.005488187
-0.0637207  -0.06890244   0.116463
-0.0637207  -0.1298781   -0.1274394
-0.1856719  0.05304878   -0.1274394
-0.0637207  0.05304878   0.05548742
0.05823052  -0.007926831   0.05548742
-0.1246963  -0.007926831   -0.1274394
-0.002745032  -0.1298781   -0.005488187
-0.1246963  -0.007926831   -0.005488187
0.1192062  -0.06890244   -0.0664638
-0.0637207  -0.007926831   0.1774386
0.1192062  -0.1298781   -0.005488187
-0.1246963  -0.007926831   -0.005488187
-0.002745032  0.05304878   -0.005488187
-0.0637207  -0.007926831   0.116463
-0.1246963  0.1140244   -0.188415
-0.0637207  0.05304878   0.116463
-0.1246963  0.1140244   -0.1274394
-0.1246963  -0.1298781   -0.0664638
-0.0637207  -0.1298781   -0.0664638
-0.1246963  -0.1298781   0.116463
-0.1856719  -0.06890244   -0.0664638
-0.1246963  0.05304878   -0.1274394
0.05823052  0.05304878   -0.005488187
-0.002745032  -0.1908537   -0.005488187
0.05823052  -0.06890244   -0.005488187
0.05823052  -0.007926831   0.116463
-0.1246963  -0.1298781   0.05548742
-0.0637207  -0.1908537   -0.005488187
-0.1246963  -0.06890244   -0.005488187
0.05823052  0.1140244   -0.0664638
-0.0637207  -0.2518293   0.116463
-0.0637207  -0.007926831   -0.005488187
-0.1856719  -0.007926831   0.05548742
-0.0637207  -0.007926831   -0.0664638
-0.002745032  -0.1298781   0.05548742
-0.1246963  -0.06890244   0.05548742
0.1801817  0.175   -0.005488187
-0.1246963  -0.007926831   -0.005488187
-0.1246963  0.05304878   0.116463
-0.002745032  0.05304878   -0.0664638
-0.0637207  -0.007926831   -0.005488187
-0.1246963  0.05304878   0.05548742
-0.002745032  -0.007926831   -0.1274394
0.1192062  -0.06890244   -0.005488187
0.1192062  -0.1298781   0.05548742
-0.1246963  -0.007926831   -0.0664638
-0.1856719  -0.06890244   0.05548742
-0.0637207  -0.1298781   0.05548742
-0.1246963  0.05304878   -0.005488187
-0.1246963  -0.007926831   -0.0664638
0.1192062  -0.1298781   -0.1274394
0.05823052  0.175   -0.188415
-0.0637207  -0.06890244   0.116463
-0.0637207  0.05304878   -0.005488187
0.1192062  -0.1908537   -0.0664638
-0.002745032  -0.007926831   -0.005488187
-0.1246963  -0.1908537   -0.1274394
0.1192062  0.05304878   0.116463
-0.0637207  0.05304878   -0.0664638
-0.002745032  -0.007926831   -0.005488187
-0.0637207  -0.1298781   -0.005488187
-0.1246963  -0.007926831   -0.1274394
-0.0637207  -0.06890244   0.05548742
-0.0637207  -0.06890244   -0.005488187
-0.0637207  -0.1298781   0.116463
-0.1246963  -0.06890244   0.05548742
0.05823052  -0.007926831   -0.0664638
-0.0637207  -0.06890244   0.05548742
0.05823052  -0.007926831   -0.005488187
-0.002745032  -0.1298781   0.05548742
-0.1856719  -0.2518293   -0.005488187
-0.1246963  0.05304878   -0.0664638
0.2411574  -0.1908537   -0.0664638
-0.002745032  -0.007926831   0.116463
-0.1246963  -0.007926831   0.116463
-0.1856719  -0.007926831   0.05548742
-0.002745032  -0.06890244   -0.005488187
-0.0637207  0.175   -0.005488187
-0.1246963  -0.007926831   -0.005488187
0.05823052  0.1140244   0.116463
-0.002745032  -0.06890244   -0.005488187
-0.1246963  -0.1298781   -0.005488187
0.05823052  0.1140244   -0.2493906
-0.1856719  -0.007926831   -0.1274394
-0.1856719  -0.06890244   -0.005488187
-0.1246963  -0.1298781   -0.005488187
-0.1246963  -0.06890244   -0.0664638
-0.002745032  -0.06890244   -0.188415
-0.1246963  -0.1298781   -0.188415
-0.0637207  -0.007926831   0.05548742
0.1192062  -0.06890244   -0.005488187
-0.0637207  -0.1298781   0.05548742
-0.002745032  0.1140244   -0.005488187
-0.1246963  0.05304878   -0.0664638
-0.002745032  -0.007926831   -0.005488187
0.05823052  0.05304878   0.05548742
-0.1246963  -0.007926831   -0.1274394
-0.1856719  -0.007926831   -0.1274394
-0.1246963  -0.1298781   -0.0664638
-0.1856719  0.1140244   0.05548742
-0.002745032  -0.1298781   -0.1274394
-0.0637207  0.05304878   0.05548742
0.05823052  0.175   -0.005488187
-0.002745032  -0.1908537   0.1774386
-0.1246963  0.1140244   0.05548742
-0.1246963  -0.1298781   -0.005488187
-0.1246963  -0.06890244   -0.005488187
-0.002745032  -0.06890244   0.05548742
-0.1856719  -0.007926831   -0.005488187
-0.0637207  -0.06890244   -0.0664638
0.05823052  -0.1298781   -0.1274394
-0.1246963  0.05304878   -0.2493906
-0.002745032  -0.06890244   0.1774386
-0.002745032  0.05304878   0.116463
-0.0637207  -0.1298781   -0.0664638
-0.2466475  0.05304878   0.05548742
-0.0637207  0.05304878   -0.005488187
0.05823052  0.05304878   -0.0664638
-0.1856719  0.175   -0.005488187
-0.0637207  0.2359756   -0.005488187
-0.1856719  0.05304878   -0.005488187
-0.0637207  0.05304878   0.05548742
-0.002745032  0.175   -0.1274394
-0.1856719  -0.007926831   -0.005488187
-0.002745032  -0.007926831   -0.0664638
-0.0637207  -0.1298781   -0.005488187
-0.0637207  -0.1908537   -0.0664638
-0.0637207  -0.1298781   0.05548742
0.05823052  0.05304878   -0.0664638
-0.002745032  -0.1298781   0.116463
-0.1246963  -0.007926831   -0.1274394
-0.1246963  -0.007926831   0.05548742
0.05823052  -0.007926831   0.1774386
-0.1246963  -0.007926831   -0.0664638
-0.1856719  -0.1298781   -0.005488187
-0.1246963  0.175   0.05548742
-0.1246963  0.175   0.05548742
0.05823052  0.1140244   -0.005488187
-0.0637207  -0.06890244   -0.005488187
-0.0637207  -0.2518293   -0.0664638
-0.002745032  -0.1298781   -0.0664638
-0.002745032  -0.06890244   -0.005488187
0.1192062  -0.007926831   -0.005488187
-0.1246963  0.05304878   -0.0664638
-0.0637207  -0.06890244   -0.005488187
-0.0637207  -0.3128049   -0.005488187
0.05823052  -0.1298781   -0.005488187
-0.1856719  0.1140244   -0.0664638
-0.0637207  0.1140244   -0.005488187
-0.1246963  -0.1908537   -0.005488187
-0.0637207  -0.1298781   -0.005488187
0.05823052  -0.1298781   0.05548742
-0.002745032  -0.1298781   -0.188415
0.1192062  -0.06890244   0.116463
-0.002745032  -0.007926831   0.05548742
-0.002745032  0.175   -0.005488187
-0.1246963  -0.007926831   -0.005488187
-0.002745032  -0.2518293   0.116463
-0.002745032  -0.06890244   0.1774386
-0.002745032  -0.06890244   0.116463
-0.002745032  -0.06890244   0.116463
-0.0637207  -0.007926831   -0.005488187
-0.002745032  -0.007926831   0.05548742
0.1192062  0.1140244   -0.0664638
-0.0637207  -0.007926831   -0.0664638
-0.1856719  0.05304878   0.116463
-0.0637207  0.05304878   -0.1274394
-0.002745032  -0.06890244   -0.0664638
-0.0637207  0.05304878   -0.005488187
-0.002745032  -0.06890244   -0.005488187
-0.002745032  -0.2518293   -0.0664638
-0.1246963  -0.007926831   0.05548742
-0.002745032  -0.007926831   -0.0664638
-0.002745032  -0.06890244   -0.005488187
-0.002745032  -0.007926831   -0.0664638
-0.1246963  -0.1298781   0.116463
-0.1246963  -0.007926831   0.05548742
-0.1246963  -0.007926831   0.05548742
-0.0637207  -0.06890244   0.05548742
-0.1246963  -0.06890244   -0.005488187
-0.1856719  -0.06890244   -0.188415
-0.002745032  -0.06890244   -0.0664638
-0.1246963  -0.06890244   -0.1274394
-0.1246963  -0.007926831   -0.1274394
-0.1856719  -0.007926831   -0.1274394
-0.1856719  -0.007926831   0.116463
-0.1246963  0.05304878   -0.005488187
-0.002745032  -0.06890244   -0.188415
-0.002745032  -0.06890244   0.05548742
-0.002745032  -0.007926831   -0.0664638
-0.0637207  0.05304878   -0.0664638
0.05823052  -0.007926831   0.05548742
-0.002745032  0.1140244   0.05548742
-0.1246963  0.1140244   -0.1274394
-0.002745032  -0.06890244   0.116463
-0.1246963  -0.1298781   0.116463
-0.002745032  -0.007926831   -0.1274394
-0.0637207  -0.06890244   0.116463
0.1192062  0.05304878   -0.0664638
-0.2466475  -0.007926831   -0.0664638
-0.1246963  -0.06890244   -0.005488187
-0.0637207  -0.1908537   0.05548742
-0.002745032  -0.06890244   -0.005488187
0.05823052  -0.06890244   -0.005488187
-0.1246963  0.1140244   0.116463
-0.0637207  -0.1298781   -0.0664638
-0.002745032  0.1140244   0.116463
-0.1856719  -0.06890244   0.05548742
0.1192062  -0.06890244   -0.005488187
-0.002745032  -0.007926831   -0.005488187
-0.1246963  -0.06890244   -0.005488187
0.05823052  -0.06890244   -0.188415
-0.1246963  -0.06890244   0.05548742
-0.0637207  -0.007926831   -0.0664638
0.05823052  -0.1298781   -0.005488187
-0.1246963  -0.06890244   -0.005488187
-0.002745032  0.1140244   -0.0664638
-0.1246963  -0.1298781   -0.0664638
-0.1246963  0.05304878   -0.005488187
0.05823052  -0.1298781   -0.0664638
-0.1246963  -0.06890244   -0.0664638
-0.0637207  -0.06890244   -0.005488187
-0.002745032  0.05304878   -0.005488187
-0.0637207  0.05304878   -0.0664638
0.1801817  -0.1908537   0.05548742
-0.1246963  -0.1298781   -0.005488187
-0.002745032  0.175   0.05548742
-0.1246963  0.05304878   -0.1274394
-0.002745032  -0.06890244   0.116463
-0.2466475  0.05304878   -0.005488187
0.1192062  -0.1298781   -0.005488187
-0.1856719  0.1140244   0.05548742
-0.0637207  -0.1298781   -0.005488187
-0.0637207  -0.06890244   -0.005488187
0.1801817  -0.007926831   -0.005488187
-0.002745032  0.1140244   -0.1274394
-0.1246963  -0.06890244   -0.0664638
-0.002745032  -0.1298781   0.05548742
-0.1856719  0.1140244   -0.005488187
-0.1246963  -0.1908537   0.05548742
-0.0637207  0.1140244   0.05548742
