-12.47813  6.5069   -32.98594
-13.3856  6.2171   -30.42478
-11.57066  6.7967   -34.08358
-14.89805  5.3477   -31.52242
-13.3856  5.6375   -31.8883
-12.78062  7.3763   -31.8883
-13.08311  7.0865   -30.0589
-12.47813  4.7681   -30.79066
-12.17564  6.2171   -31.8883
-12.47813  6.5069   -32.25418
-13.99058  7.3763   -33.35182
-13.3856  3.8987   -31.15654
-12.78062  6.2171   -32.62006
-12.47813  5.9273   -32.25418
-13.3856  6.7967   -31.8883
-14.29307  4.7681   -31.52242
-11.26817  6.5069   -32.25418
-13.3856  4.4783   -31.15654
-12.47813  4.7681   -33.7177
-13.99058  4.4783   -30.42478
-13.68809  7.6661   -32.98594
-12.47813  8.2457   -31.52242
-11.26817  7.6661   -32.25418
-13.3856  5.6375   -33.35182
-13.99058  7.3763   -32.62006
-14.29307  6.5069   -32.25418
-12.78062  7.3763   -34.08358
-12.17564  7.9559   -31.15654
-13.3856  6.2171   -33.35182
-14.29307  6.5069   -34.44946
-11.57066  8.5355   -34.08358
-13.3856  7.3763   -31.8883
-12.47813  5.9273   -32.98594
-12.47813  5.3477   -32.25418
-13.3856  6.2171   -31.8883
-12.78062  5.0579   -31.15654
-11.57066  5.6375   -31.15654
-12.47813  7.0865   -32.25418
-13.3856  5.0579   -31.8883
-13.68809  4.7681   -32.25418
-13.68809  5.9273   -32.25418
-11.57066  6.7967   -33.35182
-12.17564  7.3763   -32.62006
-11.87315  6.5069   -35.18122
-13.3856  7.3763   -34.81534
-11.87315  7.0865   -32.25418
-11.87315  5.3477   -31.52242
-14.29307  5.9273   -31.52242
-13.3856  7.3763   -32.62006
-13.3856  7.9559   -34.08358
-12.47813  6.5069   -33.7177
-13.99058  6.2171   -32.62006
-13.08311  6.5069   -33.7177
-13.99058  7.3763   -32.62006
-13.08311  7.0865   -33.7177
-12.17564  6.7967   -32.62006
-11.87315  8.2457   -32.25418
-14.29307  6.5069   -32.98594
-13.68809  7.6661   -33.7177
-13.99058  5.6375   -34.08358
-13.68809  7.0865   -32.98594
-12.47813  6.5069   -31.52242
-11.87315  5.3477   -30.0589
-11.26817  6.5069   -33.7177
-13.08311  7.0865   -32.25418
-10.3607  5.6375   -31.8883
-12.47813  6.5069   -32.25418
-12.78062  6.7967   -31.8883
-13.3856  4.4783   -31.15654
-13.68809  5.9273   -31.52242
-13.68809  6.5069   -34.44946
-14.29307  9.4049   -33.7177
-11.57066  6.7967   -33.35182
-13.08311  7.0865   -33.7177
-13.68809  8.8253   -32.98594
-13.99058  7.9559   -32.62006
-12.47813  7.0865   -32.98594
-13.08311  7.6661   -32.98594
-12.17564  7.3763   -33.35182
-13.99058  6.2171   -34.81534
-13.68809  6.5069   -32.98594
-13.68809  7.0865   -32.98594
-10.96568  6.2171   -32.62006
-13.3856  5.6375   -34.08358
-11.87315  6.5069   -32.25418
-12.47813  5.3477   -33.7177
-13.3856  5.0579   -31.8883
-12.78062  4.4783   -32.62006
-12.17564  7.3763   -32.62006
-13.08311  6.5069   -30.79066
-13.3856  7.9559   -30.42478
-13.99058  6.7967   -32.62006
-12.78062  6.2171   -33.35182
-13.3856  6.7967   -34.08358
-15.20054  6.2171   -32.62006
-13.99058  6.7967   -32.62006
-13.68809  6.5069   -34.44946
-12.78062  7.3763   -32.62006
-14.59556  6.2171   -33.35182
-13.68809  6.5069   -32.98594
-13.68809  7.6661   -32.98594
-12.47813  7.0865   -32.25418
-13.08311  6.5069   -32.25418
-13.99058  6.2171   -32.62006
-13.99058  6.2171   -31.8883
-12.17564  6.7967   -31.15654
-13.08311  5.9273   -31.52242
-12.47813  6.5069   -31.52242
-12.17564  5.6375   -31.8883
-12.47813  5.3477   -30.79066
-15.20054  6.7967   -34.81534
-13.08311  7.0865   -32.98594
-13.68809  7.0865   -33.7177
-12.47813  7.6661   -33.7177
-13.99058  7.3763   -32.62006
-13.08311  7.0865   -32.98594
-13.08311  7.6661   -34.44946
-13.3856  6.7967   -34.08358
-13.08311  6.5069   -32.98594
-12.47813  5.9273   -32.25418
-12.78062  7.9559   -33.35182
-13.99058  6.2171   -31.8883
-13.08311  5.3477   -32.25418
-12.47813  7.6661   -32.25418
-13.68809  7.0865   -32.98594
-13.99058  5.6375   -31.8883
-13.08311  6.5069   -32.25418
-13.99058  5.6375   -31.15654
-12.78062  5.6375   -31.8883
-12.78062  6.2171   -31.8883
-13.68809  6.5069   -32.98594
-12.47813  5.3477   -31.52242
-13.68809  7.0865   -33.7177
-13.3856  6.2171   -32.62006
-13.3856  6.7967   -32.62006
-13.68809  8.8253   -32.25418
-12.17564  5.6375   -32.62006
-14.59556  6.7967   -31.8883
-12.78062  7.3763   -33.35182
-12.78062  7.9559   -33.35182
-13.3856  7.3763   -31.8883
-13.08311  5.9273   -31.52242
-14.29307  5.3477   -30.0589
-13.3856  4.4783   -30.42478
-12.47813  5.9273   -32.25418
-13.99058  6.2171   -31.8883
-12.17564  6.2171   -30.42478
-11.87315  6.5069   -32.98594
-10.96568  6.2171   -32.62006
-12.47813  6.5069   -32.25418
-13.68809  7.6661   -33.7177
-13.3856  7.3763   -34.81534
-12.47813  6.5069   -31.52242
-15.20054  7.9559   -33.35182
-13.68809  5.3477   -32.25418
-13.08311  7.6661   -32.98594
-13.68809  7.0865   -33.7177
-13.3856  6.2171   -32.62006
-13.68809  7.0865   -32.98594
-13.3856  7.3763   -34.08358
-12.78062  6.7967   -31.15654
-13.08311  8.2457   -35.18122
-13.3856  6.7967   -32.62006
-12.47813  6.5069   -32.98594
-12.47813  8.2457   -35.18122
-12.17564  6.2171   -31.8883
-12.17564  6.7967   -32.62006
-11.87315  5.3477   -32.25418
-11.87315  5.3477   -30.79066
-13.08311  4.7681   -31.52242
-14.89805  7.0865   -34.44946
-13.3856  7.3763   -33.35182
-11.57066  6.2171   -34.81534
-15.80552  6.7967   -33.35182
-13.68809  8.2457   -35.91298
-13.08311  7.0865   -32.25418
-13.3856  6.7967   -34.08358
-13.99058  6.2171   -33.35182
-13.99058  6.7967   -31.8883
-14.59556  6.7967   -34.08358
-13.99058  7.3763   -35.5471
-14.29307  5.3477   -33.7177
-12.47813  7.0865   -32.98594
-11.26817  6.5069   -33.7177
-12.78062  6.2171   -31.15654
-13.3856  6.2171   -31.15654
-12.78062  7.9559   -31.8883
-13.3856  6.7967   -31.15654
-13.3856  5.0579   -30.42478
-12.47813  5.9273   -32.25418
-12.78062  6.7967   -31.8883
-11.87315  6.5069   -34.44946
-11.57066  6.7967   -33.35182
-13.3856  7.9559   -32.62006
-13.08311  5.9273   -35.18122
-11.26817  6.5069   -34.44946
-13.08311  7.0865   -34.44946
-11.57066  7.3763   -31.8883
-13.3856  6.7967   -34.08358
-12.78062  6.2171   -32.62006
-13.99058  7.9559   -33.35182
-11.87315  7.6661   -30.79066
-13.3856  5.6375   -31.8883
-12.78062  5.6375   -33.35182
-13.3856  5.0579   -33.35182
-13.99058  6.7967   -33.35182
-12.78062  6.7967   -32.62006
-12.47813  6.5069   -31.52242
-13.08311  5.3477   -30.79066
-12.47813  5.9273   -31.52242
-13.08311  7.0865   -34.44946
-14.29307  7.6661   -33.7177
-13.3856  6.7967   -32.62006
-13.99058  6.2171   -34.08358
-13.3856  6.2171   -33.35182
-13.08311  5.3477   -32.98594
-12.78062  6.2171   -31.15654
-13.08311  5.9273   -32.25418
-12.17564  7.3763   -32.62006
-13.08311  7.0865   -33.7177
-13.99058  5.6375   -33.35182
-12.78062  7.3763   -34.08358
-12.17564  5.6375   -32.62006
-12.47813  5.9273   -32.25418
-13.99058  6.7967   -34.08358
-13.68809  7.0865   -32.98594
-12.78062  5.6375   -32.62006
-13.3856  6.7967   -34.08358
-12.47813  7.6661   -32.25418
-13.3856  6.7967   -32.62006
-13.08311  6.5069   -30.79066
-14.29307  6.5069   -31.52242
-13.3856  5.6375   -31.8883
-12.78062  6.2171   -31.15654
-12.47813  4.1885   -31.52242
-13.08311  7.6661   -34.44946
-12.47813  7.0865   -32.98594
-13.3856  7.3763   -33.35182
-12.47813  6.5069   -34.44946
-12.17564  5.6375   -33.35182
-13.08311  6.5069   -32.98594
-13.08311  6.5069   -34.44946
-13.3856  7.3763   -33.35182
-14.29307  5.9273   -32.98594
-12.47813  7.0865   -33.7177
-13.08311  7.6661   -33.7177
-13.08311  7.0865   -32.25418
-13.3856  7.3763   -32.62006
-14.89805  7.0865   -32.98594
-11.57066  6.2171   -33.35182
-12.17564  6.7967   -31.8883
-13.68809  6.5069   -33.7177
-12.78062  6.2171   -32.62006
-11.87315  4.7681   -32.98594
-12.17564  6.2171   -32.62006
-13.3856  5.0579   -34.08358
-13.99058  7.3763   -33.35182
-12.17564  7.3763   -34.81534
-13.68809  7.0865   -32.25418
-13.08311  7.0865   -33.7177
-12.17564  7.9559   -33.35182
-12.78062  7.3763   -32.62006
-13.99058  7.3763   -33.35182
-12.78062  6.2171   -34.81534
-12.17564  6.7967   -32.62006
-12.78062  6.2171   -33.35182
-13.68809  6.5069   -32.98594
-12.78062  6.7967   -33.35182
-12.78062  7.3763   -34.81534
-13.08311  4.7681   -33.7177
-13.3856  7.9559   -32.62006
-13.3856  5.6375   -32.62006
-12.17564  6.7967   -33.35182
-12.17564  5.6375   -31.8883
-12.17564  5.6375   -32.62006
-14.29307  6.5069   -32.25418
-13.3856  7.9559   -32.62006
-14.89805  6.5069   -33.7177
-13.3856  6.7967   -34.08358
-14.29307  7.0865   -33.7177
-13.08311  8.2457   -33.7177
-12.17564  7.3763   -32.62006
-12.78062  6.7967   -32.62006
-11.87315  8.2457   -33.7177
-13.3856  7.3763   -33.35182
-11.26817  7.0865   -33.7177
-15.80552  6.7967   -32.62006
-13.68809  6.5069   -33.7177
-12.78062  7.3763   -33.35182
-12.78062  5.6375   -33.35182
-12.17564  6.7967   -31.15654
-13.3856  6.2171   -32.62006
-13.08311  5.9273   -32.25418
-13.08311  6.5069   -30.79066
-11.57066  5.6375   -32.62006
-13.08311  5.3477   -30.79066
-12.17564  6.2171   -32.62006
-13.68809  7.6661   -32.25418
-11.26817  6.5069   -32.98594
-13.99058  6.7967   -32.62006
-12.17564  7.3763   -33.35182
-12.47813  5.3477   -32.98594
-13.3856  6.7967   -33.35182
-12.78062  7.3763   -33.35182
-14.29307  6.5069   -33.7177
-12.47813  5.9273   -35.18122
-12.78062  7.3763   -32.62006
-13.68809  6.5069   -32.25418
-13.68809  7.0865   -32.25418
-13.3856  6.7967   -31.15654
-11.87315  7.6661   -32.98594
-12.47813  5.9273   -31.52242
-13.08311  5.9273   -33.7177
-13.99058  4.4783   -31.15654
-13.68809  5.9273   -33.7177
-13.08311  7.0865   -32.25418
-13.08311  6.5069   -31.52242
-13.08311  8.2457   -33.7177
-13.68809  6.5069   -32.25418
-13.3856  6.7967   -31.8883
-13.3856  7.3763   -33.35182
-12.17564  8.5355   -32.62006
-13.3856  7.3763   -31.15654
-14.59556  6.7967   -34.08358
-11.87315  7.6661   -33.7177
-12.78062  7.3763   -34.08358
-13.99058  6.2171   -32.62006
-12.47813  6.5069   -32.98594
-14.59556  6.7967   -32.62006
-12.17564  7.3763   -31.8883
-13.08311  5.3477   -32.25418
-12.17564  7.9559   -32.62006
-11.26817  6.5069   -30.79066
-12.78062  5.0579   -31.8883
-12.47813  5.9273   -31.52242
-12.78062  5.0579   -33.35182
-12.78062  5.6375   -31.8883
-13.99058  6.7967   -32.62006
-13.08311  6.5069   -32.98594
-13.3856  6.2171   -33.35182
-12.78062  7.9559   -33.35182
-12.47813  6.5069   -32.98594
-13.08311  5.9273   -32.98594
-12.47813  7.6661   -32.25418
-12.47813  7.6661   -32.98594
-13.08311  7.0865   -35.18122
-13.08311  7.0865   -32.98594
-11.87315  7.6661   -34.44946
-12.47813  7.0865   -32.25418
-12.78062  6.2171   -35.5471
-10.96568  7.9559   -31.8883
-12.17564  6.7967   -32.62006
-12.47813  5.9273   -31.52242
-13.3856  5.6375   -31.8883
-13.08311  5.9273   -31.52242
-13.08311  5.9273   -30.79066
-12.17564  6.2171   -31.8883
-12.47813  5.3477   -30.79066
-13.08311  7.6661   -32.25418
-14.59556  6.2171   -32.62006
-12.47813  4.7681   -32.98594
-12.47813  7.0865   -32.98594
-13.08311  8.8253   -32.25418
-13.3856  7.3763   -35.5471
-13.3856  7.3763   -34.81534
-11.57066  7.3763   -34.08358
-12.17564  6.2171   -32.62006
-13.3856  5.0579   -32.62006
-13.08311  6.5069   -32.25418
-14.29307  7.0865   -32.98594
-12.47813  5.9273   -32.98594
-12.47813  6.5069   -30.79066
-12.17564  6.7967   -34.08358
-14.59556  6.2171   -31.15654
-12.17564  5.0579   -31.8883
-11.57066  5.6375   -32.62006
-12.78062  6.2171   -31.8883
-12.17564  5.6375   -31.8883
-13.08311  6.5069   -31.52242
-14.29307  7.0865   -32.98594
-10.66319  7.6661   -33.7177
-13.99058  6.2171   -32.62006
-12.47813  7.0865   -32.25418
-13.08311  5.9273   -34.44946
-12.47813  7.0865   -32.98594
-13.3856  7.9559   -34.08358
-13.08311  6.5069   -32.98594
-11.57066  6.2171   -32.62006
-14.29307  7.6661   -32.98594
-12.47813  7.0865   -36.64474
-13.68809  7.0865   -34.44946
-13.3856  6.2171   -30.42478
-13.99058  6.2171   -31.8883
-12.47813  5.9273   -32.98594
-13.3856  6.7967   -32.62006
-12.78062  6.2171   -33.35182
-13.3856  6.7967   -32.62006
-10.96568  6.2171   -31.15654
-14.29307  4.7681   -32.25418
-13.99058  7.3763   -31.8883
-14.59556  6.2171   -32.62006
-12.78062  7.3763   -31.8883
-13.3856  6.7967   -33.35182
-13.08311  6.5069   -31.52242
-13.3856  7.9559   -34.08358
-13.99058  6.2171   -34.08358
-13.99058  6.2171   -31.8883
-12.17564  5.6375   -31.15654
-12.78062  7.3763   -32.62006
-13.99058  7.9559   -33.35182
-13.99058  7.9559   -32.62006
-12.47813  6.5069   -33.7177
-13.08311  5.3477   -32.98594
-13.08311  5.9273   -33.7177
-13.3856  6.2171   -31.15654
-11.26817  6.5069   -31.52242
-13.08311  6.5069   -32.25418
-12.78062  5.0579   -30.42478
-12.78062  6.7967   -32.62006
-13.99058  7.3763   -33.35182
-14.59556  6.2171   -32.62006
-10.96568  7.3763   -32.62006
-12.78062  6.7967   -33.35182
-13.99058  6.2171   -31.8883
-13.68809  7.0865   -32.98594
-13.08311  7.6661   -32.25418
-13.3856  8.5355   -33.35182
-13.08311  5.9273   -32.25418
-13.08311  6.5069   -32.25418
-13.3856  6.7967   -31.8883
-13.99058  7.3763   -33.35182
-13.08311  7.0865   -33.7177
-13.68809  7.6661   -31.52242
-14.29307  4.7681   -30.79066
-13.99058  6.2171   -31.8883
-14.29307  5.9273   -32.25418
-14.29307  6.5069   -31.52242
-13.3856  6.2171   -31.8883
-12.47813  5.9273   -31.52242
-12.78062  5.6375   -32.62006
-12.47813  8.2457   -32.98594
-14.29307  5.9273   -33.7177
-13.3856  6.7967   -31.8883
-12.47813  5.9273   -31.52242
-13.08311  7.0865   -33.7177
-13.68809  6.5069   -32.98594
-11.87315  8.8253   -32.25418
-13.68809  5.3477   -33.7177
-13.3856  6.7967   -33.35182
-14.29307  8.8253   -32.98594
-12.17564  8.5355   -34.81534
-14.29307  6.5069   -35.91298
-14.89805  7.0865   -34.44946
-13.08311  7.0865   -32.98594
-13.68809  7.0865   -35.18122
-13.08311  8.2457   -33.7177
-12.78062  7.3763   -31.15654
-13.08311  5.9273   -30.79066
-13.3856  5.6375   -28.96126
-12.47813  6.5069   -32.98594
-13.3856  6.2171   -34.08358
-12.47813  7.0865   -34.44946
-13.68809  7.0865   -33.7177
-12.47813  7.6661   -32.98594
-12.78062  6.7967   -33.35182
-14.29307  7.6661   -32.98594
-13.99058  6.7967   -31.15654
-13.68809  6.5069   -34.44946
-13.3856  7.9559   -33.35182
-13.68809  7.0865   -31.52242
-13.68809  7.0865   -32.98594
-12.78062  6.7967   -34.08358
-12.47813  7.6661   -32.25418
-11.57066  6.7967   -32.62006
-12.78062  5.0579   -31.8883
-12.47813  5.9273   -30.79066
-11.57066  3.3191   -31.15654
-12.78062  5.0579   -31.8883
-13.08311  5.9273   -32.25418
-13.3856  5.0579   -31.15654
-12.47813  7.0865   -34.44946
-13.08311  7.0865   -31.52242
-12.17564  7.9559   -34.08358
-13.68809  6.5069   -33.7177
-12.47813  7.0865   -32.98594
-13.99058  7.3763   -34.81534
-13.99058  5.6375   -34.08358
-13.08311  7.0865   -33.7177
-13.08311  7.6661   -32.98594
-13.3856  6.2171   -33.35182
-12.78062  8.5355   -31.15654
-11.57066  6.7967   -33.35182
-12.17564  6.2171   -31.15654
-12.47813  7.0865   -31.52242
-12.78062  6.2171   -31.15654
-11.87315  7.0865   -30.79066
-11.57066  5.6375   -31.15654
-13.08311  7.6661   -31.52242
-14.89805  7.6661   -32.25418
-12.47813  6.5069   -30.79066
-13.68809  7.6661   -32.98594
-12.78062  6.7967   -34.81534
-11.57066  6.2171   -32.62006
-13.99058  6.7967   -32.62006
-12.78062  6.7967   -32.62006
-12.47813  7.6661   -32.25418
-14.89805  5.9273   -32.25418
-12.78062  7.3763   -34.08358
-13.99058  7.3763   -32.62006
-12.78062  5.6375   -32.62006
-14.29307  8.8253   -35.18122
-13.08311  7.0865   -34.44946
-12.78062  6.2171   -32.62006
-12.78062  6.7967   -31.15654
-12.78062  5.6375   -31.8883
-12.47813  6.5069   -31.52242
-12.17564  6.2171   -31.15654
-11.87315  4.7681   -32.25418
-12.17564  6.2171   -32.62006
-12.78062  5.6375   -32.62006
-13.08311  8.2457   -33.7177
-13.99058  6.7967   -34.08358
-13.08311  6.5069   -32.25418
-12.78062  5.6375   -31.8883
-12.17564  5.6375   -33.35182
-12.47813  6.5069   -32.25418
-10.96568  5.6375   -33.35182
-13.3856  6.2171   -32.62006
-13.08311  4.7681   -32.25418
-13.3856  6.2171   -31.8883
-14.29307  6.5069   -33.7177
-14.59556  7.9559   -32.62006
-13.68809  8.2457   -35.18122
-13.99058  6.7967   -31.8883
-13.68809  5.9273   -33.7177
-13.99058  6.7967   -34.08358
-14.59556  7.3763   -33.35182
-12.78062  8.5355   -33.35182
-12.78062  5.6375   -34.08358
-12.47813  5.9273   -32.98594
-13.3856  6.2171   -33.35182
-12.17564  5.6375   -28.96126
-12.47813  5.3477   -35.18122
-13.99058  7.3763   -33.35182
-12.78062  7.3763   -33.35182
-11.87315  6.5069   -33.7177
-12.47813  5.9273   -31.52242
-13.08311  6.5069   -32.25418
-13.3856  5.6375   -34.08358
-13.08311  7.0865   -32.98594
-14.59556  7.9559   -34.08358
-10.96568  9.6947   -33.35182
-13.68809  8.2457   -33.7177
-13.68809  7.0865   -32.98594
-13.3856  5.6375   -32.62006
-13.08311  7.6661   -33.7177
-14.59556  7.3763   -34.81534
-14.29307  7.6661   -34.44946
-13.99058  7.9559   -34.08358
-13.08311  7.6661   -31.52242
-13.3856  8.5355   -34.81534
-13.99058  6.2171   -34.81534
-14.29307  7.6661   -33.7177
-11.57066  7.3763   -34.08358
-13.08311  7.0865   -32.25418
-12.17564  4.4783   -31.15654
-13.3856  6.2171   -31.15654
-15.20054  6.2171   -32.62006
-13.99058  6.2171   -31.15654
-13.08311  5.9273   -32.25418
-14.89805  6.5069   -34.44946
-13.3856  6.7967   -32.62006
-12.17564  7.3763   -32.62006
-13.99058  7.3763   -32.62006
-12.17564  6.2171   -31.15654
-12.78062  6.2171   -32.62006
-13.68809  5.3477   -30.79066
-12.78062  6.7967   -32.62006
-13.68809  5.3477   -31.52242
-12.78062  5.6375   -31.8883
-13.99058  6.7967   -34.08358
-12.17564  10.2743   -34.81534
-13.08311  8.8253   -31.52242
-14.29307  7.0865   -33.7177
-13.3856  6.7967   -33.35182
-12.78062  5.6375   -30.42478
-12.17564  5.6375   -31.15654
-13.08311  8.2457   -35.18122
-13.68809  6.5069   -32.98594
-13.3856  7.3763   -34.08358
-12.78062  7.9559   -34.08358
-12.17564  6.2171   -32.62006
-12.17564  5.0579   -31.8883
-13.08311  6.5069   -32.25418
-13.99058  6.7967   -32.62006
-13.3856  7.3763   -31.8883
-12.17564  7.3763   -34.08358
-11.87315  7.0865   -31.52242
-13.99058  5.6375   -31.8883
-13.3856  6.7967   -32.62006
-14.29307  6.5069   -33.7177
-14.29307  6.5069   -35.18122
-13.99058  6.7967   -34.81534
-12.47813  8.8253   -32.98594
-13.68809  5.9273   -31.52242
-13.3856  6.2171   -33.35182
-13.99058  5.0579   -31.8883
-13.68809  5.3477   -32.98594
-12.78062  5.6375   -31.8883
-13.68809  7.0865   -33.7177
-13.3856  6.7967   -33.35182
-13.99058  5.0579   -34.08358
-14.29307  8.2457   -32.25418
-13.3856  7.3763   -34.08358
-13.3856  6.7967   -31.15654
-13.99058  7.3763   -31.8883
-12.78062  7.3763   -33.35182
-13.68809  8.2457   -34.44946
-12.47813  7.6661   -32.98594
-12.17564  6.2171   -32.62006
-14.29307  7.6661   -33.7177
-13.68809  5.9273   -32.98594
-13.68809  5.3477   -32.25418
-13.68809  8.2457   -33.7177
-13.08311  5.9273   -33.7177
-14.59556  6.7967   -32.62006
-14.29307  6.5069   -33.7177
-12.47813  8.2457   -32.98594
-13.3856  6.2171   -33.35182
-13.08311  7.0865   -32.98594
-13.68809  6.5069   -33.7177
-12.47813  6.5069   -32.25418
-12.17564  6.2171   -33.35182
-14.59556  7.3763   -34.08358
-12.47813  8.2457   -31.52242
-13.08311  7.0865   -32.25418
-13.99058  7.3763   -34.08358
-12.78062  6.2171   -31.15654
-12.78062  6.2171   -31.8883
-12.47813  6.5069   -31.52242
-13.99058  7.9559   -34.08358
-13.68809  6.5069   -33.7177
-12.78062  7.9559   -34.81534
-12.47813  7.0865   -34.44946
-12.17564  7.3763   -33.35182
-13.08311  7.0865   -32.98594
-12.17564  6.7967   -32.62006
-11.26817  7.6661   -34.44946
-11.87315  5.9273   -32.98594
-13.99058  6.7967   -31.15654
-12.47813  5.3477   -35.18122
-14.89805  7.0865   -33.7177
-11.57066  5.6375   -33.35182
-13.99058  6.7967   -32.62006
-13.99058  7.9559   -34.08358
-13.3856  6.7967   -34.81534
-14.29307  7.6661   -32.25418
-12.78062  5.6375   -32.62006
-13.68809  5.3477   -34.44946
-13.3856  6.2171   -33.35182
-13.08311  7.6661   -32.98594
-13.68809  7.0865   -33.7177
-13.08311  7.0865   -33.7177
-12.78062  6.7967   -34.08358
-13.08311  7.0865   -32.25418
-12.78062  7.3763   -33.35182
-13.68809  5.3477   -33.7177
-13.99058  6.2171   -31.8883
-12.47813  7.0865   -34.44946
-14.29307  7.6661   -32.98594
-13.68809  6.5069   -32.25418
-11.87315  7.0865   -31.52242
-11.26817  6.5069   -32.98594
-12.78062  5.6375   -29.69302
-12.47813  6.5069   -32.25418
-13.3856  6.2171   -34.08358
-11.57066  6.7967   -33.35182
-11.87315  6.5069   -32.98594
-10.96568  7.9559   -33.35182
-12.78062  7.3763   -33.35182
-13.08311  7.0865   -33.7177
-13.3856  6.2171   -35.5471
-13.68809  6.5069   -32.98594
-13.68809  7.0865   -33.7177
-13.3856  5.6375   -32.62006
-14.29307  7.0865   -34.44946
-13.68809  7.6661   -32.98594
-13.08311  5.9273   -32.98594
-11.87315  7.6661   -35.91298
-13.3856  7.3763   -33.35182
-12.17564  5.6375   -34.08358
-13.68809  5.9273   -33.7177
-12.78062  6.7967   -32.62006
-12.78062  5.0579   -33.35182
-14.29307  5.9273   -30.0589
-12.17564  6.7967   -31.8883
-12.17564  7.9559   -33.35182
-13.3856  6.7967   -34.08358
-12.78062  7.3763   -34.81534
-12.78062  7.3763   -33.35182
-13.08311  6.5069   -32.98594
-14.59556  5.6375   -32.62006
-12.78062  7.3763   -34.08358
-13.68809  7.6661   -33.7177
-10.3607  6.7967   -34.08358
-13.08311  6.5069   -32.98594
-13.08311  6.5069   -32.98594
-13.99058  6.7967   -32.62006
-13.08311  5.9273   -33.7177
-13.99058  5.6375   -34.81534
-12.17564  6.7967   -33.35182
-12.17564  6.2171   -31.8883
-13.3856  6.7967   -31.15654
-13.68809  5.9273   -30.79066
-13.68809  5.9273   -31.52242
-13.68809  6.5069   -32.25418
-15.20054  7.3763   -34.08358
-14.59556  7.3763   -30.42478
-13.3856  6.2171   -33.35182
-12.17564  6.2171   -34.81534
-13.3856  7.3763   -33.35182
-13.08311  5.9273   -32.25418
-13.3856  7.3763   -34.08358
-13.3856  6.2171   -31.15654
-13.08311  6.5069   -32.98594
-13.08311  7.0865   -34.44946
-13.08311  5.9273   -33.7177
-13.68809  7.0865   -32.25418
-13.99058  6.7967   -32.62006
-12.47813  7.0865   -31.52242
-14.59556  7.9559   -32.62006
-12.78062  5.6375   -32.62006
-12.78062  6.2171   -32.62006
-12.17564  5.6375   -31.8883
-13.99058  6.2171   -32.62006
-13.08311  6.5069   -32.98594
-12.47813  5.3477   -30.79066
-14.29307  7.0865   -32.98594
-15.20054  6.7967   -33.35182
-13.08311  7.6661   -32.98594
-13.3856  5.6375   -33.35182
-13.99058  6.7967   -31.15654
-13.99058  6.2171   -33.35182
-13.99058  6.2171   -32.62006
-13.99058  7.3763   -32.62006
-13.3856  6.2171   -31.8883
-14.29307  8.2457   -33.7177
-12.47813  6.5069   -32.98594
-13.99058  7.9559   -31.8883
-12.47813  6.5069   -32.98594
-12.17564  6.7967   -32.62006
-12.47813  5.3477   -31.52242
-12.17564  5.6375   -32.62006
-14.29307  5.3477   -31.52242
-11.87315  5.9273   -32.25418
-13.08311  5.9273   -32.98594
-12.47813  5.3477   -32.25418
-12.47813  7.6661   -32.98594
-11.87315  6.5069   -31.52242
-12.47813  5.9273   -31.52242
-13.3856  6.7967   -31.8883
-13.08311  7.0865   -34.44946
-13.3856  6.7967   -33.35182
-12.47813  9.4049   -32.98594
-14.59556  7.9559   -32.62006
-13.99058  6.2171   -35.5471
-13.08311  5.9273   -32.98594
-12.47813  5.3477   -31.52242
-14.29307  6.5069   -32.98594
-12.47813  7.6661   -32.98594
-13.3856  7.9559   -33.35182
-12.47813  5.9273   -33.7177
-13.3856  5.6375   -32.62006
-12.17564  6.7967   -31.8883
-13.68809  4.1885   -32.25418
-12.17564  7.9559   -32.62006
-13.99058  5.6375   -32.62006
-11.87315  5.9273   -35.18122
-13.3856  7.3763   -34.08358
-13.3856  5.6375   -34.08358
-13.68809  8.2457   -31.52242
-13.3856  5.6375   -30.42478
-11.87315  5.9273   -32.98594
-11.87315  5.9273   -33.7177
-13.08311  8.2457   -31.52242
-13.99058  6.7967   -32.62006
-13.08311  5.3477   -32.98594
-13.3856  5.0579   -33.35182
-14.59556  6.2171   -33.35182
-11.87315  7.0865   -32.25418
-14.59556  7.3763   -32.62006
-12.78062  7.3763   -34.08358
-12.47813  5.9273   -33.7177
-13.99058  7.9559   -32.62006
-13.08311  6.5069   -32.25418
-13.68809  8.2457   -32.25418
-13.99058  7.3763   -32.62006
-13.08311  5.9273   -32.98594
-14.29307  7.6661   -32.98594
-13.99058  6.7967   -32.62006
-14.29307  5.3477   -35.18122
-13.3856  7.9559   -32.62006
-13.08311  5.9273   -31.52242
-11.87315  5.9273   -32.25418
-13.08311  7.0865   -33.7177
-14.59556  6.7967   -32.62006
-12.47813  7.0865   -32.25418
-14.29307  7.6661   -32.25418
-13.3856  7.3763   -33.35182
-14.29307  5.9273   -32.25418
-13.08311  7.0865   -33.7177
-12.17564  5.0579   -32.62006
-13.68809  5.9273   -31.52242
-12.17564  5.6375   -29.69302
-12.78062  5.6375   -31.15654
-10.96568  6.2171   -30.42478
-13.08311  5.3477   -31.52242
-11.57066  5.0579   -32.62006
-12.47813  7.0865   -32.25418
-13.08311  8.8253   -34.44946
-12.78062  7.3763   -34.81534
-14.29307  7.0865   -32.98594
-14.29307  7.0865   -32.98594
-13.68809  5.3477   -34.44946
-12.78062  5.6375   -34.08358
-12.47813  7.0865   -31.52242
-12.47813  7.0865   -32.98594
-12.78062  7.3763   -31.8883
-13.08311  8.2457   -33.7177
-12.78062  4.4783   -31.8883
-13.08311  7.0865   -34.44946
-12.17564  6.7967   -29.69302
-13.3856  7.3763   -30.42478
-12.78062  5.6375   -31.15654
-13.3856  4.4783   -32.62006
-13.99058  6.2171   -32.62006
-13.08311  5.3477   -30.79066
-13.99058  5.0579   -33.35182
-13.3856  6.2171   -31.8883
-12.17564  7.9559   -32.62006
-13.68809  5.3477   -33.7177
-12.78062  6.2171   -32.62006
-13.3856  7.9559   -33.35182
-14.89805  6.5069   -33.7177
-13.3856  5.6375   -34.81534
-14.29307  7.0865   -32.25418
-14.59556  7.3763   -34.08358
-13.08311  7.6661   -32.98594
-14.29307  8.2457   -33.7177
-14.29307  5.9273   -32.98594
-13.68809  7.0865   -32.25418
-13.68809  7.0865   -31.52242
-13.3856  6.2171   -32.62006
-13.3856  5.6375   -30.42478
-13.68809  4.1885   -30.0589
-13.08311  6.5069   -32.98594
-11.87315  6.5069   -32.98594
-14.59556  5.0579   -31.8883
-12.47813  5.9273   -31.52242
-13.68809  7.0865   -32.98594
-11.87315  8.8253   -32.98594
-13.08311  8.8253   -35.18122
-12.78062  8.5355   -32.62006
-13.3856  8.5355   -34.08358
-13.3856  7.9559   -33.35182
-12.78062  7.9559   -32.62006
-13.3856  6.7967   -34.08358
-12.17564  7.9559   -34.81534
-11.57066  7.9559   -33.35182
-12.47813  7.6661   -32.98594
-13.08311  8.2457   -35.18122
-13.3856  6.7967   -33.35182
-13.99058  6.7967   -33.35182
-14.29307  6.5069   -32.25418
-14.29307  5.9273   -31.52242
-13.68809  5.9273   -32.25418
-12.78062  6.7967   -33.35182
-11.87315  5.9273   -30.79066
-12.78062  6.7967   -31.8883
-11.87315  5.9273   -32.98594
-12.47813  7.0865   -32.25418
-13.3856  7.3763   -32.62006
-13.08311  8.8253   -30.79066
-13.68809  7.0865   -33.7177
-14.29307  6.5069   -32.25418
-13.08311  8.2457   -32.98594
-12.78062  7.3763   -34.81534
-12.47813  6.5069   -32.25418
-12.78062  6.7967   -33.35182
-11.57066  6.2171   -34.08358
-13.3856  7.3763   -34.08358
-12.17564  6.2171   -32.62006
-12.47813  5.9273   -33.7177
-13.08311  5.9273   -32.25418
-13.08311  6.5069   -31.52242
-12.78062  6.2171   -33.35182
-13.08311  5.3477   -32.25418
-11.57066  6.2171   -31.8883
-10.66319  6.5069   -31.52242
-12.47813  5.9273   -31.52242
-12.78062  5.0579   -31.8883
-13.99058  8.5355   -34.08358
-11.87315  7.6661   -32.98594
-12.17564  6.7967   -31.8883
-11.57066  7.3763   -34.81534
-13.68809  8.2457   -35.18122
-12.78062  6.7967   -31.15654
-11.87315  7.6661   -35.91298
-13.3856  6.7967   -34.08358
-12.78062  6.2171   -35.5471
-14.29307  7.6661   -30.79066
-13.08311  6.5069   -35.18122
-12.78062  5.6375   -35.5471
-13.68809  8.2457   -30.79066
-11.87315  6.5069   -32.98594
-13.68809  6.5069   -32.25418
-14.59556  7.3763   -32.62006
-12.78062  7.3763   -33.35182
-13.68809  5.3477   -31.52242
-12.78062  6.7967   -31.15654
-13.99058  7.3763   -31.15654
-12.47813  5.9273   -30.79066
-13.3856  5.6375   -32.62006
-12.17564  5.0579   -30.42478
-12.78062  6.2171   -30.42478
-10.96568  7.3763   -32.62006
-12.78062  6.7967   -32.62006
-13.08311  7.0865   -30.79066
-12.17564  6.2171   -33.35182
-13.68809  6.5069   -32.25418
-14.89805  7.0865   -32.98594
-13.3856  6.2171   -34.08358
-13.3856  5.0579   -32.62006
-16.4105  6.2171   -32.62006
-11.87315  6.5069   -32.98594
-13.08311  7.0865   -33.7177
-13.08311  6.5069   -32.25418
-12.78062  7.3763   -34.08358
-15.20054  8.5355   -32.62006
-13.08311  7.6661   -32.25418
-10.96568  7.3763   -32.62006
-12.78062  5.0579   -33.35182
-11.87315  6.5069   -30.79066
-12.78062  6.7967   -31.15654
-12.17564  5.6375   -32.62006
-13.99058  3.8987   -30.42478
-12.17564  7.3763   -31.8883
-12.47813  7.0865   -32.98594
-12.17564  5.6375   -28.96126
-13.08311  5.9273   -31.52242
-13.68809  6.5069   -34.44946
-12.47813  7.6661   -32.98594
-13.99058  7.9559   -31.8883
-13.08311  7.6661   -33.7177
-14.29307  5.9273   -32.25418
-12.17564  9.6947   -31.8883
-13.3856  6.7967   -34.08358
-12.78062  5.6375   -33.35182
-12.78062  5.6375   -31.8883
-13.08311  6.5069   -32.98594
-12.78062  7.9559   -32.62006
-13.68809  5.9273   -32.98594
-12.47813  5.9273   -31.52242
-13.08311  5.9273   -32.98594
-11.87315  6.5069   -33.7177
-10.66319  4.7681   -32.98594
-12.78062  5.6375   -33.35182
-12.78062  6.2171   -31.8883
-13.68809  7.0865   -31.52242
-11.57066  7.3763   -32.62006
-14.89805  7.0865   -34.44946
-13.3856  7.3763   -33.35182
-12.47813  7.0865   -31.52242
-11.57066  8.5355   -33.35182
-14.59556  7.3763   -31.8883
-13.08311  7.6661   -31.52242
-13.99058  6.2171   -33.35182
-13.08311  7.0865   -33.7177
-13.68809  5.9273   -33.7177
-14.59556  7.3763   -31.8883
-11.87315  7.6661   -32.98594
-13.3856  6.2171   -32.62006
-14.29307  5.9273   -32.25418
-13.68809  6.5069   -31.52242
-12.17564  6.2171   -32.62006
-12.47813  7.6661   -32.98594
-12.78062  5.6375   -33.35182
-12.78062  5.6375   -33.35182
-11.26817  5.9273   -30.79066
-12.17564  5.6375   -32.62006
-13.3856  6.2171   -34.08358
-13.3856  5.0579   -33.35182
-13.68809  8.2457   -33.7177
-12.78062  5.6375   -34.81534
-13.08311  7.6661   -32.98594
-13.3856  6.7967   -34.81534
-12.78062  6.7967   -33.35182
-12.17564  7.3763   -33.35182
-12.78062  7.9559   -32.62006
-13.3856  6.2171   -32.62006
-13.68809  7.6661   -32.25418
-13.99058  6.2171   -34.08358
-12.47813  7.6661   -31.52242
-13.08311  6.5069   -32.98594
-12.47813  7.0865   -31.52242
-13.3856  6.7967   -33.35182
-13.3856  6.7967   -31.8883
-13.99058  6.7967   -34.08358
-13.68809  6.5069   -32.98594
-13.68809  5.9273   -32.98594
-13.08311  7.0865   -32.25418
-12.47813  5.3477   -31.52242
-13.99058  6.2171   -32.62006
-11.26817  5.3477   -33.7177
-13.08311  6.5069   -30.79066
-12.47813  5.9273   -30.79066
-12.78062  6.7967   -31.8883
-12.78062  5.6375   -31.15654
-12.47813  6.5069   -31.52242
-13.08311  6.5069   -31.52242
-12.78062  7.3763   -33.35182
-13.3856  6.7967   -34.08358
-11.87315  7.0865   -32.25418
-12.47813  5.9273   -35.91298
-12.47813  7.0865   -32.98594
-12.17564  6.7967   -32.62006
-12.47813  6.5069   -32.98594
-12.17564  7.3763   -34.81534
-14.59556  6.7967   -33.35182
-13.68809  4.7681   -33.7177
-13.3856  7.9559   -34.81534
-13.99058  6.7967   -33.35182
-13.3856  4.4783   -31.8883
-13.99058  6.2171   -31.15654
-13.99058  5.6375   -31.15654
-13.99058  6.2171   -32.62006
-13.3856  6.2171   -30.42478
-14.59556  6.2171   -31.8883
-13.3856  5.0579   -31.15654
-13.68809  7.0865   -32.25418
-13.08311  7.0865   -33.7177
-13.3856  5.0579   -31.8883
-12.47813  7.6661   -35.18122
-13.68809  5.9273   -33.7177
-13.3856  7.3763   -31.15654
-13.08311  7.0865   -33.7177
-13.08311  7.0865   -33.7177
-12.47813  7.6661   -32.25418
-13.3856  6.2171   -32.62006
-13.99058  7.9559   -33.35182
-13.68809  8.2457   -32.25418
-13.68809  6.5069   -32.25418
-12.78062  6.7967   -34.08358
-13.68809  7.0865   -34.44946
-13.68809  6.5069   -32.98594
-14.59556  6.7967   -31.15654
-13.08311  6.5069   -33.7177
-14.29307  7.6661   -33.7177
-12.78062  7.9559   -33.35182
-13.08311  7.0865   -31.52242
-11.26817  6.5069   -33.7177
-13.3856  6.7967   -31.8883
-11.57066  5.0579   -33.35182
-12.17564  5.6375   -32.62006
-13.08311  5.3477   -32.98594
-13.68809  6.5069   -32.98594
-13.08311  7.0865   -32.25418
-13.3856  8.5355   -32.62006
-14.29307  6.5069   -35.18122
-12.47813  7.0865   -34.44946
-13.3856  6.2171   -32.62006
-12.17564  6.7967   -32.62006
-13.3856  7.9559   -32.62006
-13.68809  8.8253   -32.98594
-13.08311  7.0865   -31.52242
-12.17564  7.3763   -33.35182
-13.68809  7.6661   -32.25418
-12.47813  7.6661   -34.44946
-12.47813  5.3477   -32.98594
-13.99058  6.2171   -33.35182
-14.29307  8.2457   -33.7177
-13.99058  5.0579   -32.62006
-11.87315  6.5069   -32.25418
-13.3856  5.6375   -31.8883
-11.57066  5.0579   -31.15654
-12.47813  5.3477   -34.44946
-12.47813  6.5069   -34.44946
-13.3856  7.3763   -32.62006
-12.47813  5.3477   -32.25418
-13.68809  7.6661   -32.98594
-13.68809  7.6661   -36.64474
-14.59556  6.2171   -35.5471
-12.47813  7.6661   -32.98594
-13.08311  5.3477   -33.7177
-13.68809  7.6661   -35.18122
-12.78062  6.2171   -34.08358
-12.78062  7.9559   -31.8883
-14.29307  7.6661   -30.79066
-13.3856  7.9559   -32.62006
-13.3856  4.4783   -31.8883
-13.99058  7.3763   -34.08358
-13.68809  7.0865   -32.98594
-13.99058  6.2171   -29.69302
-12.47813  5.9273   -30.79066
-12.78062  4.4783   -33.35182
-13.08311  7.0865   -31.52242
-13.08311  6.5069   -31.52242
-13.08311  6.5069   -33.7177
-13.08311  6.5069   -32.98594
-13.68809  5.3477   -33.7177
-12.47813  7.0865   -32.98594
-13.99058  7.3763   -34.08358
-13.08311  5.9273   -32.25418
-12.17564  5.6375   -32.62006
-13.3856  6.7967   -33.35182
-13.08311  6.5069   -32.98594
-13.3856  6.2171   -34.08358
-13.3856  6.7967   -33.35182
-13.99058  8.5355   -33.35182
-14.89805  7.6661   -33.7177
-13.08311  7.0865   -33.7177
-12.78062  5.6375   -29.69302
-12.78062  6.7967   -31.15654
-14.29307  7.0865   -32.98594
-13.68809  5.3477   -31.52242
-13.99058  6.2171   -31.15654
-13.68809  7.6661   -33.7177
-11.87315  5.9273   -33.7177
-12.47813  7.0865   -31.52242
-13.08311  7.6661   -30.79066
-13.68809  7.0865   -33.7177
-13.08311  6.5069   -33.7177
-13.68809  5.9273   -35.18122
-15.20054  7.3763   -34.81534
-13.99058  6.2171   -32.62006
-11.26817  8.2457   -32.25418
-12.47813  6.5069   -34.44946
-14.89805  7.0865   -34.44946
-13.08311  7.0865   -30.79066
-13.08311  7.0865   -31.52242
-13.68809  7.0865   -34.44946
-12.17564  6.2171   -31.8883
-14.29307  5.9273   -32.98594
-14.59556  6.7967   -31.8883
-12.47813  5.3477   -31.52242
-13.08311  5.9273   -30.79066
-13.08311  5.3477   -32.25418
-14.29307  7.0865   -33.7177
-11.57066  5.6375   -31.15654
-12.47813  5.9273   -32.98594
-11.26817  7.0865   -34.44946
-13.3856  6.2171   -33.35182
-13.68809  6.5069   -32.98594
-12.47813  6.5069   -32.98594
-14.29307  7.0865   -34.44946
-13.3856  6.2171   -33.35182
-13.08311  5.3477   -33.7177
-13.3856  6.2171   -33.35182
-14.89805  8.2457   -32.25418
-13.68809  7.6661   -32.98594
-11.57066  6.2171   -32.62006
-12.78062  7.3763   -31.8883
-12.78062  5.6375   -31.8883
-12.78062  5.6375   -33.35182
-11.87315  6.5069   -32.25418
-12.47813  5.3477   -33.7177
-12.47813  6.5069   -30.0589
-12.78062  5.6375   -33.35182
-12.17564  7.3763   -31.8883
-14.29307  6.5069   -32.25418
-12.47813  5.9273   -33.7177
-13.99058  7.9559   -33.35182
-13.3856  6.2171   -34.08358
-12.78062  6.2171   -31.15654
-14.89805  7.0865   -31.52242
-13.08311  7.0865   -32.25418
-13.68809  5.3477   -30.79066
-13.3856  6.7967   -33.35182
-13.08311  7.0865   -33.7177
-13.08311  6.5069   -33.7177
-12.17564  7.3763   -31.15654
-12.17564  6.7967   -33.35182
-12.78062  6.2171   -33.35182
-13.3856  5.6375   -31.15654
-13.99058  6.2171   -32.62006
-13.68809  5.3477   -32.98594
-11.87315  7.0865   -31.52242
-13.68809  6.5069   -34.44946
-11.87315  7.6661   -32.98594
-12.47813  7.0865   -32.25418
-13.3856  7.3763   -33.35182
-13.08311  7.6661   -32.25418
-12.78062  7.3763   -34.81534
-13.08311  7.0865   -34.44946
-13.08311  6.5069   -32.25418
-11.87315  7.6661   -31.52242
-11.87315  6.5069   -32.25418
-13.99058  7.3763   -32.62006
-13.3856  7.3763   -32.62006
-11.87315  7.0865   -32.98594
-12.47813  6.5069   -32.25418
-13.68809  7.0865   -30.79066
-12.17564  6.2171   -32.62006
-13.08311  5.9273   -31.52242
-13.08311  5.3477   -31.52242
-11.87315  5.9273   -33.7177
-13.68809  5.3477   -30.79066
-11.26817  5.9273   -31.52242
-12.47813  7.6661   -32.25418
-11.87315  7.6661   -33.7177
-11.26817  6.5069   -32.98594
-13.99058  7.9559   -33.35182
-11.57066  6.7967   -32.62006
-13.68809  8.2457   -33.7177
-12.78062  6.7967   -32.62006
-14.29307  6.5069   -32.25418
-14.29307  5.9273   -33.7177
-13.08311  7.6661   -34.44946
-13.99058  6.7967   -33.35182
-13.3856  7.9559   -33.35182
-12.78062  6.2171   -32.62006
-12.17564  5.0579   -32.62006
-13.68809  7.0865   -31.52242
-12.47813  5.3477   -31.52242
-13.99058  5.0579   -31.8883
-11.57066  6.7967   -32.62006
-11.26817  7.0865   -30.0589
-12.17564  6.7967   -33.35182
-13.99058  5.6375   -34.08358
-12.17564  5.6375   -32.62006
-12.47813  6.5069   -32.98594
-14.89805  5.9273   -34.44946
-12.17564  7.9559   -34.81534
-13.08311  7.0865   -32.25418
-12.47813  7.6661   -32.98594
-13.68809  7.0865   -33.7177
-13.3856  5.6375   -31.8883
-12.78062  6.2171   -34.08358
-13.08311  5.9273   -34.44946
-11.87315  5.9273   -32.25418
-12.47813  7.0865   -32.25418
-11.87315  7.0865   -32.98594
-12.17564  5.0579   -31.8883
-12.78062  7.3763   -30.42478
-14.29307  5.3477   -32.25418
-11.57066  5.6375   -33.35182
-13.99058  5.6375   -32.62006
-11.87315  5.9273   -32.25418
-15.20054  4.4783   -32.62006
-14.59556  7.3763   -34.81534
-13.68809  7.0865   -32.98594
-12.78062  7.3763   -32.62006
-13.68809  8.2457   -32.98594
-13.3856  7.3763   -34.08358
-13.08311  6.5069   -32.98594
-14.59556  7.3763   -30.42478
-14.29307  5.3477   -32.25418
-13.68809  6.5069   -34.44946
-13.68809  7.0865   -35.18122
-12.17564  6.2171   -34.08358
-13.3856  5.6375   -33.35182
-12.78062  6.7967   -31.15654
-13.08311  4.7681   -34.44946
-11.87315  7.0865   -31.52242
-12.78062  5.0579   -33.35182
-13.68809  5.3477   -31.52242
-13.3856  6.2171   -31.15654
-13.08311  4.1885   -30.79066
-11.87315  6.5069   -32.98594
-11.87315  6.5069   -31.52242
-13.3856  6.2171   -31.8883
-13.68809  7.0865   -32.25418
-13.68809  6.5069   -32.98594
-12.47813  7.0865   -32.98594
-12.17564  6.7967   -31.8883
-14.29307  6.5069   -32.25418
-14.29307  5.3477   -35.18122
-12.47813  7.0865   -32.25418
-13.68809  5.9273   -32.98594
-13.3856  6.2171   -32.62006
-10.66319  6.5069   -31.52242
-12.17564  6.2171   -32.62006
-13.99058  5.6375   -30.42478
-12.78062  4.4783   -32.62006
-12.78062  6.7967   -33.35182
-10.96568  7.3763   -31.15654
-13.08311  5.3477   -32.25418
-13.08311  6.5069   -31.52242
-12.47813  7.0865   -31.52242
-13.3856  5.0579   -31.15654
-14.59556  6.2171   -35.5471
-13.08311  7.0865   -32.98594
-12.47813  7.6661   -32.98594
-13.68809  7.6661   -32.98594
-13.3856  7.3763   -31.8883
-13.68809  5.9273   -32.25418
-11.87315  6.5069   -32.98594
-12.78062  7.3763   -34.08358
-13.3856  6.7967   -31.8883
-12.17564  6.2171   -30.42478
-13.3856  7.3763   -34.08358
-11.87315  7.0865   -32.98594
-11.26817  6.5069   -32.98594
-13.68809  7.6661   -32.98594
-13.08311  7.6661   -32.98594
-11.87315  8.8253   -31.52242
-13.68809  7.0865   -34.44946
-12.78062  6.7967   -31.8883
-13.08311  7.0865   -32.25418
-13.68809  7.0865   -33.7177
-13.68809  7.0865   -34.44946
-13.3856  7.3763   -31.8883
-14.59556  6.7967   -33.35182
-14.59556  8.5355   -34.08358
-13.68809  8.2457   -34.44946
-13.68809  7.0865   -32.98594
-13.3856  6.2171   -33.35182
-12.47813  6.5069   -32.25418
-13.3856  5.6375   -31.15654
-11.87315  5.9273   -30.79066
-14.59556  7.3763   -33.35182
-14.89805  7.0865   -32.98594
-13.68809  5.3477   -33.7177
-12.78062  7.3763   -33.35182
-12.47813  6.5069   -31.52242
-13.3856  8.5355   -32.62006
-12.78062  6.7967   -34.08358
-13.68809  8.2457   -32.98594
-12.78062  7.3763   -33.35182
-11.87315  6.5069   -32.98594
-14.59556  7.3763   -34.81534
-13.68809  7.6661   -35.18122
-11.26817  4.1885   -31.52242
-12.47813  7.0865   -31.52242
-12.47813  6.5069   -32.98594
-14.59556  6.2171   -31.8883
-13.68809  5.9273   -30.79066
-14.29307  6.5069   -31.52242
-12.47813  5.3477   -32.25418
-12.47813  5.9273   -30.79066
-13.3856  7.3763   -33.35182
-12.47813  8.2457   -32.98594
-13.99058  7.3763   -31.8883
-13.08311  7.6661   -32.98594
-12.17564  6.2171   -29.69302
-15.80552  5.6375   -33.35182
-13.68809  8.2457   -32.25418
-13.3856  6.2171   -33.35182
-12.78062  7.3763   -31.8883
-12.47813  7.0865   -32.25418
-13.3856  6.2171   -31.15654
-13.68809  8.2457   -33.7177
-11.87315  6.5069   -32.25418
-12.17564  6.2171   -31.15654
-12.17564  5.6375   -31.15654
-13.68809  5.3477   -31.52242
-12.17564  6.2171   -31.8883
-12.47813  6.5069   -31.52242
-11.87315  4.7681   -30.79066
-12.78062  5.6375   -34.08358
-12.78062  5.0579   -31.8883
-12.17564  6.7967   -33.35182
-13.08311  8.2457   -35.18122
-13.99058  7.3763   -32.62006
-13.3856  6.7967   -31.8883
-13.3856  7.3763   -33.35182
-12.47813  7.0865   -32.98594
-13.99058  7.3763   -33.35182
-13.99058  6.2171   -33.35182
-12.47813  7.6661   -33.7177
-13.68809  5.9273   -32.25418
-14.89805  5.3477   -32.98594
-13.3856  5.0579   -32.62006
-11.26817  6.5069   -31.52242
-13.99058  6.2171   -32.62006
-11.57066  4.4783   -31.15654
-12.17564  5.6375   -33.35182
-12.17564  5.6375   -30.42478
-12.78062  4.4783   -34.08358
-12.78062  5.6375   -31.8883
-15.80552  6.7967   -34.08358
-14.59556  8.5355   -35.5471
-12.47813  7.0865   -33.7177
-12.78062  7.3763   -34.08358
-13.08311  7.6661   -32.25418
-14.29307  7.6661   -32.98594
-14.89805  6.5069   -32.98594
-14.89805  7.6661   -32.98594
-12.78062  6.2171   -32.62006
-12.78062  7.3763   -34.08358
-12.78062  6.7967   -31.8883
-12.47813  7.0865   -32.25418
-13.3856  6.2171   -33.35182
-12.47813  5.9273   -29.32714
-13.08311  7.0865   -34.44946
-12.78062  6.2171   -31.15654
-13.08311  5.3477   -31.52242
-12.17564  4.4783   -31.8883
-11.87315  6.5069   -30.79066
-13.08311  4.7681   -32.25418
-13.3856  6.2171   -32.62006
-13.08311  5.9273   -35.18122
-12.17564  6.7967   -34.81534
-13.99058  5.6375   -34.81534
-11.87315  7.0865   -33.7177
-12.17564  6.7967   -33.35182
-13.99058  6.2171   -32.62006
-12.47813  6.5069   -35.18122
-14.59556  6.2171   -33.35182
-12.47813  7.0865   -32.25418
-14.89805  7.6661   -35.91298
-13.3856  8.5355   -33.35182
-13.68809  6.5069   -32.25418
-12.17564  5.6375   -32.62006
-13.68809  5.3477   -31.52242
-13.68809  5.9273   -31.52242
-12.17564  6.2171   -31.8883
-12.17564  3.8987   -31.8883
-12.47813  5.9273   -30.79066
-11.87315  7.0865   -34.44946
-13.3856  7.3763   -33.35182
-12.78062  7.3763   -34.08358
-14.59556  7.3763   -32.62006
-13.08311  7.0865   -32.98594
-13.99058  7.3763   -34.08358
-14.29307  8.2457   -31.52242
-13.08311  6.5069   -32.98594
-12.17564  6.2171   -34.08358
-13.99058  6.2171   -33.35182
-12.47813  5.9273   -34.44946
-12.78062  6.7967   -32.62006
-13.08311  5.9273   -32.98594
-13.3856  5.6375   -32.62006
-12.47813  5.3477   -31.52242
-13.99058  5.0579   -31.8883
-11.87315  5.9273   -30.79066
-11.87315  6.5069   -30.79066
-12.78062  6.2171   -31.15654
-13.08311  5.3477   -32.25418
-13.3856  3.8987   -30.42478
-12.78062  6.7967   -34.08358
-14.59556  5.6375   -31.8883
-12.78062  7.3763   -34.08358
-12.47813  6.5069   -33.7177
-13.68809  7.0865   -35.91298
-12.78062  6.7967   -33.35182
-13.3856  6.2171   -32.62006
-14.29307  5.9273   -32.25418
-13.3856  5.6375   -31.15654
-13.68809  8.2457   -32.98594
-12.78062  6.7967   -32.62006
-12.17564  7.3763   -32.62006
-13.08311  4.7681   -30.79066
-12.78062  6.2171   -33.35182
-12.17564  7.9559   -32.62006
-13.08311  7.0865   -32.98594
-11.26817  5.9273   -32.98594
-12.47813  7.6661   -35.18122
-13.68809  5.3477   -32.98594
-12.47813  6.5069   -31.52242
-15.20054  7.9559   -34.08358
-12.78062  9.1151   -34.08358
-14.29307  7.0865   -33.7177
-13.08311  7.6661   -33.7177
-13.68809  7.6661   -33.7177
-11.26817  6.5069   -32.98594
-12.47813  7.0865   -32.25418
-12.78062  5.6375   -34.08358
-13.08311  6.5069   -34.44946
-13.68809  6.5069   -32.98594
-13.99058  7.3763   -34.81534
-13.68809  7.6661   -32.98594
-12.78062  6.2171   -30.42478
-11.87315  5.9273   -30.79066
-12.17564  5.6375   -31.15654
-11.87315  5.3477   -32.25418
-12.47813  5.9273   -32.98594
-13.3856  6.2171   -30.42478
-13.68809  5.3477   -31.52242
-14.89805  5.9273   -31.52242
-13.68809  5.9273   -33.7177
-13.08311  7.0865   -34.44946
-12.78062  6.7967   -33.35182
-13.68809  8.2457   -33.7177
-13.08311  8.2457   -32.98594
-13.08311  5.9273   -33.7177
-11.87315  7.0865   -33.7177
-13.08311  7.0865   -32.98594
-12.47813  7.0865   -32.98594
-14.59556  6.2171   -34.81534
-13.08311  7.6661   -32.98594
-13.3856  7.3763   -33.35182
-12.17564  6.7967   -33.35182
-12.47813  5.3477   -33.7177
-13.3856  5.6375   -31.8883
-13.99058  6.2171   -32.62006
-14.29307  8.2457   -33.7177
-11.57066  6.7967   -33.35182
-12.47813  6.5069   -32.25418
-13.3856  7.3763   -32.62006
-14.59556  8.5355   -34.08358
-13.08311  6.5069   -30.79066
-14.89805  6.5069   -31.52242
-13.08311  4.7681   -32.98594
-13.08311  6.5069   -32.25418
-13.08311  7.0865   -34.44946
-13.99058  7.3763   -33.35182
-13.68809  6.5069   -33.7177
-12.78062  7.3763   -34.08358
-11.87315  8.2457   -31.52242
-13.08311  6.5069   -34.44946
-15.50303  7.6661   -32.25418
-13.08311  5.3477   -32.98594
-14.29307  7.6661   -33.7177
-13.68809  5.9273   -31.52242
-13.99058  5.6375   -33.35182
-12.78062  6.2171   -35.5471
-13.08311  6.5069   -33.7177
-13.99058  6.2171   -33.35182
-12.47813  8.2457   -32.25418
-13.3856  6.7967   -32.62006
-13.3856  7.9559   -34.08358
-11.87315  6.5069   -32.25418
-11.87315  5.9273   -31.52242
-13.08311  5.3477   -32.98594
-14.59556  7.3763   -32.62006
-12.78062  6.2171   -33.35182
-12.78062  7.3763   -33.35182
-13.08311  7.6661   -32.98594
-12.47813  7.6661   -33.7177
-13.3856  7.3763   -34.08358
-14.89805  8.2457   -33.7177
-13.08311  6.5069   -33.7177
-12.78062  6.7967   -31.8883
-14.29307  6.5069   -32.98594
-13.99058  7.9559   -33.35182
-13.08311  6.5069   -35.18122
-14.29307  7.0865   -32.25418
-13.99058  6.2171   -31.8883
-13.68809  7.6661   -33.7177
-13.68809  8.2457   -35.18122
-12.47813  5.9273   -31.52242
-13.3856  5.0579   -31.8883
-11.87315  6.5069   -31.52242
-13.08311  5.9273   -32.98594
-13.3856  6.7967   -31.8883
-14.59556  6.2171   -35.5471
-12.47813  6.5069   -32.98594
-13.08311  7.0865   -32.98594
-12.47813  5.9273   -32.98594
-14.59556  6.7967   -34.81534
-12.78062  6.7967   -31.15654
-11.57066  6.2171   -31.8883
-13.08311  5.9273   -34.44946
-14.29307  5.9273   -33.7177
-13.68809  7.0865   -32.98594
-13.08311  7.6661   -31.52242
-12.47813  5.9273   -32.98594
-13.08311  7.6661   -32.98594
-13.3856  7.3763   -33.35182
-13.3856  7.3763   -32.62006
-14.29307  5.3477   -30.79066
-14.89805  6.5069   -32.25418
-12.78062  5.6375   -31.8883
-12.47813  5.3477   -31.52242
-11.57066  6.7967   -32.62006
-13.68809  6.5069   -33.7177
-13.3856  6.7967   -34.08358
-15.20054  5.6375   -34.08358
-12.17564  7.3763   -32.62006
-13.3856  7.9559   -34.08358
-13.99058  7.3763   -34.08358
-13.68809  6.5069   -34.44946
-12.47813  7.0865   -33.7177
-13.99058  7.3763   -34.08358
-14.29307  5.9273   -35.18122
-12.47813  7.0865   -31.52242
-13.3856  6.2171   -33.35182
-13.3856  6.2171   -34.08358
-12.78062  6.7967   -32.62006
-11.26817  7.0865   -33.7177
-13.68809  5.3477   -32.25418
-13.3856  5.6375   -30.42478
-11.57066  5.6375   -32.62006
-12.78062  5.6375   -32.62006
-13.3856  6.2171   -29.69302
-13.68809  5.9273   -30.0589
-13.08311  7.6661   -34.44946
-11.57066  5.0579   -31.8883
-13.68809  7.0865   -32.98594
-14.29307  6.5069   -35.91298
-12.17564  6.7967   -33.35182
-13.99058  6.7967   -34.08358
-15.20054  7.3763   -32.62006
-11.57066  7.3763   -33.35182
-13.99058  7.3763   -33.35182
-12.78062  6.2171   -31.8883
-13.08311  7.0865   -32.25418
-12.47813  7.0865   -34.44946
-14.29307  7.6661   -32.98594
-12.47813  8.2457   -33.7177
-13.08311  6.5069   -32.98594
-13.99058  6.7967   -31.8883
-13.3856  7.3763   -31.15654
-12.78062  5.0579   -30.42478
-11.87315  5.3477   -32.25418
-13.08311  5.9273   -31.52242
-14.59556  5.0579   -33.35182
-12.47813  8.2457   -34.44946
-12.78062  6.2171   -32.62006
-13.3856  8.5355   -33.35182
-13.99058  8.5355   -31.8883
-12.47813  6.5069   -32.25418
-13.68809  6.5069   -32.98594
-13.68809  4.7681   -33.7177
-13.08311  7.0865   -32.98594
-13.3856  6.7967   -34.08358
-14.29307  5.3477   -32.25418
-13.08311  7.6661   -32.98594
-13.99058  6.7967   -31.8883
-12.17564  7.3763   -31.15654
-13.08311  5.9273   -32.25418
-13.3856  6.2171   -31.15654
-10.3607  6.7967   -31.8883
-12.47813  6.5069   -32.25418
-13.3856  5.6375   -34.08358
-12.47813  5.9273   -31.52242
-13.08311  6.5069   -32.98594
-13.68809  7.0865   -32.98594
-13.3856  6.2171   -33.35182
-13.3856  6.7967   -31.8883
-12.78062  6.7967   -33.35182
-13.99058  7.3763   -34.08358
-13.08311  6.5069   -34.44946
-13.99058  7.3763   -32.62006
-12.78062  6.7967   -32.62006
-12.47813  7.6661   -33.7177
-14.59556  6.7967   -32.62006
-12.47813  7.6661   -32.98594
-12.78062  6.2171   -33.35182
-13.08311  7.6661   -34.44946
-12.17564  6.7967   -32.62006
-12.78062  6.7967   -32.62006
-12.17564  5.6375   -31.8883
-13.08311  5.3477   -32.98594
-11.87315  5.3477   -31.52242
-12.17564  5.0579   -32.62006
-12.17564  7.3763   -31.8883
-13.08311  7.6661   -34.44946
-11.87315  6.5069   -32.98594
-12.47813  7.6661   -32.25418
-13.68809  6.5069   -32.98594
-13.68809  7.6661   -33.7177
-13.99058  6.7967   -34.81534
-11.57066  5.6375   -33.35182
-13.08311  5.9273   -33.7177
-13.68809  8.2457   -32.25418
-13.08311  7.0865   -34.44946
-13.08311  7.0865   -34.44946
-12.17564  6.2171   -34.08358
-13.99058  7.3763   -33.35182
-13.08311  5.3477   -32.25418
-12.17564  6.2171   -32.62006
-12.17564  6.7967   -31.8883
-11.26817  5.9273   -31.52242
-12.17564  5.6375   -34.08358
-13.3856  6.2171   -31.8883
-12.78062  7.3763   -32.62006
-13.68809  5.3477   -32.98594
-14.29307  5.9273   -32.25418
-13.99058  7.9559   -34.08358
-12.47813  7.0865   -30.79066
-13.3856  7.3763   -33.35182
-13.08311  7.6661   -32.98594
-13.08311  5.3477   -32.98594
-13.99058  6.7967   -32.62006
-12.17564  6.7967   -33.35182
-12.78062  7.3763   -33.35182
-12.17564  6.2171   -32.62006
-13.08311  7.6661   -32.25418
-12.78062  7.3763   -32.62006
-11.26817  6.5069   -33.7177
-11.57066  6.2171   -31.8883
-11.26817  5.3477   -32.98594
-13.68809  5.3477   -31.52242
-12.78062  7.3763   -31.15654
-12.47813  7.6661   -31.52242
-13.68809  4.7681   -32.25418
-12.17564  6.2171   -31.8883
-14.29307  8.2457   -35.18122
-13.68809  7.6661   -32.98594
-13.3856  6.7967   -34.08358
-12.78062  7.9559   -33.35182
-13.68809  5.9273   -33.7177
-12.17564  6.7967   -33.35182
-12.78062  6.7967   -34.08358
-13.68809  6.5069   -32.98594
-13.08311  7.6661   -32.25418
-13.08311  6.5069   -34.44946
-12.47813  8.2457   -33.7177
-13.3856  6.7967   -32.62006
-12.17564  5.0579   -32.62006
-12.78062  5.0579   -30.42478
-14.29307  5.9273   -32.25418
-13.3856  5.6375   -30.42478
-12.78062  6.7967   -32.62006
-13.99058  6.2171   -32.62006
-12.47813  7.6661   -32.98594
-12.78062  5.0579   -31.8883
-13.08311  5.3477   -32.25418
-11.87315  6.5069   -32.98594
-13.08311  7.0865   -32.98594
-13.68809  7.6661   -35.18122
-15.20054  6.2171   -33.35182
-14.29307  7.0865   -33.7177
-12.47813  7.0865   -32.98594
-12.47813  7.6661   -34.44946
-13.99058  7.3763   -32.62006
-13.99058  6.7967   -32.62006
-12.47813  6.5069   -32.25418
-13.68809  7.0865   -33.7177
-13.08311  6.5069   -32.98594
-13.68809  5.9273   -31.52242
-11.26817  5.3477   -30.0589
-13.99058  5.0579   -31.8883
-10.96568  6.2171   -33.35182
-11.87315  6.5069   -30.79066
-14.29307  7.0865   -32.25418
-14.59556  6.7967   -31.8883
-12.78062  5.6375   -33.35182
-13.3856  6.7967   -37.01062
-13.08311  7.6661   -32.25418
-13.3856  6.2171   -35.5471
-13.3856  7.3763   -31.8883
-14.89805  6.5069   -32.25418
-11.57066  6.7967   -34.08358
-13.68809  5.3477   -34.44946
-12.17564  6.7967   -33.35182
-13.68809  7.0865   -32.98594
-12.17564  6.7967   -31.8883
-12.78062  7.3763   -31.8883
-13.08311  7.6661   -32.98594
-12.47813  5.9273   -33.7177
-10.96568  6.7967   -32.62006
-13.68809  5.3477   -32.25418
-13.99058  6.7967   -32.62006
-12.47813  6.5069   -30.0589
-13.68809  5.9273   -32.25418
-13.08311  5.9273   -31.52242
-13.68809  7.6661   -30.79066
