0  0   0 0
0  0   0 0
0  0   0 0
0  0   0 0
0  0   0 0
0  0   0 0
0  0   0 0
0  0   0 0
0  0   0 0
0  0   0 0
0  0   0 0
0  0   0 0
0  0   0 0
0  0   0 0
0  0   0 0
0  0   0 0
0  0   0 0
0  0   0 0
0  0   0 0
0  0   0 0
0  0   0 0
0  0   0 0
0  0   0 0
0  0   0 0
0  0   0 0
0  0   0 0
0  0   0 0
0  0   0 0
0  0   0 0
0  0   0 0
0  0   0 0
0  0   0 0
0  0   0 0
0  0   0 0
0  0   0 0
0  0   0 0
0  0   0 0
0  0   0 0
0  0   0 0
0  0   0 0
0  0   0 0
0  0   0 0
0  0   0 0
0  0   0 0
0  0   0 0
0  0   0 0
0  0   0 0
0  0   0 0
0  0   0 0
0  0   0 0
0  0   0 0
0  0   0 0
0  0   0 0
0  0   0 0
0  0   0 0
0  0   0 0
0  0   0 0
0  0   0 0
0  0   0 0
0  0   0 0
0  0   0 0
0  0   0 0
0  0   0 0
0  0   0 0
0  0   0 0
0  0   0 0
0  0   0 0
0  0   0 0
0  0   0 0
0  0   0 0
0  0   0 0
0  0   0 0
0  0   0 0
0  0   0 0
0  0   0 0
0  0   0 0
0  0   0 0
0  0   0 0
0  0   0 0
0  0   0 0
0  0   0 0
0  0   0 0
0  0   0 0
0  0   0 0
0  0   0 0
0  0   0 0
0  0   0 0
0  0   0 0
0  0   0 0
0  0   0 0
0  0   0 0
0  0   0 0
0  0   0 0
0  0   0 0
0  0   0 0
0  0   0 0
0  0   0 0
0  0   0 0
0  0   0 0
0  0   0 0
0  0   0 0
0  0   0 0
0  0   0 0
0  0   0 0
0  0   0 0
0  0   0 0
0  0   0 0
0  0   0 0
0  0   0 0
0  0   0 0
0  0   0 0
0  0   0 0
0  0   0 0
0  0   0 0
0  0   0 0
0  0   0 0
0  0   0 0
0  0   0 0
0  0   0 0
0  0   0 0
0  0   0 0
0  0   0 0
0  0   0 0
0  0   0 0
0  0   0 0
0  0   0 0
0  0   0 0
0  0   0 0
0  0   0 0
0  0   0 0
0  0   0 0
0  0   0 0
0  0   0 0
0  0   0 0
0  0   0 0
0  0   0 0
0  0   0 0
0  0   0 0
0  0   0 0
0  0   0 0
0  0   0 0
0  0   0 0
0  0   0 0
0  0   0 0
0  0   0 0
0  0   0 0
0  0   0 0
0  0   0 0
0  0   0 0
0  0   0 0
0  0   0 0
0  0   0 0
0  0   0 0
0  0   0 0
0  0   0 0
0  0   0 0
0  0   0 0
0  0   0 0
0  0   0 0
0  0   0 0
0  0   0 0
0  0   0 0
0  0   0 0
0  0   0 0
0  0   0 0
0  0   0 0
0  0   0 0
0  0   0 0
0  0   0 0
0  0   0 0
0  0   0 0
0  0   0 0
0  0   0 0
0  0   0 0
0  0   0 0
0  0   0 0
0  0   0 0
0  0   0 0
0  0   0 0
0  0   0 0
0  0   0 0
0  0   0 0
0  0   0 0
0  0   0 0
0  0   0 0
0  0   0 0
0  0   0 0
0  0   0 0
0  0   0 0
0  0   0 0
0  0   0 0
0  0   0 0
0  0   0 0
0  0   0 0
0  0   0 0
0  0   0 0
0  0   0 0
0  0   0 0
0  0   0 0
0  0   0 0
0  0   0 0
0.7063971  0.7072252   -0.01626338 -0.01641038
0.7053713  0.7071469   -0.03219102 -0.03250613
0.7041541  0.7065908   -0.04770204 -0.04815606
0.7025434  0.7058053   -0.06282897 -0.0634227
0.7005505  0.7048376   -0.07750478 -0.07825669
0.6984562  0.7034637   -0.09176005 -0.09260579
0.6960799  0.7019452   -0.105449 -0.1064153
0.693482  0.700237   -0.1187256 -0.119804
0.6907252  0.698345   -0.1315294 -0.1327065
0.6878859  0.6962223   -0.1439208 -0.1451629
0.6849381  0.6940026   -0.1557336 -0.157052
0.6819074  0.6916243   -0.1671751 -0.1685491
0.6787628  0.6892688   -0.1779949 -0.1794589
0.6756276  0.6867997   -0.1883552 -0.1898784
0.6724056  0.6843464   -0.1982324 -0.1998567
0.669288  0.6817427   -0.2077258 -0.2093527
0.6662631  0.6790184   -0.2168459 -0.2184109
0.6630531  0.6764639   -0.225508 -0.2271593
0.6599383  0.6738734   -0.2337571 -0.2354398
0.6569008  0.6712636   -0.2416294 -0.2433104
0.6538437  0.668772   -0.2490567 -0.2508011
0.650815  0.6663362   -0.2561149 -0.2579514
0.6478928  0.6638449   -0.2629372 -0.2647771
0.645148  0.6613394   -0.2693914 -0.2711837
0.6423708  0.6590103   -0.2754523 -0.277289
0.6396251  0.6567746   -0.2811967 -0.2831137
0.6371296  0.6544545   -0.2867014 -0.2885406
0.6346489  0.6521891   -0.2919963 -0.2937797
0.632265  0.650071   -0.296889 -0.2986698
0.6298447  0.6481112   -0.3015119 -0.3033749
0.6275308  0.6460546   -0.3060887 -0.307939
0.6253949  0.6441026   -0.310312 -0.3121179
0.6233587  0.6422188   -0.3142966 -0.3160609
0.6213679  0.6404148   -0.3180831 -0.3198313
0.6193939  0.638766   -0.3216105 -0.3234099
0.6175629  0.6371197   -0.324988 -0.326765
0.6156812  0.6356151   -0.328192 -0.3300278
0.6139339  0.634119   -0.3312371 -0.3331042
0.6122686  0.6326466   -0.3341584 -0.3360381
0.6106269  0.631236   -0.3369553 -0.3388732
0.6092126  0.6298679   -0.3395296 -0.341386
0.6077335  0.6286081   -0.3419886 -0.3438805
0.606399  0.6273513   -0.3443248 -0.3461924
0.6050102  0.6261781   -0.3465805 -0.3484879
0.6036724  0.6250683   -0.3487141 -0.3506647
0.6025307  0.623928   -0.3507473 -0.3526258
0.6013461  0.6228354   -0.3527293 -0.3545971
0.6002978  0.6218952   -0.3544387 -0.3563148
0.5993004  0.6208478   -0.3562353 -0.3580243
0.5983163  0.6199598   -0.3578257 -0.3596198
0.5973573  0.619034   -0.3594455 -0.36119
0.5963669  0.6182188   -0.3609522 -0.362717
0.5954982  0.6175052   -0.3622578 -0.3640559
0.5947152  0.616746   -0.3635509 -0.3653314
0.593923  0.6159703   -0.3648661 -0.3666156
0.5931048  0.6153423   -0.3660216 -0.3678408
0.5923442  0.6146964   -0.3671634 -0.3690064
0.591571  0.6140465   -0.3683246 -0.37017
0.5909331  0.6133928   -0.3694072 -0.3711925
0.5903752  0.6127791   -0.3703909 -0.3721123
0.589785  0.6122222   -0.3713221 -0.3730357
0.5891725  0.6117888   -0.3721371 -0.3739018
0.5887036  0.6113708   -0.3728477 -0.374615
0.5881689  0.6108387   -0.3737283 -0.3754448
0.5876172  0.6103839   -0.3745035 -0.3762748
0.587158  0.6099533   -0.3752175 -0.3769779
0.586647  0.6096079   -0.3758575 -0.377694
0.5862804  0.609332   -0.3763475 -0.3782201
0.5857766  0.6089581   -0.3770181 -0.3789346
0.5852277  0.6085977   -0.3776788 -0.3797028
0.5848949  0.608253   -0.3782275 -0.3802212
0.5846174  0.6078712   -0.3787825 -0.3807058
0.5842313  0.607627   -0.3792313 -0.3812415
0.5839602  0.6073285   -0.379696 -0.3816696
0.5836864  0.6070836   -0.380096 -0.3820796
0.5834871  0.6068899   -0.3804077 -0.3823814
0.583112  0.6066381   -0.380861 -0.3829016
0.5829224  0.6062571   -0.3813794 -0.3832777
0.5826902  0.6060824   -0.3816833 -0.3836045
0.5825394  0.6058951   -0.3819636 -0.3838499
0.5822336  0.6057177   -0.3823029 -0.3842562
0.5820665  0.6054879   -0.3826382 -0.3845376
0.5817996  0.6052912   -0.3829764 -0.3849144
0.5816524  0.6050594   -0.3833044 -0.3851747
0.5814236  0.6048632   -0.3836281 -0.3855056
0.5812371  0.6047288   -0.3838675 -0.3857595
0.5811225  0.6044747   -0.3842008 -0.3859986
0.5809694  0.6043777   -0.3843873 -0.3861951
0.5808816  0.6042904   -0.3845245 -0.3863274
0.5807548  0.6041671   -0.3847153 -0.3865206
0.5805311  0.604157   -0.3848212 -0.3867671
0.5804802  0.6040162   -0.3849976 -0.3868877
0.580366  0.6038381   -0.385258 -0.387078
0.5802152  0.6037273   -0.3854495 -0.3872861
0.5801711  0.6035516   -0.385649 -0.3874273
0.5800653  0.6034585   -0.3858043 -0.387576
0.5799951  0.603369   -0.3859405 -0.387685
0.57988  0.6033955   -0.3859525 -0.3878038
0.5798289  0.6033482   -0.3860244 -0.3878824
0.5797986  0.603106   -0.3863057 -0.3880243
0.5796677  0.6029962   -0.3864867 -0.38821
0.5795531  0.6029204   -0.3866221 -0.3883642
0.5795144  0.6028646   -0.3866977 -0.3884333
0.5794603  0.6027811   -0.3868197 -0.3885221
0.5794697  0.6026161   -0.3870097 -0.3885746
0.5793109  0.6026515   -0.3870477 -0.3887185
0.5792989  0.6025624   -0.3871488 -0.3887741
0.5792941  0.6024461   -0.3872767 -0.3888341
0.5792085  0.6024389   -0.3873215 -0.3889281
0.5792373  0.6024208   -0.3873345 -0.3889003
0.579253  0.6022475   -0.3875313 -0.3889495
0.5791865  0.6022028   -0.3876148 -0.3890342
0.5791297  0.602152   -0.3877058 -0.3891068
0.5791215  0.6021671   -0.3876973 -0.389104
0.5791665  0.602133   -0.3877305 -0.3890567
0.5792064  0.6020738   -0.3877713 -0.3890484
0.5791788  0.602002   -0.387864 -0.3891081
0.5790933  0.60198   -0.38793 -0.3892037
0.5790628  0.6018875   -0.3880469 -0.3892757
0.5791088  0.6018552   -0.3880679 -0.3892361
0.5791137  0.6018077   -0.3881237 -0.3892467
0.5790828  0.6017395   -0.3882135 -0.3893086
0.5790517  0.6016425   -0.3883447 -0.3893737
0.5789815  0.6016167   -0.3884085 -0.3894545
0.5789484  0.6016985   -0.3883359 -0.3894496
0.5788803  0.6017486   -0.3883138 -0.3894957
0.578874  0.6017286   -0.3883393 -0.3895105
0.5788811  0.6018018   -0.3882594 -0.3894665
0.5788316  0.6018292   -0.388255 -0.3895021
0.5786703  0.6019195   -0.3882188 -0.3896382
0.5786006  0.601956   -0.3882037 -0.3897003
0.578559  0.6019503   -0.3882284 -0.3897461
0.5785217  0.6019705   -0.3882219 -0.389777
0.5785022  0.6018989   -0.3882975 -0.3898413
0.5783893  0.6019901   -0.3882489 -0.3899161
0.5783854  0.6019694   -0.3882791 -0.3899241
0.5783651  0.6019417   -0.3883146 -0.3899615
0.5783542  0.6019061   -0.3883594 -0.3899882
0.5782773  0.6019415   -0.3883529 -0.3900537
0.5781466  0.6021163   -0.3881999 -0.3901299
0.5781294  0.6020517   -0.388276 -0.3901795
0.5780686  0.6020664   -0.3882901 -0.3902328
0.5779903  0.6021136   -0.3882709 -0.3902951
0.5779679  0.6021618   -0.3882266 -0.3902979
0.5779859  0.6021363   -0.3882524 -0.3902849
0.5779579  0.602113   -0.3882956 -0.3903194
0.5778955  0.6021696   -0.3882636 -0.3903563
0.5779107  0.6021073   -0.3883223 -0.3903715
0.5779559  0.6020516   -0.3883613 -0.3903517
0.5778585  0.60206   -0.3883853 -0.3904592
0.5778836  0.6021011   -0.3883292 -0.3904144
0.5778733  0.6020265   -0.3884176 -0.3904567
0.5777684  0.6020489   -0.3884422 -0.3905528
0.5778306  0.6019916   -0.3884845 -0.3905073
0.5777518  0.6020385   -0.388475 -0.3905609
0.577729  0.6019794   -0.3885562 -0.3906049
0.5777464  0.6019506   -0.3885856 -0.3905944
0.5777139  0.6019573   -0.3885969 -0.3906209
0.577794  0.6020223   -0.3884905 -0.3905082
0.5778444  0.601895   -0.3886069 -0.3905138
0.5778994  0.6018907   -0.3885887 -0.3904573
0.5779185  0.6018463   -0.3886348 -0.3904516
0.5779084  0.6018719   -0.3886109 -0.3904508
0.5779352  0.6018686   -0.3886039 -0.390423
0.5778444  0.6019099   -0.3886014 -0.3904964
0.5778049  0.6019019   -0.3886278 -0.3905407
0.5777097  0.6019605   -0.3886076 -0.3906116
0.5776978  0.6019506   -0.3886288 -0.3906232
0.5776846  0.6020149   -0.3885673 -0.3906049
0.5777503  0.6019806   -0.3885644 -0.3905635
0.5777997  0.6019257   -0.3886006 -0.3905391
0.577858  0.6018733   -0.3886305 -0.3905037
0.5777288  0.6019821   -0.388555 -0.3906023
0.57776  0.6018994   -0.3886399 -0.3905992
0.5778496  0.6019031   -0.3885971 -0.3905035
0.5778595  0.601897   -0.3886001 -0.3904953
0.5778584  0.6018667   -0.3886299 -0.3905139
0.577834  0.60185   -0.3886635 -0.3905422
0.577935  0.6017447   -0.3887296 -0.3904892
0.5778906  0.6018501   -0.3886261 -0.3904957
0.5778629  0.6017804   -0.3887161 -0.3905545
0.577839  0.6017084   -0.388807 -0.3906104
0.5778427  0.6016868   -0.3888341 -0.390611
0.5779018  0.6016743   -0.3888238 -0.3905531
0.5779453  0.6017314   -0.3887504 -0.3904738
0.5778745  0.6018061   -0.3886931 -0.3905205
0.5778905  0.6018351   -0.3886538 -0.3904912
0.577938  0.601845   -0.3886224 -0.3904369
0.5779996  0.6017411   -0.3887127 -0.3904161
0.5780041  0.6016914   -0.3887579 -0.3904408
0.5780222  0.6015837   -0.3888623 -0.3904761
0.5780358  0.6016076   -0.388835 -0.3904462
0.5779905  0.6016297   -0.3888347 -0.3904795
0.5778942  0.6017373   -0.3887603 -0.3905306
0.577872  0.6018295   -0.3886667 -0.3905146
0.5778857  0.6018361   -0.3886719 -0.3904787
0.5779017  0.601837   -0.3886824 -0.3904434
0.57795  0.6017752   -0.3887219 -0.3904277
0.5779349  0.6018005   -0.3886916 -0.3904413
0.5778887  0.6018447   -0.3886582 -0.3904749
0.5778494  0.6018628   -0.3886638 -0.3904994
0.5777677  0.6018779   -0.3886734 -0.3905875
0.5777917  0.6018696   -0.3886728 -0.3905653
0.5777018  0.6018969   -0.3886765 -0.3906526
0.5777006  0.6019296   -0.388645 -0.3906354
0.5777249  0.6019211   -0.3886401 -0.3906175
0.5776823  0.6019533   -0.3886184 -0.3906523
0.5776393  0.6020042   -0.3885895 -0.3906661
0.5776833  0.6020035   -0.3885807 -0.3906109
0.5777084  0.6019725   -0.3886052 -0.3905973
0.5777268  0.6019161   -0.3886606 -0.3906018
0.5777546  0.6018503   -0.3887271 -0.3905959
0.5777641  0.6018302   -0.3887459 -0.3905941
0.5777894  0.6018155   -0.3887697 -0.3905558
0.5777497  0.6018603   -0.3887454 -0.3905696
0.5777248  0.6017882   -0.3888412 -0.3906221
0.5777681  0.6018026   -0.3888206 -0.3905564
0.5778259  0.6016865   -0.3889306 -0.3905403
0.5778764  0.6017444   -0.3888445 -0.3904621
0.5778653  0.6016859   -0.3889107 -0.3905028
0.5778447  0.6016688   -0.388939 -0.3905315
0.5777518  0.6017092   -0.3889332 -0.3906125
0.5777338  0.6017848   -0.3888566 -0.3905989
0.5778576  0.6018045   -0.3887821 -0.3904594
0.5779151  0.6017472   -0.3888266 -0.3904182
0.5778418  0.6017822   -0.3888236 -0.3904757
0.5777848  0.6017832   -0.388843 -0.3905395
0.5777466  0.6017633   -0.3888905 -0.3905792
0.5777088  0.6017933   -0.3888735 -0.3906057
0.5777244  0.6018213   -0.3888364 -0.3905767
0.5778424  0.601766   -0.3888483 -0.3904754
0.5778798  0.6017362   -0.3888662 -0.390448
0.5778906  0.6017981   -0.3887969 -0.3904057
0.5778747  0.6018513   -0.3887445 -0.3903993
0.5778561  0.6018531   -0.3887463 -0.3904223
0.577874  0.6017696   -0.3888415 -0.3904297
0.5778263  0.6017731   -0.3888627 -0.3904738
0.5778956  0.6017187   -0.3888985 -0.3904194
0.5779242  0.601698   -0.3889144 -0.3903933
0.5780201  0.6016048   -0.3889825 -0.390327
0.5779831  0.6016997   -0.3888962 -0.3903217
0.5780298  0.6016116   -0.3889792 -0.3903057
0.5779515  0.6017347   -0.3888707 -0.3903399
0.5778891  0.6017522   -0.3888737 -0.3904022
0.5779092  0.6017477   -0.3888664 -0.3903868
0.5778711  0.6016853   -0.3889578 -0.3904482
0.5779284  0.6016171   -0.3890146 -0.3904118
0.5778916  0.6016105   -0.3890426 -0.3904486
0.577909  0.6015908   -0.3890623 -0.3904335
0.5779167  0.6015677   -0.3890807 -0.3904394
0.5779862  0.6015668   -0.3890565 -0.3903621
0.5779678  0.6016525   -0.3889638 -0.3903497
0.5779137  0.6017153   -0.3889171 -0.3903795
0.5779018  0.6017169   -0.3889118 -0.3903999
0.5779732  0.6016743   -0.3889381 -0.3903337
0.5779529  0.6016694   -0.3889526 -0.3903568
0.5780182  0.6016125   -0.3889936 -0.3903069
0.5779707  0.601689   -0.3889379 -0.3903149
0.5780173  0.6017965   -0.3888115 -0.3902061
0.5779865  0.6018558   -0.3887582 -0.3902132
0.5779378  0.6019394   -0.3886945 -0.3902199
0.5779208  0.6019489   -0.3886912 -0.3902338
0.5778774  0.6019905   -0.3886585 -0.3902664
0.5779016  0.6020325   -0.3886064 -0.3902175
0.5779263  0.6019908   -0.3886384 -0.3902135
0.5779253  0.6020237   -0.3886067 -0.3901959
0.5778799  0.6020291   -0.3886156 -0.3902459
0.5778673  0.6020425   -0.3886105 -0.3902489
0.5778452  0.6020201   -0.3886498 -0.390277
0.5778669  0.6020285   -0.3886314 -0.3902501
0.577817  0.6019266   -0.3887767 -0.3903367
0.5777396  0.6019551   -0.3887823 -0.3904017
0.5777952  0.6019604   -0.3887532 -0.3903403
0.5777934  0.6019264   -0.3887968 -0.3903518
0.5778477  0.6018752   -0.3888364 -0.390311
0.5779217  0.6018343   -0.3888645 -0.3902363
0.5780515  0.6018308   -0.3888043 -0.3901097
0.5780066  0.6018265   -0.3888243 -0.3901627
0.5780799  0.6017404   -0.3888851 -0.3901263
0.5780413  0.601751   -0.3888995 -0.3901528
0.57801  0.6017707   -0.3888867 -0.3901816
0.5780324  0.6017323   -0.3889114 -0.390183
0.5779895  0.6017749   -0.3888869 -0.3902054
0.5780036  0.601846   -0.3888015 -0.3901599
0.5779978  0.601779   -0.3888838 -0.3901898
0.5779172  0.6017939   -0.3888928 -0.3902774
0.5778188  0.6018205   -0.3889094 -0.3903655
0.5778576  0.6017979   -0.3889187 -0.3903336
0.5778441  0.6017737   -0.3889475 -0.390362
0.5778609  0.6017696   -0.3889453 -0.3903458
0.5779144  0.6017374   -0.3889589 -0.3903025
0.5778841  0.6017674   -0.3889429 -0.3903172
0.5779134  0.6017719   -0.3889308 -0.3902791
0.5778019  0.6017705   -0.3889797 -0.3903974
0.577835  0.6017659   -0.3889935 -0.3903416
0.5778658  0.6016452   -0.3891158 -0.3903602
0.5778841  0.6017219   -0.3890182 -0.3903123
0.5778194  0.6016685   -0.3891102 -0.3903989
0.577807  0.6017525   -0.3890129 -0.3903847
0.5778071  0.6017423   -0.3890242 -0.3903888
0.5777711  0.6018655   -0.3888972 -0.3903788
0.5777888  0.6017236   -0.3890575 -0.3904116
0.5779592  0.6016827   -0.3890225 -0.3902574
0.5779946  0.6016027   -0.3890973 -0.3902536
0.5780453  0.6016523   -0.3890118 -0.3901872
0.5780599  0.6016077   -0.3890561 -0.3901903
0.5780212  0.601619   -0.3890651 -0.3902212
0.5779843  0.6016975   -0.3889889 -0.3902308
0.5780432  0.6017069   -0.3889537 -0.3901642
0.578099  0.6016513   -0.3889877 -0.3901333
0.5780661  0.6017558   -0.3888805 -0.3901277
0.5780789  0.6016679   -0.3889824 -0.3901426
0.5780151  0.6016494   -0.3890308 -0.3902175
0.5781447  0.6016132   -0.3890074 -0.3901047
0.5780945  0.6016966   -0.3889404 -0.3901172
0.578077  0.6016739   -0.3889736 -0.3901453
0.5779856  0.6016166   -0.3890722 -0.3902707
0.5780296  0.6016709   -0.3889886 -0.3902049
0.5780061  0.6017652   -0.38888 -0.3902027
0.5780913  0.6017743   -0.3888431 -0.3900994
0.5780588  0.6017084   -0.3889218 -0.3901704
0.577992  0.6017126   -0.3889507 -0.3902341
0.5779961  0.6016973   -0.388957 -0.3902454
0.578094  0.6015934   -0.3890231 -0.3901948
0.5781115  0.6015335   -0.3890829 -0.3902014
0.5780781  0.6016087   -0.3890044 -0.3902134
0.5780663  0.601584   -0.3890377 -0.3902358
0.5779689  0.6016586   -0.3889962 -0.3903063
0.5780239  0.6016971   -0.388921 -0.3902402
0.5780407  0.6017561   -0.3888431 -0.3902022
0.5780569  0.6018354   -0.3887475 -0.3901512
0.5779392  0.6017893   -0.3888541 -0.3902904
0.5779642  0.6018195   -0.3888144 -0.3902462
0.5778593  0.601843   -0.3888369 -0.3903428
0.5778612  0.601781   -0.388915 -0.3903579
0.5778843  0.6017336   -0.3889582 -0.3903538
0.5779136  0.6016776   -0.3890084 -0.3903466
0.5778997  0.6017497   -0.3889431 -0.3903213
0.577844  0.6018254   -0.3888869 -0.3903431
0.5777798  0.6019625   -0.3887744 -0.3903387
0.5777599  0.6019015   -0.388856 -0.390381
0.5777892  0.6019234   -0.388815 -0.3903445
0.5777564  0.6018724   -0.3889046 -0.3903824
0.5777805  0.6018645   -0.3889029 -0.3903607
0.5777668  0.6018625   -0.3889158 -0.3903711
0.5778062  0.6018524   -0.3889104 -0.390334
0.5778344  0.601731   -0.3890393 -0.3903511
0.5778557  0.6018388   -0.3889234 -0.3902685
0.5778458  0.6018668   -0.3889015 -0.3902618
0.5778735  0.6018492   -0.3889103 -0.3902392
0.5778137  0.6018561   -0.3889238 -0.3903039
0.5778084  0.6017768   -0.3890153 -0.3903427
0.577856  0.6018438   -0.3889294 -0.3902544
0.5778865  0.6017478   -0.3890332 -0.390254
0.5779097  0.6017308   -0.3890423 -0.3902366
0.5778277  0.6017283   -0.3890802 -0.3903242
0.5778747  0.60157   -0.3892288 -0.3903505
0.5779122  0.6016259   -0.3891644 -0.390273
0.5778998  0.6016794   -0.3891056 -0.3902674
0.5778406  0.6017293   -0.3890845 -0.3902993
0.5778643  0.6016426   -0.3891756 -0.3903068
0.5778747  0.6017017   -0.3891059 -0.3902699
0.5779065  0.6015923   -0.3892147 -0.3902831
0.577971  0.6015124   -0.3892768 -0.3902487
0.5780092  0.6015079   -0.3892699 -0.3902059
0.5781178  0.6013854   -0.3893703 -0.3901336
0.5781033  0.6014087   -0.3893644 -0.3901251
0.5780739  0.6014246   -0.3893642 -0.3901446
0.5781454  0.6014223   -0.3893413 -0.390065
0.5781865  0.6015144   -0.389221 -0.3899819
0.5782313  0.6014997   -0.3892098 -0.3899494
0.5783154  0.6014854   -0.3891809 -0.3898757
0.578285  0.6015227   -0.3891526 -0.3898911
0.5783898  0.6015044   -0.3891243 -0.3897923
0.57835  0.601501   -0.3891366 -0.3898443
0.5783241  0.601519   -0.3891324 -0.3898593
0.5782792  0.6015257   -0.3891311 -0.3899167
0.5782284  0.6015242   -0.3891504 -0.3899751
0.5781287  0.6015251   -0.3892057 -0.3900664
0.5781519  0.6015294   -0.3891867 -0.3900442
0.5781138  0.6015586   -0.389162 -0.3900803
0.5780537  0.6015989   -0.3891379 -0.3901313
0.5780155  0.6016605   -0.3890902 -0.3901406
0.5780067  0.6016335   -0.3891247 -0.3901606
0.5779588  0.6015956   -0.3891971 -0.3902179
0.5779384  0.6015347   -0.3892702 -0.3902692
0.5780138  0.6015396   -0.3892233 -0.3901967
0.5780111  0.6015898   -0.3891682 -0.3901784
0.5780477  0.6015016   -0.3892478 -0.3901808
0.5779216  0.6015745   -0.3892209 -0.390282
0.5778059  0.6016588   -0.3891853 -0.3903587
0.5779102  0.6016213   -0.3891832 -0.3902641
0.5779188  0.6015811   -0.3892203 -0.3902766
0.5779527  0.601615   -0.3891684 -0.3902259
0.5779806  0.6015636   -0.3892143 -0.390218
0.5779382  0.6015831   -0.3892156 -0.3902494
0.5779242  0.6016287   -0.3891664 -0.390249
0.5779067  0.6015887   -0.3892145 -0.3902884
0.5778837  0.601574   -0.3892365 -0.3903233
0.5778707  0.6016078   -0.3891999 -0.3903269
0.5779425  0.6015338   -0.3892522 -0.3902825
0.578012  0.6015306   -0.3892216 -0.3902149
0.5780778  0.6014308   -0.3893056 -0.3901875
0.5780265  0.6014978   -0.3892573 -0.3902084
0.577984  0.6015272   -0.3892521 -0.3902312
0.5778896  0.6016136   -0.3891958 -0.3902938
0.5778477  0.6016206   -0.3892017 -0.3903395
0.5778215  0.6017637   -0.3890486 -0.3903102
0.5778628  0.6017662   -0.3890375 -0.3902564
0.5778099  0.6018023   -0.3890153 -0.390301
0.577885  0.6017481   -0.3890487 -0.3902401
0.5778924  0.601813   -0.3889732 -0.3902045
0.5778576  0.6018023   -0.3890005 -0.3902452
0.5778216  0.6017796   -0.3890465 -0.3902879
0.5778547  0.6018116   -0.3889968 -0.3902389
0.577858  0.6017638   -0.3890443 -0.3902602
0.5778803  0.6018333   -0.3889574 -0.3902068
0.5778238  0.6019182   -0.3888866 -0.39023
0.5779238  0.6018754   -0.388901 -0.3901334
0.5778664  0.6019295   -0.3888744 -0.3901616
0.577939  0.6019585   -0.3888069 -0.3900765
0.5778264  0.6019005   -0.3889248 -0.3902154
0.5778275  0.601838   -0.3890041 -0.3902311
0.5777326  0.6019722   -0.3888986 -0.3902698
0.5777277  0.6019805   -0.3888915 -0.3902715
0.5777795  0.6019034   -0.3889604 -0.390245
0.5778043  0.6018804   -0.3889802 -0.390224
0.5778268  0.6018469   -0.3890079 -0.3902147
0.5779346  0.6018268   -0.3889846 -0.3901092
0.5779925  0.6018496   -0.3889347 -0.3900381
0.5779634  0.6020083   -0.3887744 -0.3899961
0.5778807  0.6019538   -0.3888802 -0.3900972
0.5777553  0.6019785   -0.3889154 -0.3902097
0.577755  0.6019397   -0.3889551 -0.3902304
0.5778646  0.601941   -0.3889117 -0.3901094
0.5777889  0.6019389   -0.3889466 -0.3901898
0.577804  0.6019164   -0.3889611 -0.3901878
0.5778168  0.6019373   -0.3889319 -0.3901657
0.5777912  0.60204   -0.3888235 -0.3901532
0.5777516  0.6020581   -0.3888112 -0.3901963
0.577719  0.6020336   -0.3888618 -0.3902319
0.5778031  0.6019516   -0.3889181 -0.3901778
0.577721  0.6020314   -0.3888675 -0.3902268
0.5777626  0.6020544   -0.3888245 -0.3901724
0.5777585  0.6021188   -0.388741 -0.3901622
0.5776806  0.6021156   -0.3887691 -0.3902546
0.5776682  0.602145   -0.3887469 -0.3902498
0.5776926  0.6021684   -0.3887194 -0.3902048
0.5777214  0.6022093   -0.3886659 -0.3901525
0.5777254  0.6022168   -0.3886518 -0.390149
0.5777482  0.6021797   -0.3886797 -0.3901446
0.5776328  0.6021974   -0.3887137 -0.3902543
0.5777035  0.602146   -0.388741 -0.3902017
0.5777462  0.6021693   -0.3886969 -0.3901463
0.577705  0.6021846   -0.3886976 -0.3901834
0.5777381  0.6021167   -0.3887551 -0.3901818
0.5776569  0.602088   -0.3888269 -0.3902747
0.5777661  0.6019903   -0.3888895 -0.3902013
0.5777811  0.6019477   -0.3889224 -0.3902122
0.5778876  0.6018616   -0.3889689 -0.3901409
0.577874  0.6018675   -0.3889726 -0.3901482
0.5778821  0.6018292   -0.3890164 -0.3901516
0.577867  0.6017959   -0.3890696 -0.390172
0.577924  0.6017972   -0.3890399 -0.3901154
0.5778793  0.6019271   -0.3889182 -0.3901025
0.5778401  0.6018376   -0.3890405 -0.3901769
0.5779584  0.6016812   -0.3891738 -0.39011
0.5779124  0.6016828   -0.389192 -0.3901576
0.5778253  0.6016728   -0.3892406 -0.3902533
0.577767  0.6017694   -0.389167 -0.3902641
0.5778272  0.601708   -0.3892149 -0.390222
0.5777799  0.6017641   -0.3891726 -0.3902474
0.5777429  0.6017672   -0.3891811 -0.3902891
0.5777051  0.601781   -0.3891865 -0.3903186
0.5776793  0.601833   -0.389144 -0.3903187
0.5776418  0.6019176   -0.3890704 -0.3903172
0.5776682  0.6018809   -0.3891054 -0.3902996
0.5776052  0.6019059   -0.3890961 -0.3903638
0.5776526  0.6019338   -0.3890496 -0.3902969
0.5776865  0.6019714   -0.3889977 -0.3902404
0.577693  0.6019567   -0.3890159 -0.3902355
0.5777066  0.6020179   -0.3889458 -0.3901907
0.5777752  0.6019745   -0.388961 -0.3901409
0.5777946  0.6018549   -0.3890827 -0.3901753
0.5778642  0.6018407   -0.3890694 -0.3901075
0.5778545  0.6017537   -0.3891712 -0.3901547
0.5778483  0.6016791   -0.3892661 -0.3901841
0.5779234  0.6016624   -0.3892438 -0.3901209
0.5780052  0.6016475   -0.3892259 -0.3900405
0.5780012  0.6015965   -0.3892848 -0.3900663
0.5780075  0.6015707   -0.3893292 -0.3900526
0.5779706  0.6016436   -0.389259 -0.3900647
0.5778984  0.6018054   -0.3891096 -0.3900712
0.5778396  0.601806   -0.3891297 -0.3901372
0.5778949  0.6018007   -0.3891121 -0.3900812
0.5779059  0.6017642   -0.3891485 -0.3900848
0.5778944  0.6018215   -0.3890846 -0.3900771
0.5779488  0.6017866   -0.3890916 -0.3900435
0.5780256  0.6017478   -0.3891028 -0.3899783
0.5780938  0.6017736   -0.3890447 -0.3898952
0.5780903  0.6017647   -0.3890567 -0.3899024
0.5780678  0.6017478   -0.389085 -0.3899336
0.5781707  0.6017804   -0.3890053 -0.3898102
0.5782242  0.6017647   -0.3890001 -0.3897602
0.578191  0.6016956   -0.3890874 -0.389829
0.5783085  0.6017105   -0.389016 -0.389703
0.5782194  0.6016873   -0.3890851 -0.389802
0.578191  0.6016487   -0.3891402 -0.3898485
0.5781987  0.6016895   -0.3890912 -0.3898232
0.5781613  0.6017202   -0.3890729 -0.3898496
0.578136  0.6016878   -0.3891109 -0.3898992
0.5781016  0.6016765   -0.3891433 -0.3899354
0.5780397  0.6016465   -0.3892036 -0.3900132
0.578006  0.6016589   -0.3891998 -0.3900478
0.5780508  0.6015672   -0.3892699 -0.390053
0.5780153  0.6014937   -0.3893672 -0.3901218
0.5779759  0.6014619   -0.3894195 -0.390177
0.5779516  0.601466   -0.3894304 -0.3901958
0.5779505  0.6014635   -0.3894388 -0.3901928
0.5780473  0.6014163   -0.3894458 -0.3901152
0.5779975  0.6014687   -0.3894129 -0.390141
0.5779287  0.6015553   -0.3893458 -0.3901763
0.5780265  0.6014733   -0.3893917 -0.390112
0.57801  0.601494   -0.3893805 -0.3901157
0.577805  0.6015862   -0.3893607 -0.390297
0.577771  0.6015867   -0.3893751 -0.3903323
0.5777015  0.6015534   -0.3894466 -0.3904151
0.5777209  0.6014742   -0.3895323 -0.3904231
0.5777755  0.6015167   -0.3894619 -0.3903469
0.5776673  0.6015669   -0.3894567 -0.390435
0.5776182  0.6015369   -0.3895204 -0.3904903
0.577698  0.6015587   -0.3894579 -0.390401
0.5776857  0.6016559   -0.3893458 -0.390381
0.577731  0.601714   -0.3892617 -0.3903084
0.577624  0.6016048   -0.3894298 -0.3904673
0.5775621  0.6016312   -0.3894265 -0.3905215
0.5775005  0.6016753   -0.3894086 -0.3905624
0.5775035  0.6016713   -0.3894121 -0.3905607
0.5774809  0.6017271   -0.3893594 -0.3905607
0.5774297  0.6018152   -0.3892789 -0.390581
0.5774158  0.6017578   -0.3893492 -0.3906199
0.577426  0.6017606   -0.3893512 -0.3905984
0.577431  0.6017607   -0.3893543 -0.3905878
0.5776502  0.6017499   -0.3892775 -0.390357
0.5776429  0.6016999   -0.3893275 -0.390395
0.5776293  0.6017578   -0.3892779 -0.3903753
0.5776533  0.6016712   -0.3893652 -0.3903859
0.5776768  0.6015775   -0.3894694 -0.3903919
0.57768  0.6016329   -0.3893971 -0.3903737
0.577592  0.6016767   -0.3893945 -0.3904392
0.5775579  0.6017956   -0.389276 -0.3904244
0.5776217  0.6017351   -0.3893168 -0.3903826
0.5776668  0.6017252   -0.3893086 -0.3903391
0.5777392  0.6017118   -0.3893114 -0.3902499
0.5778075  0.601796   -0.3891885 -0.3901416
0.5778341  0.6016867   -0.3892905 -0.3901691
0.5777876  0.60167   -0.3893337 -0.3902206
0.5777729  0.601684   -0.3893204 -0.3902341
0.5777237  0.6017649   -0.3892462 -0.3902561
0.5777594  0.6017666   -0.3892337 -0.3902129
0.5777858  0.6017916   -0.3891994 -0.3901696
0.5777206  0.6015734   -0.3894668 -0.3903358
0.5777425  0.602281   -0.3886718 -0.3900042
0.5777627  0.6027874   -0.3880737 -0.3897881
0.5778204  0.6027884   -0.388036 -0.3897382
0.577725  0.602385   -0.3885343 -0.3900069
0.577693  0.6021121   -0.3888627 -0.3901483
0.5777108  0.6023133   -0.3886336 -0.3900397
0.5779427  0.6021709   -0.3886854 -0.3898644
0.577921  0.6023113   -0.3885334 -0.3898311
0.5779896  0.6020432   -0.3888097 -0.3898681
0.5780089  0.6019553   -0.3889046 -0.3898805
0.5780003  0.6019687   -0.3888939 -0.3898832
0.5779082  0.6019794   -0.388922 -0.3899751
0.5779045  0.6019722   -0.3889274 -0.3899864
0.5780835  0.601777   -0.389074 -0.3898763
0.5780699  0.6019536   -0.3888915 -0.389806
0.578073  0.6018782   -0.3889791 -0.3898303
0.5780581  0.6018139   -0.3890582 -0.3898729
0.5780013  0.6017024   -0.3892114 -0.389976
0.5779818  0.6017572   -0.3891678 -0.3899638
0.5780042  0.601844   -0.3890613 -0.3899031
0.57804  0.6017822   -0.3891158 -0.3898909
0.5779047  0.6018291   -0.3891259 -0.3900091
0.5779504  0.6018562   -0.3890723 -0.389953
0.57793  0.6018999   -0.3890415 -0.3899466
0.5779858  0.6019555   -0.3889472 -0.3898721
0.577958  0.6019834   -0.3889372 -0.3898803
0.5779551  0.601993   -0.3889232 -0.3898838
0.5779678  0.6019439   -0.3889733 -0.3898905
0.577988  0.6020417   -0.3888507 -0.3898321
0.5778571  0.602059   -0.3888834 -0.3899666
0.5778369  0.6020188   -0.3889285 -0.3900135
0.5779058  0.602002   -0.3889185 -0.3899475
0.5778438  0.6019658   -0.3889948 -0.3900192
0.5778278  0.6019117   -0.3890575 -0.3900638
0.5778556  0.6019776   -0.388972 -0.390006
0.5778455  0.6020213   -0.3889325 -0.3899931
0.5778568  0.6020086   -0.3889379 -0.3899906
0.5778349  0.6019934   -0.3889691 -0.3900154
0.5779369  0.6019016   -0.3890193 -0.3899557
0.5779734  0.6018628   -0.3890431 -0.3899377
0.5779368  0.6018842   -0.3890353 -0.3899669
0.5779648  0.6017336   -0.3891877 -0.3900056
0.5779006  0.6018334   -0.3890996 -0.3900347
0.5778877  0.6018386   -0.389104 -0.3900414
0.5778639  0.6018608   -0.3890942 -0.3900524
0.5777894  0.6018724   -0.3891088 -0.3901301
0.5779253  0.6018397   -0.389092 -0.3899959
0.5779318  0.6019359   -0.3889863 -0.3899435
0.5778583  0.6020262   -0.3889123 -0.3899866
0.5778768  0.601922   -0.3890255 -0.390007
0.5778787  0.6018783   -0.389074 -0.3900235
0.5778866  0.6018773   -0.3890675 -0.3900197
0.5777995  0.6018484   -0.3891326 -0.3901284
0.5778123  0.6018402   -0.3891275 -0.3901273
0.5778227  0.6018621   -0.3890945 -0.3901108
0.5778262  0.6017628   -0.3892087 -0.390145
0.5777878  0.6017843   -0.3892059 -0.3901715
0.5778871  0.6018168   -0.3891452 -0.3900347
0.5778379  0.601837   -0.3891532 -0.3900684
0.5778716  0.6018634   -0.3891004 -0.3900307
0.5778744  0.6018326   -0.3891475 -0.3900271
0.5779002  0.6018479   -0.3891196 -0.389993
0.5779248  0.6019273   -0.389025 -0.3899284
0.5778499  0.6019853   -0.3889971 -0.3899778
0.5779073  0.60197   -0.389004 -0.3899094
0.5779119  0.6019032   -0.389077 -0.3899329
0.5779103  0.6018823   -0.3891012 -0.3899432
0.5778034  0.6018772   -0.389153 -0.3900579
0.5777788  0.6019568   -0.38907 -0.3900544
0.5778294  0.6019337   -0.38907 -0.390015
0.5778469  0.6019264   -0.3890657 -0.3900045
0.5778349  0.6018896   -0.3890988 -0.3900462
0.5778431  0.6018768   -0.3891051 -0.3900474
0.577925  0.601828   -0.3891248 -0.3899815
0.5780368  0.6018304   -0.3890703 -0.3898665
0.5780348  0.6017367   -0.3891854 -0.3898995
0.5780227  0.6017657   -0.389163 -0.389895
0.5778843  0.601775   -0.3892161 -0.3900329
0.5778466  0.6017739   -0.3892331 -0.3900732
0.5777856  0.6017481   -0.389293 -0.3901437
0.5777198  0.6017883   -0.3892854 -0.3901866
0.5776882  0.6018964   -0.3891779 -0.390174
0.57757  0.6019111   -0.3892122 -0.3902922
0.5776363  0.6018609   -0.3892406 -0.390243
0.5776668  0.601839   -0.3892474 -0.390225
0.5776749  0.6018076   -0.3892748 -0.3902341
0.5776341  0.6017922   -0.3893058 -0.3902873
0.5776765  0.6017331   -0.3893498 -0.3902717
0.5777119  0.6017599   -0.3893053 -0.3902225
0.5776722  0.6017361   -0.389349 -0.3902743
0.5777125  0.6017218   -0.3893533 -0.3902324
0.577714  0.6016464   -0.3894329 -0.3902671
0.5777298  0.6017007   -0.3893741 -0.3902185
0.5776442  0.6016824   -0.3894355 -0.3903123
0.5776628  0.6016957   -0.389422 -0.3902777
0.5776777  0.6017364   -0.3893611 -0.3902535
0.5776919  0.6017024   -0.3893978 -0.3902483
0.5776778  0.6017088   -0.3893927 -0.3902646
0.5776243  0.6017612   -0.3893526 -0.3903028
0.5776108  0.6016726   -0.3894624 -0.39035
0.5776015  0.6016989   -0.3894505 -0.390335
0.5775995  0.6016921   -0.3894548 -0.3903442
0.5775532  0.6016813   -0.3894867 -0.3903976
0.5775712  0.6017875   -0.3893605 -0.3903332
0.5775595  0.6018589   -0.38929 -0.3903104
0.5776792  0.6017634   -0.3893411 -0.3902295
0.5777271  0.6017866   -0.389295 -0.3901689
0.5777587  0.6017542   -0.3893179 -0.3901495
0.5777576  0.6017053   -0.3893689 -0.3901756
0.5777287  0.6017007   -0.3893952 -0.3901991
0.5777619  0.6017313   -0.389356 -0.3901418
0.5776691  0.6016967   -0.389421 -0.3902677
0.5776379  0.6016782   -0.3894554 -0.3903081
0.577624  0.6017039   -0.3894238 -0.3903206
0.5776149  0.601696   -0.3894367 -0.3903334
0.5775475  0.6017011   -0.3894733 -0.3903887
0.5775338  0.6016544   -0.3895315 -0.3904229
0.5776088  0.6017199   -0.3894308 -0.3903114
0.5777212  0.6016834   -0.3894288 -0.3902032
0.5778342  0.6016632   -0.3894036 -0.3900923
0.5778478  0.6016788   -0.3893762 -0.3900752
0.5778458  0.6016967   -0.3893532 -0.3900737
0.5778454  0.6017553   -0.3892927 -0.3900445
0.5777737  0.6017715   -0.3893012 -0.390117
0.5777997  0.6017663   -0.3892998 -0.3900881
0.5778176  0.6018164   -0.3892361 -0.3900478
0.5778219  0.6017829   -0.3892811 -0.3900482
0.5779713  0.6017087   -0.3892959 -0.3899266
0.5779055  0.6017189   -0.3893172 -0.3899872
0.5778798  0.6016524   -0.3893935 -0.3900515
0.5778538  0.6016636   -0.3893832 -0.3900828
0.5778428  0.6016911   -0.3893578 -0.3900825
0.5778204  0.6017337   -0.3893199 -0.3900875
0.5778317  0.6016534   -0.3893958 -0.390119
0.5778795  0.6016626   -0.3893604 -0.3900691
0.5778847  0.6016725   -0.3893524 -0.3900544
0.5779256  0.6016924   -0.3893076 -0.3900075
0.5779081  0.6016701   -0.3893497 -0.3900259
0.5778388  0.6016408   -0.3894078 -0.3901156
0.5777304  0.601742   -0.3893412 -0.3901868
0.5777367  0.6018856   -0.3891684 -0.3901284
0.577699  0.6019257   -0.3891483 -0.3901424
0.5777265  0.6018546   -0.3892301 -0.3901297
0.577754  0.6018419   -0.3892373 -0.3901015
0.5777089  0.6017015   -0.3894049 -0.3902175
0.5777623  0.6016806   -0.38941 -0.3901654
0.5777865  0.6017212   -0.3893501 -0.390127
0.577828  0.6017934   -0.3892519 -0.3900521
0.5778103  0.6018001   -0.3892429 -0.390077
0.5778705  0.6016358   -0.3894104 -0.3900741
0.5778914  0.6016155   -0.38942 -0.3900648
0.577876  0.6015602   -0.3894935 -0.3900995
0.5778512  0.60155   -0.3895251 -0.3901204
0.5778401  0.6015692   -0.3895135 -0.3901189
0.5778337  0.6015144   -0.3895781 -0.3901483
0.5778205  0.6014723   -0.3896307 -0.3901802
0.5778003  0.6015052   -0.3895939 -0.3901961
0.5778195  0.6014252   -0.3896715 -0.3902134
0.5777501  0.6014055   -0.3897149 -0.3903033
0.5777844  0.6014331   -0.3896789 -0.3902459
0.5778871  0.6013931   -0.3896845 -0.3901497
0.5779279  0.6013978   -0.3896663 -0.3901004
0.5779176  0.6013001   -0.3897621 -0.3901705
0.5778227  0.6013296   -0.3897783 -0.3902493
0.5777782  0.6014613   -0.3896416 -0.3902488
0.5778599  0.6014017   -0.3896738 -0.3901877
0.5779331  0.6013482   -0.3897163 -0.3901192
0.5778692  0.6013791   -0.3897049 -0.3901776
0.5778186  0.6013547   -0.3897496 -0.3902455
0.5776633  0.6014197   -0.3897391 -0.3903857
0.5775688  0.6014797   -0.389726 -0.3904461
0.5775251  0.601538   -0.3896753 -0.3904716
0.5775385  0.6015094   -0.3897108 -0.3904604
0.5776227  0.601448   -0.389744 -0.3903974
0.5775244  0.6015358   -0.3896921 -0.3904592
0.5775114  0.6015623   -0.3896635 -0.3904662
0.577552  0.6014781   -0.389736 -0.3904637
0.5776038  0.6015196   -0.389672 -0.3903868
0.577619  0.60152   -0.3896562 -0.3903796
0.5775885  0.6015993   -0.3895714 -0.3903871
0.5776459  0.6015502   -0.3896073 -0.3903421
0.5776901  0.601568   -0.3895777 -0.3902787
0.5776964  0.60158   -0.3895577 -0.390271
0.577727  0.6015767   -0.3895438 -0.3902444
0.5776563  0.6017147   -0.3894238 -0.390256
0.5776234  0.6016976   -0.389457 -0.3902982
0.577749  0.6017171   -0.3893817 -0.3901573
0.5777289  0.6017367   -0.3893729 -0.3901655
0.5777504  0.6017873   -0.3893116 -0.3901168
0.5777496  0.6017679   -0.3893291 -0.3901305
0.5777023  0.6017957   -0.3893187 -0.3901679
0.5777601  0.6017144   -0.38939 -0.3901367
0.57772  0.6017756   -0.3893389 -0.3901526
0.5776148  0.6018648   -0.3892846 -0.3902249
0.5775501  0.6018876   -0.3892961 -0.3902743
0.5775947  0.6018558   -0.3893085 -0.3902448
0.577548  0.6019303   -0.3892456 -0.3902617
0.5775469  0.601917   -0.3892704 -0.3902592
0.5775187  0.6019536   -0.389237 -0.3902778
0.5774213  0.6019812   -0.3892568 -0.3903596
0.5774999  0.6019781   -0.3892223 -0.3902823
0.577545  0.6019759   -0.3892149 -0.3902262
0.5776159  0.6019992   -0.3891593 -0.3901409
0.5776341  0.601997   -0.3891411 -0.3901357
0.5776527  0.6019713   -0.389176 -0.3901129
0.5776635  0.6019506   -0.3891949 -0.39011
0.5776237  0.6019337   -0.3892264 -0.3901636
0.5776161  0.6019592   -0.3891964 -0.3901655
0.5776848  0.6019489   -0.3891833 -0.3900928
0.5777358  0.6019499   -0.3891565 -0.3900423
0.5776486  0.6019406   -0.3891952 -0.3901471
0.5775287  0.6020041   -0.3891804 -0.3902416
0.5775602  0.6020517   -0.3891053 -0.3901963
0.5776222  0.6020056   -0.3891358 -0.3901453
0.5775875  0.6020151   -0.3891443 -0.3901736
0.5775895  0.6020383   -0.3891213 -0.3901577
0.5775844  0.6020881   -0.3890729 -0.3901367
0.5774996  0.6021021   -0.3890846 -0.3902289
0.5775205  0.6021213   -0.3890502 -0.3902027
0.5776069  0.6020609   -0.3890814 -0.3901369
0.5776054  0.6020714   -0.389066 -0.3901382
0.5774867  0.6021867   -0.388997 -0.3902048
0.5774928  0.6021564   -0.3890193 -0.3902202
0.5775239  0.6020978   -0.3890626 -0.3902216
0.577573  0.6020532   -0.3890966 -0.3901837
0.5775908  0.6021202   -0.3890234 -0.3901269
0.5775942  0.6021755   -0.3889559 -0.3901038
0.5776547  0.6021757   -0.3889389 -0.3900309
0.5775839  0.6022332   -0.3889095 -0.3900765
0.5774348  0.6022916   -0.3888982 -0.3902182
0.5774384  0.6022832   -0.3889109 -0.3902131
0.5774476  0.6023183   -0.388863 -0.3901929
0.5773876  0.6023065   -0.3888974 -0.3902655
0.5774928  0.6022395   -0.388923 -0.3901878
0.577475  0.6022208   -0.388961 -0.3902054
0.5776196  0.6021171   -0.3890156 -0.3900968
0.5775646  0.6021914   -0.3889602 -0.3901188
0.5775681  0.602228   -0.3889233 -0.390094
0.5776498  0.6021239   -0.3890007 -0.3900565
0.5776941  0.6020346   -0.3890912 -0.3900386
0.5777352  0.6019076   -0.3892163 -0.390049
0.5778282  0.6019008   -0.3891801 -0.3899577
0.5779518  0.60179   -0.3892471 -0.3898785
0.5779486  0.6017408   -0.3892904 -0.3899161
0.5779609  0.6017745   -0.389252 -0.3898841
0.5778682  0.6017578   -0.3893153 -0.3899843
0.5777838  0.6017649   -0.3893479 -0.3900658
0.5778109  0.6017509   -0.3893565 -0.3900388
0.5777637  0.6017408   -0.3893794 -0.3901012
0.5777283  0.6017495   -0.3893849 -0.3901347
0.5777423  0.6016991   -0.3894309 -0.3901458
0.5778304  0.6016914   -0.3894062 -0.3900517
0.5778547  0.6016252   -0.3894841 -0.3900401
0.5777786  0.6016115   -0.3895417 -0.3901165
0.5777513  0.6016151   -0.3895401 -0.390153
0.5777139  0.6016271   -0.3895479 -0.390182
0.5777008  0.6015894   -0.3896002 -0.3902073
0.5777545  0.6016393   -0.3895217 -0.3901294
0.5777849  0.6016374   -0.389511 -0.3900978
0.577705  0.6015991   -0.3895843 -0.390202
0.5777506  0.6015759   -0.3895912 -0.3901634
0.5777749  0.6015439   -0.3896166 -0.3901513
0.5778126  0.6015663   -0.3895805 -0.3900972
0.5778328  0.6015835   -0.3895481 -0.3900732
0.5778217  0.6015457   -0.389595 -0.3901009
0.5778754  0.6014683   -0.3896633 -0.3900724
0.5778298  0.6014698   -0.3896808 -0.3901202
0.5778072  0.6015064   -0.389645 -0.3901331
0.5777341  0.6015862   -0.389592 -0.3901712
0.5777814  0.601698   -0.3894428 -0.3900778
0.577693  0.6017387   -0.3894348 -0.3901538
0.5776105  0.6017747   -0.3894252 -0.39023
0.5776473  0.6017596   -0.3894181 -0.3902058
0.577646  0.6017821   -0.3893805 -0.3902106
0.5776718  0.6017173   -0.3894464 -0.3902065
0.5776296  0.6016894   -0.3894911 -0.3902675
0.5775565  0.6017708   -0.3894222 -0.3903189
0.5775485  0.6018292   -0.3893741 -0.3902887
0.5776024  0.6018064   -0.3893812 -0.3902368
0.5777258  0.6017811   -0.3893569 -0.3901178
0.5777446  0.601709   -0.3894253 -0.3901327
0.5776492  0.6017388   -0.3894377 -0.3902158
0.5777454  0.6016861   -0.3894602 -0.3901319
0.5777288  0.6017056   -0.3894406 -0.3901461
0.577788  0.6017563   -0.389364 -0.3900567
0.5777353  0.6018261   -0.389309 -0.3900819
0.5776991  0.6018713   -0.3892791 -0.3900957
0.5776986  0.6018215   -0.3893354 -0.390117
0.5776864  0.6018086   -0.3893549 -0.3901356
0.5777431  0.6017596   -0.3893856 -0.3900967
0.5777605  0.6017208   -0.3894214 -0.3900949
0.5777414  0.6017138   -0.3894426 -0.3901127
0.5777443  0.6018239   -0.3893188 -0.3900621
0.5776955  0.6017644   -0.3894154 -0.3901296
0.5776915  0.6017439   -0.3894448 -0.3901382
0.5776799  0.6017321   -0.389467 -0.3901511
0.5776659  0.6017693   -0.3894224 -0.3901592
0.5777683  0.6017943   -0.3893414 -0.3900498
0.5778247  0.6018437   -0.3892575 -0.3899737
0.5777814  0.601853   -0.3892658 -0.3900152
0.5777713  0.6019673   -0.3891425 -0.3899767
0.5777135  0.6019451   -0.3892017 -0.3900376
0.5777116  0.6019245   -0.3892299 -0.390044
0.5776447  0.6019012   -0.3892935 -0.3901157
0.5777006  0.6019492   -0.3892117 -0.3900406
0.5777414  0.6018994   -0.3892547 -0.3900138
0.5776649  0.6019006   -0.3892907 -0.3900895
0.5776438  0.601898   -0.3893073 -0.3901082
0.5775762  0.6019295   -0.3893009 -0.390166
0.5775373  0.6019411   -0.3893049 -0.3902018
0.5775236  0.6019397   -0.3893076 -0.3902214
0.5775703  0.6019714   -0.3892389 -0.3901721
0.5776572  0.6019462   -0.389221 -0.3901
0.5776393  0.6019966   -0.389177 -0.3900926
0.5776417  0.6019555   -0.3892223 -0.3901072
0.5775142  0.6018639   -0.3893752 -0.390285
0.5775397  0.6018296   -0.3894074 -0.3902679
0.5776762  0.6017907   -0.3893927 -0.3901404
0.577639  0.601855   -0.3893414 -0.3901477
0.5775818  0.6017233   -0.3895172 -0.3902598
0.5776025  0.6018143   -0.3894112 -0.3901947
0.5775948  0.6017622   -0.3894735 -0.3902243
0.5775766  0.6016992   -0.3895519 -0.3902701
0.5775575  0.6017156   -0.3895372 -0.3902878
0.5775209  0.6016286   -0.3896458 -0.3903676
0.5774998  0.6017272   -0.3895496 -0.3903429
0.5775211  0.601738   -0.3895331 -0.3903112
0.577449  0.6017985   -0.3895009 -0.3903568
0.5775596  0.601728   -0.3895328 -0.3902699
0.5776712  0.601708   -0.3895127 -0.3901557
0.577611  0.6017817   -0.3894694 -0.3901742
0.5775887  0.601769   -0.3895018 -0.3901947
0.5775481  0.6018272   -0.3894588 -0.3902079
0.5776197  0.6017357   -0.3895303 -0.3901716
0.5776517  0.601669   -0.3895869 -0.3901705
0.577701  0.6016143   -0.3896273 -0.3901416
0.5776761  0.6016302   -0.3896202 -0.3901613
0.5776661  0.6016582   -0.3895935 -0.3901595
0.5777154  0.6016235   -0.3896157 -0.3901176
0.5778046  0.601612   -0.3895821 -0.3900368
0.5778387  0.601642   -0.3895259 -0.3899963
0.5779403  0.6016098   -0.389523 -0.3898982
0.5779644  0.6016552   -0.3894717 -0.3898436
0.5779802  0.6016796   -0.3894427 -0.3898117
0.5779099  0.6017183   -0.3894288 -0.38987
0.5779489  0.6017743   -0.3893677 -0.3897868
0.5779707  0.601772   -0.3893569 -0.3897687
0.5779242  0.6018007   -0.389345 -0.3898053
0.5779144  0.6017791   -0.3893783 -0.38982
0.5778122  0.6018807   -0.3893088 -0.3898839
0.5776975  0.6019034   -0.3893279 -0.3899997
0.5777902  0.6018221   -0.389389 -0.3899268
0.5778641  0.6018375   -0.3893402 -0.3898423
0.5779332  0.6018722   -0.3892676 -0.3897589
0.5779023  0.6019533   -0.3891905 -0.3897563
0.5778679  0.601902   -0.3892629 -0.3898144
0.5779273  0.6018409   -0.389297 -0.3897866
0.5779101  0.6018412   -0.3892999 -0.3898087
0.5779101  0.6018656   -0.3892683 -0.3898026
0.5778782  0.6019079   -0.3892215 -0.3898312
0.5778806  0.6018954   -0.3892349 -0.3898337
0.5779091  0.6019621   -0.3891346 -0.3897885
0.5778903  0.6019476   -0.3891637 -0.3898097
0.5778989  0.6019704   -0.3891479 -0.3897776
0.5779635  0.6019943   -0.389089 -0.3897035
0.5780741  0.6019608   -0.3890747 -0.3896055
0.5781683  0.6018988   -0.3891039 -0.3895324
0.5781603  0.6018848   -0.3891276 -0.3895422
0.5781125  0.6018077   -0.3892343 -0.3896257
0.5780615  0.6018251   -0.3892416 -0.3896673
0.5779972  0.6018155   -0.3892892 -0.3897299
0.5779828  0.6017843   -0.3893269 -0.3897618
0.5778915  0.6018155   -0.3893316 -0.3898444
0.5778654  0.6018928   -0.3892516 -0.3898434
0.5779335  0.6018823   -0.3892387 -0.3897715
0.5778385  0.6019114   -0.3892379 -0.3898682
0.5779213  0.6018819   -0.3892357 -0.3897933
0.5778894  0.6018553   -0.3892748 -0.3898425
0.5777785  0.6019425   -0.3892248 -0.3899224
0.577768  0.6019996   -0.3891518 -0.3899226
0.5777296  0.6019734   -0.3891931 -0.3899788
0.5777268  0.6020607   -0.3891057 -0.3899352
0.5777344  0.6019768   -0.3891881 -0.3899716
0.5777832  0.6019267   -0.3892236 -0.389941
0.5777358  0.6020554   -0.3891047 -0.3899313
0.5777638  0.601994   -0.3891662 -0.3899231
0.5776513  0.6019888   -0.389234 -0.3900301
0.5777445  0.6019399   -0.3892403 -0.3899614
0.5777213  0.6019468   -0.3892428 -0.3899823
0.5776801  0.6019074   -0.389309 -0.3900383
0.5777698  0.6018698   -0.3893039 -0.3899685
0.5778359  0.6018524   -0.3892949 -0.3899064
0.5778772  0.6017337   -0.3894284 -0.3898952
0.5778333  0.601758   -0.3894246 -0.3899264
0.5777894  0.601718   -0.3894885 -0.3899894
0.5778272  0.601735   -0.3894444 -0.3899511
0.5776852  0.6017575   -0.3894801 -0.3900912
0.5776873  0.6018342   -0.3893982 -0.3900515
0.577641  0.6018138   -0.3894368 -0.390113
0.5776077  0.6018055   -0.3894654 -0.3901466
0.5776427  0.6017585   -0.3894989 -0.3901338
0.5777147  0.601725   -0.389515 -0.3900627
0.577768  0.6017682   -0.3894353 -0.3899968
0.5776825  0.6017943   -0.3894473 -0.3900711
0.5777191  0.6017434   -0.3894798 -0.3900629
0.5777664  0.6016998   -0.3895127 -0.3900272
0.5777032  0.6017705   -0.3894562 -0.3900684
0.5776062  0.6017907   -0.3894752 -0.3901617
0.5776728  0.601796   -0.3894459 -0.3900844
0.5776395  0.6018014   -0.3894542 -0.390117
0.5777042  0.6018228   -0.389407 -0.3900351
0.5778113  0.6017385   -0.3894512 -0.3899625
0.5778025  0.6017611   -0.3894254 -0.3899665
0.577769  0.6017657   -0.3894436 -0.3899907
0.5777863  0.6017822   -0.3894182 -0.389965
0.5778123  0.6016805   -0.3895214 -0.3899804
0.5778031  0.6016896   -0.3895154 -0.389986
0.5777108  0.6017483   -0.3894844 -0.3900632
0.5777677  0.6017174   -0.3894988 -0.3900122
0.5777764  0.6017116   -0.3894881 -0.3900188
0.5777395  0.6017428   -0.3894645 -0.390049
0.5776688  0.6017917   -0.3894309 -0.3901116
0.5776603  0.6017485   -0.3894831 -0.390139
0.5775853  0.6017873   -0.3894807 -0.3901923
0.5776249  0.6017361   -0.389517 -0.3901766
0.5775399  0.6017179   -0.3895742 -0.3902735
0.5776163  0.6017964   -0.389449 -0.3901643
0.5775798  0.6019041   -0.3893439 -0.3901571
0.5774916  0.6019089   -0.3893809 -0.3902433
0.5774861  0.6019109   -0.3893765 -0.3902527
0.5775189  0.6018373   -0.3894404 -0.3902538
0.5774521  0.6017988   -0.3895029 -0.3903497
0.5774666  0.6017759   -0.389518 -0.3903484
0.5775221  0.6017489   -0.3895299 -0.390296
0.5774826  0.6017339   -0.3895634 -0.3903444
0.5774904  0.6017158   -0.3895806 -0.3903434
0.5774803  0.6017618   -0.3895296 -0.3903384
0.5774072  0.6018033   -0.3895191 -0.3903928
0.5772636  0.6018099   -0.3895647 -0.3905496
0.5771562  0.6018221   -0.3896012 -0.3906533
0.5771623  0.6017796   -0.3896466 -0.3906642
0.5772232  0.601751   -0.3896576 -0.3906074
0.5772011  0.6018415   -0.3895706 -0.3905873
0.5772451  0.6018798   -0.3895092 -0.3905246
0.5771978  0.6019422   -0.3894597 -0.3905478
0.5771942  0.6019894   -0.3894084 -0.3905315
0.5772665  0.6019678   -0.389402 -0.3904644
0.5773495  0.6019875   -0.3893453 -0.3903677
0.5774686  0.6019272   -0.3893627 -0.3902673
0.5775439  0.6019545   -0.3892959 -0.3901804
0.5775522  0.6019804   -0.3892727 -0.3901511
0.5775685  0.6020048   -0.389239 -0.3901231
0.5775145  0.6019552   -0.3893311 -0.3901875
0.5774421  0.6019795   -0.38933 -0.3902584
0.5775498  0.60195   -0.3893127 -0.3901619
0.5776431  0.6019297   -0.3892958 -0.3900719
0.5776805  0.6019517   -0.3892599 -0.3900183
0.5776644  0.6018992   -0.3893301 -0.3900533
0.5776008  0.6018624   -0.3893988 -0.3901354
0.5775876  0.601899   -0.3893641 -0.3901333
0.5776091  0.601939   -0.3893148 -0.3900887
0.5776159  0.6021084   -0.3891268 -0.3900048
0.5776885  0.6020775   -0.389126 -0.3899457
0.5776222  0.6020998   -0.3891385 -0.3899971
0.5775725  0.6020116   -0.3892591 -0.3900865
0.5775318  0.6020322   -0.3892579 -0.3901164
0.577524  0.602013   -0.3892878 -0.3901275
0.5774799  0.6019489   -0.3893741 -0.3902056
0.5774022  0.6019668   -0.3893921 -0.3902749
0.5773879  0.6019383   -0.3894211 -0.390311
0.5773954  0.6019292   -0.3894329 -0.3903022
0.5774263  0.6019982   -0.3893384 -0.3902446
0.5774788  0.6019298   -0.3893793 -0.3902314
0.5774684  0.6019126   -0.3893991 -0.3902537
0.5775322  0.601906   -0.3893794 -0.390189
0.577582  0.6019086   -0.3893557 -0.390135
0.577611  0.6019316   -0.3893176 -0.3900946
0.5775582  0.6019502   -0.3893239 -0.3901377
0.5776182  0.6019211   -0.3893312 -0.3900866
0.577636  0.6018399   -0.3894148 -0.3901021
0.5776408  0.6019025   -0.3893516 -0.3900615
0.577593  0.601975   -0.3893 -0.3900719
0.5776649  0.6019467   -0.3892923 -0.3900168
0.5776294  0.6018969   -0.3893633 -0.3900753
0.5775793  0.6018612   -0.3894291 -0.390139
0.5775117  0.6018466   -0.3894837 -0.3902069
0.5774351  0.6018414   -0.3895219 -0.3902902
0.5773503  0.6018431   -0.3895516 -0.3903834
0.5773129  0.6019177   -0.3894888 -0.3903863
0.5773262  0.6017542   -0.3896618 -0.3904459
0.5773274  0.6017877   -0.3896195 -0.390435
0.5772898  0.6017862   -0.3896373 -0.3904751
0.5773662  0.6018642   -0.389522 -0.3903568
0.5773934  0.6018652   -0.3895093 -0.3903277
0.577383  0.6018963   -0.3894703 -0.390334
0.5774238  0.6018739   -0.3894785 -0.3903002
0.5774413  0.6019189   -0.3894161 -0.390267
0.5774232  0.6020017   -0.3893315 -0.3902508
0.5774126  0.6021083   -0.3892258 -0.3902073
0.5773298  0.6021385   -0.3892407 -0.3902684
0.5773479  0.6021891   -0.3891722 -0.3902317
0.5773399  0.602154   -0.3892147 -0.3902554
0.577441  0.6021749   -0.3891482 -0.3901399
0.5774291  0.6022412   -0.3890748 -0.3901284
0.5774049  0.6022511   -0.3890745 -0.3901492
0.5773893  0.6022262   -0.3891142 -0.3901711
0.5774068  0.6022233   -0.3891196 -0.3901444
0.5773643  0.602249   -0.389109 -0.3901781
0.5774525  0.6021457   -0.3891735 -0.3901426
0.5775053  0.6021609   -0.3891341 -0.3900804
0.5775682  0.6021985   -0.3890565 -0.3900065
0.5775413  0.6022018   -0.3890642 -0.3900335
0.577626  0.6021688   -0.3890697 -0.3899537
0.57763  0.602192   -0.3890423 -0.3899394
0.577757  0.6021507   -0.3890254 -0.3898318
0.5777194  0.602172   -0.3890136 -0.3898662
0.577693  0.6021938   -0.3890007 -0.3898846
0.5776656  0.6022208   -0.3889783 -0.3899058
0.5776924  0.6022705   -0.3889246 -0.389843
0.5776867  0.6022704   -0.3889274 -0.3898489
0.5776125  0.602365   -0.3888488 -0.3898909
0.5775061  0.6023996   -0.3888557 -0.3899884
0.5774501  0.6024354   -0.3888486 -0.3900229
0.5775648  0.6024534   -0.3887754 -0.3898985
0.5775418  0.6025142   -0.3887128 -0.3899008
0.5775002  0.60256   -0.3886841 -0.3899201
0.57748  0.602466   -0.3888035 -0.3899765
0.577537  0.6024659   -0.3887838 -0.3899118
0.5774609  0.6024456   -0.38883 -0.3900097
0.5774254  0.6024022   -0.3888945 -0.3900652
0.5775369  0.6022961   -0.3889661 -0.3899925
0.5775079  0.6022835   -0.3889973 -0.3900236
0.5774421  0.602228   -0.3890923 -0.3901121
0.5774716  0.6021433   -0.3891702 -0.3901213
0.5775061  0.6021131   -0.3891898 -0.3900971
0.5774643  0.6021246   -0.3891951 -0.3901362
0.5775838  0.6020913   -0.3891864 -0.3900192
0.5776202  0.602021   -0.3892411 -0.3900194
0.5776959  0.6019408   -0.3892943 -0.389978
0.5776988  0.6018223   -0.3894166 -0.3900344
0.5776156  0.6018549   -0.3894154 -0.3901084
0.5775442  0.6018093   -0.3894973 -0.3902029
0.5775853  0.601706   -0.3895818 -0.3902169
0.5774605  0.6018048   -0.3895114 -0.3903195
0.5774831  0.6018418   -0.3894696 -0.3902708
0.5773934  0.6018815   -0.3894682 -0.3903438
0.5774692  0.601889   -0.3894278 -0.3902603
0.5774324  0.6018004   -0.3895563 -0.390323
0.5775123  0.6017237   -0.3896127 -0.3902668
0.5775059  0.6016738   -0.3896762 -0.3902899
0.5774401  0.6017337   -0.3896287 -0.3903424
0.5774716  0.6017589   -0.3895877 -0.3902977
0.5775385  0.6017506   -0.3895647 -0.3902344
0.5774556  0.6017936   -0.3895568 -0.3902986
0.5775338  0.6017544   -0.3895588 -0.3902417
0.5775508  0.6018453   -0.3894447 -0.3901901
0.5775396  0.601936   -0.3893571 -0.3901542
0.5775427  0.6019106   -0.3893754 -0.3901705
0.5774882  0.601899   -0.389416 -0.3902284
0.5775589  0.601872   -0.3894206 -0.390161
0.5776648  0.601818   -0.389427 -0.3900812
0.5776056  0.6018592   -0.3894022 -0.3901301
0.5775783  0.6019242   -0.3893319 -0.3901403
0.5775572  0.601912   -0.3893413 -0.390181
0.5775646  0.6018991   -0.3893572 -0.3901741
0.5775464  0.601952   -0.3892969 -0.3901796
0.5775126  0.6020432   -0.3892048 -0.3901807
0.5775737  0.6020276   -0.3891968 -0.3901222
0.5775878  0.6019623   -0.3892691 -0.39013
0.5775473  0.6019017   -0.3893544 -0.3901985
0.5774623  0.6019025   -0.3893943 -0.3902832
0.5774944  0.601937   -0.3893421 -0.3902344
0.577463  0.6018543   -0.3894481 -0.3903027
0.5775056  0.6018489   -0.389432 -0.3902641
0.5775012  0.6018177   -0.3894647 -0.3902862
0.5776152  0.6017539   -0.3894832 -0.3901973
0.5775299  0.60184   -0.3894188 -0.390255
0.5774546  0.6018471   -0.3894432 -0.3903313
0.577548  0.601871   -0.3893726 -0.3902266
0.5775454  0.601953   -0.3892817 -0.3901946
0.5776142  0.6018986   -0.3893135 -0.3901447
0.5775689  0.6019329   -0.3892988 -0.3901737
0.5775707  0.6018964   -0.3893438 -0.3901824
0.5776137  0.6018879   -0.3893439 -0.3901317
0.5775828  0.6019512   -0.3892869 -0.3901366
0.5775864  0.6018957   -0.3893566 -0.3901475
0.5776356  0.6019102   -0.3893238 -0.3900848
0.5776378  0.6018896   -0.3893506 -0.3900868
0.5776559  0.6018437   -0.3893988 -0.3900827
0.5776439  0.6018671   -0.3893783 -0.390085
0.5777624  0.6018558   -0.3893451 -0.38996
0.5777651  0.6018654   -0.3893289 -0.3899574
0.5777595  0.6018716   -0.3893245 -0.3899605
0.5777186  0.6018556   -0.38936 -0.3900102
0.5777658  0.6018373   -0.3893654 -0.3899632
0.5777344  0.6018769   -0.3893346 -0.3899795
0.57774  0.6018692   -0.3893276 -0.3899899
0.5777612  0.6018096   -0.3893902 -0.389988
0.5777866  0.6018145   -0.3893782 -0.3899546
0.5778376  0.6018615   -0.3893085 -0.3898762
0.5778515  0.6018016   -0.3893694 -0.3898873
0.5778949  0.6018966   -0.3892448 -0.3898008
0.5777506  0.6018622   -0.3893455 -0.3899671
0.5777818  0.6019249   -0.3892578 -0.3899115
0.5777469  0.6018734   -0.3893349 -0.3899658
0.5777174  0.601892   -0.3893225 -0.3899934
0.5776842  0.6018842   -0.3893414 -0.3900357
0.577666  0.6019539   -0.389276 -0.3900203
0.5777285  0.6020274   -0.3891623 -0.3899276
0.5777277  0.6020025   -0.389186 -0.3899439
0.5776445  0.6019689   -0.3892685 -0.3900367
0.5777334  0.6019447   -0.3892579 -0.3899525
0.5777733  0.6019207   -0.3892766 -0.389912
0.5777423  0.6020062   -0.3891943 -0.3899079
0.5777282  0.6020474   -0.3891593 -0.3899004
0.5777887  0.6020009   -0.3891722 -0.3898695
0.5778607  0.6019443   -0.3892097 -0.3898129
0.5778783  0.6019059   -0.3892451 -0.3898107
0.5778801  0.6019478   -0.3892026 -0.3897857
0.5778678  0.6019567   -0.3891893 -0.3898035
0.5777912  0.6020269   -0.3891434 -0.3898545
0.5778316  0.6019915   -0.3891702 -0.3898225
0.577765  0.6019679   -0.3892346 -0.3898934
0.5776572  0.601993   -0.3892618 -0.3899872
0.5776774  0.6019492   -0.389316 -0.3899708
0.5776822  0.6019154   -0.3893433 -0.3899887
0.5776085  0.6020316   -0.3892493 -0.3900122
0.5776119  0.6019911   -0.3892979 -0.3900211
0.5775924  0.6020352   -0.389252 -0.3900277
0.5775768  0.601931   -0.3893842 -0.3900796
0.5775958  0.6018667   -0.3894439 -0.3900912
0.5775286  0.6018949   -0.389432 -0.3901591
0.5775038  0.6018606   -0.3894723 -0.3902085
0.5776145  0.6018735   -0.3894161 -0.3900808
0.5776424  0.6017895   -0.3894984 -0.390087
0.5776442  0.6018068   -0.3894776 -0.3900783
0.5776462  0.6018801   -0.3893909 -0.3900488
0.5776348  0.6018403   -0.3894447 -0.3900735
0.5776891  0.6018063   -0.3894682 -0.390022
0.5777659  0.6018719   -0.3893664 -0.3899088
0.5777371  0.601862   -0.3893945 -0.3899386
0.5776959  0.6018884   -0.3893872 -0.389966
0.5777119  0.6019385   -0.3893289 -0.3899231
0.5777393  0.601929   -0.3893321 -0.389894
0.5776997  0.6019989   -0.3892752 -0.3899017
0.5776566  0.6019212   -0.3893764 -0.3899845
0.5776774  0.6018835   -0.3894054 -0.3899828
0.5777596  0.6018825   -0.3893809 -0.3898871
0.5777468  0.6018524   -0.3894251 -0.3899084
0.5777871  0.601854   -0.3893968 -0.3898745
0.5776903  0.6019213   -0.3893627 -0.3899482
0.577666  0.6019633   -0.3893263 -0.3899557
0.577669  0.6019948   -0.3892898 -0.3899389
0.5776398  0.601957   -0.3893451 -0.3899853
0.5776866  0.6019409   -0.3893391 -0.3899469
0.5776545  0.6019442   -0.3893494 -0.3899791
0.5776427  0.6019255   -0.3893669 -0.3900079
0.5776376  0.6019059   -0.3893876 -0.390025
0.5775277  0.6020126   -0.3893112 -0.3900992
0.5776223  0.6019431   -0.3893575 -0.3900203
0.5776416  0.6020365   -0.3892584 -0.3899465
0.5777497  0.6019453   -0.3893102 -0.3898754
0.5776253  0.602045   -0.3892521 -0.3899638
0.5777097  0.6020824   -0.3891887 -0.3898444
0.5776975  0.6020574   -0.3892261 -0.3898637
0.57767  0.6019776   -0.3893318 -0.3899219
0.5777199  0.6019052   -0.3893837 -0.3899081
0.5777429  0.6019279   -0.3893484 -0.389874
0.577704  0.6018673   -0.3894281 -0.3899456
0.5777349  0.6018577   -0.3894264 -0.3899164
0.5777423  0.6017607   -0.3895362 -0.3899455
0.5777327  0.6017977   -0.3894992 -0.3899396
0.5777766  0.6017536   -0.389535 -0.3899071
0.5777693  0.6017969   -0.3894809 -0.389905
0.5776969  0.6017703   -0.3895371 -0.3899972
0.577634  0.6018127   -0.3895164 -0.3900457
0.5775991  0.6018311   -0.389516 -0.3900692
0.5776419  0.6017656   -0.3895716 -0.3900513
0.5776119  0.6017421   -0.3896106 -0.390093
0.5776105  0.6017673   -0.3895788 -0.3900881
0.5775605  0.6018556   -0.3895017 -0.3901029
0.5775788  0.6017165   -0.3896453 -0.3901469
0.5775045  0.6016828   -0.3897099 -0.3902443
0.5773671  0.6018063   -0.389635 -0.3903321
0.5772473  0.6018304   -0.3896675 -0.3904397
0.5772647  0.6018642   -0.389627 -0.3904023
0.5772532  0.6018172   -0.3896938 -0.3904252
0.5772588  0.6018158   -0.3897017 -0.3904108
0.5773338  0.6017992   -0.3896844 -0.3903428
0.5773304  0.6017739   -0.3897186 -0.3903528
0.5774077  0.6017763   -0.3896745 -0.3902788
0.5775033  0.6017489   -0.3896604 -0.3901937
0.5775313  0.6017471   -0.3896555 -0.39016
0.5776399  0.6016762   -0.3896795 -0.3900847
0.5775469  0.6017094   -0.3896867 -0.3901638
0.5775717  0.6018229   -0.38955 -0.3900886
0.5775702  0.6019141   -0.3894487 -0.3900512
0.5775721  0.601922   -0.3894385 -0.3900464
0.5776488  0.6018322   -0.3895016 -0.3900083
0.5775052  0.6018957   -0.389501 -0.3901236
0.5775552  0.6018153   -0.3895701 -0.3901047
0.5775015  0.601768   -0.3896557 -0.3901716
0.5775089  0.6018207   -0.3895844 -0.3901505
0.5775117  0.601895   -0.3895092 -0.3901069
0.5775234  0.6018536   -0.3895503 -0.3901123
0.5775515  0.6018123   -0.38958 -0.3901048
0.5775901  0.6018308   -0.3895478 -0.3900514
0.5776856  0.6018023   -0.3895394 -0.3899623
0.5775784  0.6018457   -0.3895369 -0.3900567
0.5775498  0.6018277   -0.3895828 -0.3900808
0.5775917  0.601795   -0.3895977 -0.3900544
0.5776386  0.6018537   -0.3895125 -0.3899795
0.5775985  0.6019403   -0.3894423 -0.3899753
0.5776184  0.6019164   -0.3894656 -0.3899592
0.5775502  0.6019469   -0.3894699 -0.3900089
0.5775596  0.6019151   -0.3895018 -0.3900124
0.5775378  0.6018991   -0.3895288 -0.3900422
0.5775573  0.6018702   -0.389553 -0.3900338
0.5774594  0.6019779   -0.3894793 -0.3900861
0.5774813  0.6019539   -0.3894971 -0.3900731
0.5775654  0.6019526   -0.3894632 -0.3899845
0.577564  0.6018726   -0.3895583 -0.390015
0.5776107  0.6018751   -0.3895357 -0.3899646
0.5775913  0.6018921   -0.3895292 -0.3899736
0.5776692  0.6019022   -0.3894806 -0.389891
0.5777881  0.6019184   -0.3894076 -0.3897628
0.5778419  0.6019047   -0.3893996 -0.389712
0.5779133  0.6018441   -0.3894328 -0.3896667
0.5779492  0.6018531   -0.3894122 -0.3896203
0.5780816  0.6017382   -0.3894842 -0.3895293
0.5780246  0.6017589   -0.3894813 -0.3895847
0.5780761  0.601705   -0.3895239 -0.389549
0.5781155  0.6017469   -0.3894563 -0.3894934
0.5781797  0.6016053   -0.3895825 -0.3894904
0.5782278  0.6015814   -0.389589 -0.3894497
0.5781747  0.6016104   -0.3895838 -0.3894889
0.5781785  0.6015632   -0.3896254 -0.3895144
0.5780151  0.6017087   -0.3895417 -0.3896161
0.5779506  0.6017504   -0.3895182 -0.3896707
0.5778621  0.6018009   -0.3895042 -0.3897379
0.5779444  0.6016945   -0.3895887 -0.3896959
0.5778969  0.6017591   -0.3895415 -0.3897137
0.5778289  0.6017835   -0.3895479 -0.3897703
0.5778562  0.6017943   -0.3895288 -0.3897322
0.5778489  0.6018329   -0.3894937 -0.3897187
0.5778924  0.6018609   -0.3894443 -0.3896603
0.5779435  0.6017488   -0.389539 -0.389663
0.5778957  0.6017364   -0.3895823 -0.3897097
0.5777835  0.6017937   -0.3895749 -0.389795
0.577773  0.6017162   -0.3896618 -0.3898433
0.5777076  0.6017965   -0.3895959 -0.3898821
0.5777611  0.6017362   -0.3896495 -0.3898422
0.5777043  0.6017526   -0.3896556 -0.389895
0.5776582  0.6018026   -0.3896193 -0.3899224
0.5777223  0.6018103   -0.3895887 -0.3898462
0.5777519  0.6017358   -0.389646 -0.3898599
0.5778025  0.6017389   -0.3896217 -0.3898046
0.5777948  0.6016916   -0.3896779 -0.3898329
0.5777053  0.6017357   -0.3896671 -0.3899082
0.5776951  0.6017644   -0.3896306 -0.3899156
0.577727  0.6017047   -0.3896974 -0.3898937
0.5776813  0.6017826   -0.3896209 -0.3899175
0.5776662  0.6018254   -0.3895886 -0.3899062
0.5775981  0.6018129   -0.3896359 -0.389979
0.5775723  0.6018137   -0.3896506 -0.3900013
0.5776609  0.6018223   -0.3895942 -0.3899133
0.5776719  0.6017943   -0.3896249 -0.3899093
0.5776156  0.6017995   -0.3896522 -0.3899575
0.5776827  0.6018194   -0.389602 -0.3898775
0.5776771  0.6019312   -0.3894795 -0.3898356
0.5776865  0.6018484   -0.3895687 -0.3898604
0.577716  0.6017987   -0.3896033 -0.3898589
0.5777939  0.6017445   -0.3896261 -0.3898043
0.5777224  0.6017704   -0.3896276 -0.3898689
0.5776628  0.6016991   -0.3897326 -0.3899621
0.5776155  0.6016762   -0.3897836 -0.3900167
0.5776035  0.6017023   -0.3897504 -0.3900273
0.5777243  0.6017895   -0.3896016 -0.3898624
0.5777329  0.6017548   -0.389632 -0.3898729
0.577743  0.6016759   -0.3897206 -0.3898911
0.5776535  0.6017291   -0.3896951 -0.3899673
0.5776929  0.6017442   -0.3896568 -0.3899238
0.5777109  0.6017351   -0.3896604 -0.3899074
0.5777307  0.6017506   -0.3896347 -0.3898799
0.5777431  0.6017646   -0.3896048 -0.3898698
0.5778125  0.6017225   -0.3896274 -0.3898096
0.5777412  0.6017591   -0.389617 -0.3898691
0.5777862  0.6017537   -0.3895994 -0.3898283
0.577717  0.6018326   -0.38955 -0.3898584
0.5777505  0.601828   -0.3895415 -0.3898242
0.5777128  0.6017924   -0.3895935 -0.389883
0.5776626  0.6018696   -0.3895331 -0.3898986
0.5777129  0.6018431   -0.3895366 -0.3898616
0.5778257  0.6018196   -0.3895103 -0.3897569
0.5778301  0.6017541   -0.3895818 -0.3897802
0.5777782  0.6017114   -0.3896562 -0.3898488
0.5778028  0.6016974   -0.3896709 -0.3898189
0.577812  0.601724   -0.3896516 -0.3897837
0.5778559  0.6016995   -0.3896514 -0.3897566
0.5778211  0.6017207   -0.3896428 -0.3897841
0.5778944  0.6016846   -0.3896571 -0.3897169
0.5778815  0.6017183   -0.3896253 -0.3897158
0.577921  0.6017533   -0.389578 -0.3896503
0.5779293  0.6016358   -0.3896977 -0.3896997
0.5779107  0.6016056   -0.3897442 -0.3897275
0.5779316  0.6014878   -0.3898674 -0.3897552
0.5778709  0.6014739   -0.3899088 -0.3898252
0.5779957  0.6013812   -0.3899681 -0.3897237
0.5780124  0.6013594   -0.3899811 -0.3897197
0.5780827  0.6014505   -0.3898495 -0.3896064
0.5780641  0.6014896   -0.3898048 -0.3896185
0.5779927  0.6015297   -0.3897857 -0.3896814
0.5780137  0.6016062   -0.3896964 -0.3896216
0.5780246  0.6016036   -0.3896903 -0.3896155
0.5781118  0.6014895   -0.3897812 -0.3895714
0.5781271  0.6014985   -0.3897603 -0.3895556
0.5781476  0.6016111   -0.3896254 -0.3894864
0.5780824  0.6017038   -0.3895542 -0.3895112
0.5780231  0.6016951   -0.3895947 -0.3895721
0.5779486  0.6016767   -0.3896384 -0.3896674
0.5778936  0.6016168   -0.3897197 -0.38976
0.5778664  0.6016659   -0.3896717 -0.3897725
0.5779219  0.6016273   -0.3896914 -0.3897299
0.5779337  0.6015715   -0.3897493 -0.3897409
0.5778558  0.6016958   -0.3896435 -0.3897704
0.5778402  0.6017283   -0.3896055 -0.3897813
0.5777989  0.6017312   -0.3896202 -0.3898233
0.5777215  0.6017162   -0.3896698 -0.3899117
0.5776684  0.601795   -0.389623 -0.3899155
0.5776554  0.6018588   -0.389566 -0.3898933
0.5775808  0.6018872   -0.3895657 -0.3899601
0.5776283  0.6018219   -0.3896183 -0.3899379
0.577658  0.6017732   -0.3896646 -0.3899229
0.5776506  0.6017129   -0.3897491 -0.3899426
0.5776821  0.6017344   -0.389725 -0.3898867
0.5777268  0.6017522   -0.3896818 -0.3898363
0.5776563  0.6018096   -0.3896482 -0.3898855
0.5776174  0.6018787   -0.3895831 -0.3899016
0.5775872  0.601853   -0.3896252 -0.3899439
0.5775463  0.6018029   -0.3897032 -0.3900039
0.5775791  0.6017489   -0.3897501 -0.3899918
0.5774847  0.6018751   -0.3896453 -0.3900418
0.5774835  0.6019631   -0.3895562 -0.3899965
0.5774986  0.6019567   -0.3895658 -0.3899746
0.5775271  0.6018797   -0.3896442 -0.3899728
0.5774907  0.6018471   -0.3896916 -0.3900298
0.5774946  0.6019359   -0.3895998 -0.3899786
0.5774761  0.6020271   -0.3895014 -0.3899634
0.5774052  0.6020945   -0.389457 -0.3900089
0.5773885  0.6021441   -0.3893952 -0.3900187
0.5773389  0.6021538   -0.389401 -0.3900712
0.5774518  0.6021786   -0.389325 -0.3899418
0.5774576  0.6022056   -0.3892923 -0.3899241
0.5773439  0.6023076   -0.3892223 -0.3900048
0.5773262  0.6022673   -0.3892748 -0.3900408
0.5773126  0.6022305   -0.3893264 -0.3900662
0.5773501  0.6022174   -0.3893345 -0.3900226
0.5774555  0.6021094   -0.3894288 -0.3899395
0.5775406  0.6020498   -0.389446 -0.3898883
0.5775376  0.602028   -0.3894632 -0.3899093
0.5775105  0.6020613   -0.389442 -0.3899191
0.5774643  0.6021428   -0.3893656 -0.3899381
0.5775348  0.6021568   -0.3893201 -0.3898574
0.5774736  0.60219   -0.3893142 -0.3899027
0.5774724  0.6021511   -0.3893582 -0.3899206
0.5773978  0.602182   -0.3893557 -0.3899857
0.5773836  0.6021531   -0.3893941 -0.3900132
0.5774311  0.6020866   -0.3894439 -0.3899955
0.5774574  0.6021553   -0.3893655 -0.3899289
0.5773743  0.602177   -0.3893764 -0.3900077
0.5773596  0.6021832   -0.3893806 -0.3900156
0.5774172  0.6022061   -0.3893304 -0.389945
0.5773945  0.6023235   -0.3892132 -0.3899144
0.5773605  0.6023195   -0.3892277 -0.3899564
0.5773541  0.60233   -0.3892238 -0.3899536
0.5773149  0.6023207   -0.3892423 -0.3900076
0.5773264  0.6022771   -0.3892952 -0.390005
0.5773708  0.6023145   -0.3892299 -0.3899468
0.5774625  0.6022668   -0.3892312 -0.3898833
0.577345  0.6022223   -0.3893358 -0.3900218
0.5773286  0.6021746   -0.3893957 -0.3900596
0.5773752  0.6022711   -0.3892635 -0.3899737
0.5772952  0.6022741   -0.3892898 -0.3900611
0.5772986  0.6022539   -0.3893118 -0.3900654
0.5772243  0.6023258   -0.389263 -0.3901131
0.5772668  0.6023242   -0.3892511 -0.3900644
0.5773003  0.6023062   -0.3892618 -0.3900321
0.5773661  0.6022372   -0.3893114 -0.3899917
0.5774199  0.602149   -0.3893881 -0.3899718
0.5774753  0.6020759   -0.3894508 -0.3899398
0.5774044  0.6021674   -0.3893786 -0.3899755
0.5774696  0.6021354   -0.3893866 -0.3899204
0.5775591  0.6021605   -0.389321 -0.3898149
0.5775821  0.602152   -0.389325 -0.3897898
0.5775884  0.6020562   -0.3894298 -0.3898236
0.5776105  0.6020213   -0.3894593 -0.3898154
0.5776381  0.6019962   -0.3894757 -0.3897969
0.5776398  0.6020382   -0.3894239 -0.3897811
0.5776559  0.6020175   -0.3894541 -0.3897593
0.5776905  0.602027   -0.3894203 -0.3897269
0.5777001  0.6018962   -0.3895585 -0.3897767
0.5776384  0.6019429   -0.3895331 -0.3898213
0.5776228  0.6019451   -0.3895373 -0.3898368
0.5776641  0.601961   -0.389493 -0.3897954
0.5777601  0.6018851   -0.3895238 -0.3897395
0.5777472  0.6019277   -0.3894731 -0.3897438
0.5776825  0.6019481   -0.3894691 -0.3898121
0.577723  0.6020209   -0.3893705 -0.389738
0.5777037  0.6020156   -0.3893806 -0.3897648
0.5776321  0.602046   -0.3893826 -0.389822
0.5776364  0.6020513   -0.3893794 -0.3898104
0.5776564  0.6020132   -0.3894044 -0.3898147
0.577665  0.6019651   -0.3894638 -0.3898169
0.5775722  0.601936   -0.3895408 -0.3899225
0.5776405  0.6019771   -0.3894659 -0.3898327
0.5776772  0.6019254   -0.3895084 -0.3898155
0.5777647  0.601819   -0.3895948 -0.3897638
0.5776595  0.6019374   -0.3895027 -0.389829
0.5775785  0.6019627   -0.3895137 -0.3898988
0.5775326  0.6019177   -0.389584 -0.3899661
0.5775187  0.6019695   -0.3895369 -0.3899539
0.5775672  0.6020259   -0.3894439 -0.3898878
0.5775  0.6020346   -0.3894584 -0.3899596
0.5774955  0.6020063   -0.3894874 -0.3899809
0.577558  0.6019029   -0.3895721 -0.3899632
0.5776539  0.6018371   -0.3896047 -0.38989
0.5776236  0.6018889   -0.3895729 -0.3898867
0.5775881  0.6019862   -0.3894841 -0.389878
0.5776016  0.6019338   -0.3895459 -0.3898772
0.5776442  0.6018541   -0.3896259 -0.3898571
0.5775871  0.6018328   -0.3896829 -0.3899177
0.5776541  0.6019002   -0.3895698 -0.3898275
0.5777093  0.6019261   -0.3895173 -0.3897581
0.5776937  0.6019001   -0.3895668 -0.3897718
0.5777454  0.60195   -0.3894848 -0.3897001
0.5778172  0.6019239   -0.3894883 -0.3896305
0.5778146  0.6018689   -0.3895557 -0.3896519
0.5778285  0.6019388   -0.3894676 -0.3896114
0.5778347  0.6018576   -0.3895518 -0.3896434
0.5778177  0.6019195   -0.3894989 -0.3896258
0.5777858  0.6018927   -0.3895338 -0.3896796
0.5777535  0.6018679   -0.3895662 -0.3897334
0.5778295  0.6018576   -0.3895548 -0.3896482
0.5778537  0.6018331   -0.389563 -0.389642
0.5777562  0.6018416   -0.3896004 -0.389736
0.5778273  0.6017741   -0.3896497 -0.3896856
0.5777422  0.6017693   -0.3896911 -0.3897775
0.5778148  0.601771   -0.3896539 -0.3897046
0.5778529  0.6017954   -0.3896106 -0.3896537
0.5778802  0.6017885   -0.3896073 -0.3896272
0.5778137  0.6018376   -0.3895719 -0.3896855
0.577776  0.6018931   -0.3895304 -0.3896971
0.5777044  0.6019135   -0.3895296 -0.3897725
0.577737  0.6018646   -0.3895656 -0.3897637
0.5777726  0.6018547   -0.3895623 -0.3897296
0.5777228  0.6019162   -0.389515 -0.3897555
0.5777863  0.6018841   -0.3895238 -0.3897023
0.5778875  0.6018817   -0.3894974 -0.3895823
0.577837  0.6018872   -0.3895082 -0.3896379
0.5777928  0.6018966   -0.3895211 -0.3896758
0.5777349  0.6019258   -0.3895136 -0.3897241
0.5777598  0.601871   -0.3895644 -0.3897213
0.5777678  0.6020159   -0.3894038 -0.3896459
0.5777626  0.6019449   -0.3894899 -0.3896775
0.5777661  0.6018879   -0.3895523 -0.389698
0.5776379  0.601871   -0.3896307 -0.3898357
0.5776408  0.601978   -0.3895141 -0.3897825
0.577614  0.6019757   -0.3895283 -0.3898117
0.5775129  0.6019914   -0.3895544 -0.3899114
0.5774648  0.6020574   -0.3895057 -0.3899293
0.5774852  0.6020656   -0.3894841 -0.3899079
0.5775934  0.6020696   -0.3894334 -0.3897921
0.5776386  0.6019628   -0.3895297 -0.3897938
0.5776138  0.6019231   -0.3895936 -0.3898278
0.5776412  0.6019424   -0.3895518 -0.3897993
0.5774687  0.6019793   -0.3895836 -0.3899661
0.5773974  0.602026   -0.3895623 -0.3900208
0.5774496  0.6020249   -0.3895368 -0.3899709
0.5775359  0.6019331   -0.3896028 -0.3899188
0.577571  0.6018478   -0.3896834 -0.3899179
0.5776161  0.6018227   -0.3896933 -0.38988
0.5775405  0.6018903   -0.3896593 -0.3899214
0.5775605  0.6019404   -0.3895992 -0.3898745
0.5774854  0.6019878   -0.3895739 -0.3899379
0.5775753  0.6018798   -0.3896564 -0.3898891
0.577494  0.6019132   -0.389649 -0.3899654
0.5775166  0.6019187   -0.389629 -0.3899435
