-1.402439  0.06097561   0.3048781
-1.646341  0.06097561   0.2439024
-1.463415  0   0.6097561
-1.707317  0.06097561   0.4878049
-1.52439  0.06097561   0.3658537
-1.402439  -0.06097561   0.4878049
-1.585366  -0.1219512   0.5487805
-1.707317  -0.1219512   0.4268293
-1.52439  0   0.5487805
-1.585366  0.06097561   0.3048781
-1.585366  0.06097561   0.5487805
-1.585366  0.06097561   0.3658537
-1.646341  0.1219512   0.4268293
-1.585366  0.06097561   0.7926829
-1.585366  0.1219512   0.5487805
-1.707317  0.06097561   0.4878049
-1.463415  0   0.6097561
-1.52439  0.1829268   0.5487805
-1.52439  0.1829268   0.6097561
-1.585366  0.1219512   0.4268293
-1.646341  0   0.6707317
-1.463415  0.06097561   0.4268293
-1.52439  0   0.4268293
-1.585366  0.1219512   0.4268293
-1.463415  0.1219512   0.4268293
-1.52439  -0.06097561   0.4878049
-1.463415  0.06097561   0.4878049
-1.585366  -0.1829268   0.4878049
-1.646341  0   0.4878049
-1.463415  0.06097561   0.5487805
-1.585366  -0.06097561   0.5487805
-1.646341  0.06097561   0.6097561
-1.402439  0.1829268   0.4268293
-1.52439  -0.1219512   0.4878049
-1.707317  0.06097561   0.3658537
-1.707317  -0.06097561   0.3048781
-1.463415  -0.06097561   0.6097561
-1.52439  0.1219512   0.3658537
-1.402439  0.06097561   0.4268293
-1.52439  0   0.4268293
-1.52439  -0.1829268   0.5487805
-1.585366  0   0.4878049
-1.52439  0   0.5487805
-1.707317  -0.06097561   0.6097561
-1.463415  -0.1829268   0.4878049
-1.463415  0   0.5487805
-1.463415  0   0.4878049
-1.646341  0.1829268   0.4878049
-1.402439  0.06097561   0.3048781
-1.707317  0   0.3048781
-1.585366  0.06097561   0.5487805
-1.646341  0.06097561   0.4878049
-1.646341  0   0.6097561
-1.585366  0.06097561   0.5487805
-1.52439  -0.06097561   0.5487805
-1.707317  0.06097561   0.3658537
-1.585366  0.1219512   0.4878049
-1.707317  0.1219512   0.4878049
-1.646341  0   0.3658537
-1.585366  0.06097561   0.5487805
-1.646341  0.06097561   0.4878049
-1.463415  0   0.4878049
-1.52439  0.1219512   0.3658537
-1.402439  -0.06097561   0.5487805
-1.463415  0   0.4268293
-1.463415  0.06097561   0.5487805
-1.52439  0.1829268   0.3658537
-1.585366  0.1829268   0.4878049
-1.52439  0   0.4268293
-1.707317  -0.06097561   0.4878049
-1.341463  0   0.4268293
-1.52439  -0.06097561   0.3658537
-1.646341  0.06097561   0.6097561
-1.646341  0   0.4878049
-1.52439  0.06097561   0.3658537
-1.52439  -0.06097561   0.4268293
-1.585366  0.06097561   0.4268293
-1.707317  0   0.4268293
-1.463415  0.06097561   0.4268293
-1.646341  0.1829268   0.2439024
-1.585366  0.06097561   0.4878049
-1.646341  -0.06097561   0.4268293
-1.585366  0.1219512   0.4878049
-1.402439  0.1829268   0.3658537
-1.707317  0.06097561   0.4878049
-1.585366  0.06097561   0.4268293
-1.52439  -0.06097561   0.6097561
-1.463415  -0.06097561   0.4878049
-1.463415  -0.1829268   0.3658537
-1.707317  0   0.4878049
-1.768293  0.06097561   0.3658537
-1.463415  0.06097561   0.4878049
-1.585366  -0.1219512   0.5487805
-1.52439  0.2439024   0.4268293
-1.52439  0.06097561   0.4878049
-1.52439  0.06097561   0.3658537
-1.52439  0   0.4268293
-1.768293  0.06097561   0.6097561
-1.52439  -0.06097561   0.4878049
-1.768293  -0.06097561   0.5487805
-1.585366  0.06097561   0.3658537
-1.52439  -0.06097561   0.4268293
-1.707317  -0.1219512   0.3048781
-1.585366  0   0.4878049
-1.52439  -0.06097561   0.4878049
-1.646341  0.1219512   0.4268293
-1.341463  0.1829268   0.4878049
-1.646341  0   0.5487805
-1.463415  0   0.6097561
-1.585366  0.1219512   0.4878049
-1.52439  0   0.5487805
-1.585366  -0.1219512   0.4878049
-1.52439  0.06097561   0.3658537
-1.707317  0.1829268   0.4268293
-1.585366  0.1219512   0.4878049
-1.585366  -0.1219512   0.5487805
-1.707317  0.06097561   0.4878049
-1.707317  -0.06097561   0.3658537
-1.52439  0.1219512   0.3048781
-1.585366  0   0.5487805
-1.402439  0   0.4268293
-1.52439  -0.1219512   0.7317073
-1.707317  0.1219512   0.6097561
-1.463415  0.1219512   0.4268293
-1.585366  0.2439024   0.5487805
-1.585366  -0.1829268   0.4268293
-1.646341  0   0.4268293
-1.463415  0   0.4878049
-1.52439  -0.06097561   0.4268293
-1.707317  -0.06097561   0.4878049
-1.585366  0.06097561   0.6097561
-1.585366  0.1219512   0.3048781
-1.52439  0   0.4268293
-1.463415  0.1219512   0.4268293
-1.646341  0.1219512   0.4268293
-1.768293  0.1219512   0.5487805
-1.52439  0   0.5487805
-1.463415  -0.1219512   0.4268293
-1.52439  0   0.4268293
-1.463415  -0.1219512   0.6097561
-1.585366  0   0.3048781
-1.463415  0   0.4878049
-1.402439  -0.1219512   0.3658537
-1.52439  0.06097561   0.3658537
-1.585366  0.06097561   0.6097561
-1.463415  -0.06097561   0.3658537
-1.768293  0.06097561   0.6097561
-1.707317  0   0.4268293
-1.768293  0.06097561   0.4268293
-1.52439  0.06097561   0.6097561
-1.52439  0.06097561   0.4878049
-1.463415  -0.06097561   0.3048781
-1.585366  0   0.5487805
-1.52439  -0.06097561   0.5487805
-1.585366  -0.1219512   0.4268293
-1.52439  0.06097561   0.5487805
-1.585366  0.1829268   0.4878049
-1.585366  0   0.4878049
-1.768293  0   0.5487805
-1.585366  -0.06097561   0.6097561
-1.52439  0.06097561   0.4268293
-1.646341  -0.06097561   0.4878049
-1.463415  0   0.4878049
-1.402439  -0.06097561   0.4878049
-1.707317  -0.06097561   0.4878049
-1.646341  0   0.4878049
-1.402439  -0.06097561   0.4268293
-1.402439  0.1219512   0.4878049
-1.585366  -0.06097561   0.3048781
-1.707317  -0.06097561   0.4878049
-1.646341  0   0.4268293
-1.463415  0.1829268   0.4268293
-1.52439  0   0.6097561
-1.402439  -0.1829268   0.4878049
-1.463415  0.06097561   0.3048781
-1.707317  -0.1219512   0.5487805
-1.646341  0   0.4268293
-1.707317  0.1829268   0.5487805
-1.768293  0.06097561   0.4268293
-1.707317  -0.06097561   0.4878049
-1.585366  0.1219512   0.4878049
-1.463415  0   0.4878049
-1.585366  0.1219512   0.4268293
-1.768293  -0.06097561   0.4878049
-1.52439  -0.06097561   0.6097561
-1.52439  0.06097561   0.4878049
-1.707317  0.06097561   0.5487805
-1.646341  0.1829268   0.4268293
-1.585366  0.1219512   0.5487805
-1.402439  0.1219512   0.4268293
-1.402439  0.1219512   0.4878049
-1.646341  0   0.1829268
-1.646341  -0.06097561   0.4878049
-1.646341  0.1829268   0.3048781
-1.341463  -0.1219512   0.5487805
-1.585366  -0.1829268   0.3658537
-1.585366  0   0.4268293
-1.52439  0   0.4268293
-1.52439  0.06097561   0.3658537
-1.52439  0.06097561   0.4878049
-1.402439  0   0.4878049
-0.1935991  -0.02256098   -0.1676832
0.05030334  -0.1445122   0.07621923
-0.07164788  -0.08353659   -0.04573199
0.05030334  -0.02256098   0.01524362
0.05030334  -0.08353659   -0.1067076
-0.1935991  -0.08353659   -0.04573199
0.05030334  0.03841463   -0.1067076
-0.1326236  0.03841463   0.07621923
0.1722546  -0.1445122   0.01524362
-0.07164788  0.03841463   0.07621923
0.05030334  -0.2664634   -0.04573199
-0.1326236  -0.08353659   0.07621923
-0.01067233  -0.08353659   0.01524362
-0.07164788  -0.1445122   -0.04573199
-0.1326236  -0.1445122   -0.04573199
0.05030334  0.09939025   -0.1676832
0.05030334  0.09939025   0.1371948
0.1722546  0.03841463   0.01524362
-0.01067233  0.03841463   0.01524362
0.05030334  -0.08353659   -0.1067076
-0.01067233  0.09939025   -0.1067076
0.1112789  -0.08353659   0.07621923
-0.01067233  0.03841463   -0.1067076
-0.07164788  -0.08353659   -0.04573199
-0.1326236  0.03841463   0.07621923
-0.01067233  -0.02256098   0.01524362
0.05030334  -0.08353659   0.07621923
-0.01067233  -0.08353659   0.1371948
0.05030334  0.03841463   -0.04573199
0.1722546  -0.2054878   0.07621923
-0.1935991  0.03841463   -0.04573199
0.05030334  -0.08353659   0.07621923
0.1722546  -0.08353659   -0.04573199
-0.07164788  0.1603658   0.1371948
-0.01067233  -0.02256098   0.01524362
-0.07164788  -0.02256098   -0.04573199
-0.07164788  0.03841463   -0.04573199
0.05030334  0.03841463   0.01524362
0.2332301  -0.1445122   0.07621923
-0.1935991  0.03841463   -0.1067076
-0.07164788  0.03841463   0.01524362
0.05030334  0.03841463   0.01524362
0.05030334  -0.02256098   0.07621923
-0.01067233  0.03841463   0.01524362
0.1722546  0.09939025   0.01524362
-0.07164788  -0.02256098   -0.1676832
-0.07164788  -0.02256098   -0.1067076
-0.07164788  -0.08353659   -0.1067076
-0.01067233  0.1603658   0.07621923
-0.1326236  0.09939025   0.07621923
-0.01067233  -0.2664634   -0.04573199
-0.01067233  -0.1445122   0.01524362
0.05030334  0.03841463   -0.1067076
-0.07164788  -0.02256098   0.1371948
-0.01067233  -0.1445122   -0.04573199
0.1112789  0.03841463   0.01524362
-0.01067233  -0.08353659   -0.04573199
-0.01067233  -0.2054878   -0.04573199
-0.01067233  0.03841463   0.01524362
0.05030334  0.03841463   -0.04573199
-0.1935991  0.03841463   -0.1067076
0.05030334  -0.02256098   0.1371948
-0.07164788  0.09939025   0.01524362
-0.01067233  0.1603658   -0.04573199
0.05030334  0.03841463   0.01524362
0.05030334  0.03841463   -0.04573199
-0.1326236  -0.02256098   0.07621923
-0.01067233  -0.08353659   -0.04573199
-0.01067233  -0.08353659   0.01524362
-0.01067233  -0.2054878   0.01524362
-0.1935991  0.03841463   -0.04573199
-0.07164788  0.03841463   0.01524362
0.2332301  -0.1445122   0.01524362
0.1112789  -0.1445122   -0.04573199
-0.01067233  0.03841463   0.01524362
-0.01067233  0.09939025   0.01524362
-0.01067233  0.09939025   0.01524362
-0.07164788  0.03841463   0.01524362
0.1722546  -0.02256098   -0.1676832
0.05030334  -0.1445122   0.07621923
-0.01067233  -0.1445122   0.07621923
0.1112789  -0.08353659   0.07621923
-0.07164788  0.03841463   0.1981705
-0.07164788  -0.1445122   0.01524362
-0.01067233  0.03841463   0.07621923
-0.07164788  -0.1445122   0.07621923
-0.01067233  -0.1445122   0.01524362
-0.07164788  0.09939025   -0.1067076
0.05030334  0.09939025   0.01524362
0.05030334  0.1603658   -0.04573199
-0.1326236  0.2213415   0.01524362
-0.01067233  -0.08353659   -0.1067076
-0.1326236  0.09939025   0.07621923
-0.01067233  -0.08353659   -0.04573199
-0.07164788  -0.02256098   0.07621923
0.1112789  -0.08353659   -0.04573199
0.05030334  -0.02256098   -0.2896344
-0.1326236  -0.02256098   -0.1067076
0.05030334  0.1603658   0.1371948
-0.07164788  0.03841463   -0.04573199
-0.2545748  -0.08353659   -0.1067076
-0.01067233  0.09939025   -0.1067076
0.05030334  -0.02256098   0.07621923
-0.01067233  -0.1445122   0.07621923
-0.1326236  -0.1445122   -0.04573199
0.1112789  0.03841463   -0.1067076
-0.07164788  0.03841463   -0.04573199
-0.01067233  0.09939025   0.07621923
-0.01067233  0.09939025   -0.04573199
-0.1326236  0.03841463   0.07621923
0.05030334  0.09939025   0.01524362
0.05030334  -0.08353659   0.07621923
-0.2545748  0.03841463   -0.04573199
-0.01067233  -0.08353659   0.01524362
0.05030334  -0.02256098   0.01524362
-0.1326236  -0.1445122   0.07621923
-0.1326236  -0.1445122   -0.04573199
-0.07164788  -0.08353659   0.1981705
0.1112789  -0.08353659   0.07621923
-0.07164788  -0.08353659   0.01524362
-0.01067233  0.03841463   0.07621923
-0.07164788  -0.02256098   -0.1676832
-0.1935991  0.03841463   -0.1067076
-0.07164788  0.1603658   0.01524362
-0.1326236  0.09939025   -0.04573199
-0.07164788  0.03841463   -0.04573199
0.1112789  0.09939025   0.01524362
0.05030334  -0.1445122   -0.04573199
-0.1326236  -0.08353659   -0.04573199
-0.07164788  0.03841463   0.01524362
0.05030334  -0.2054878   0.07621923
-0.1935991  0.03841463   -0.04573199
-0.07164788  -0.1445122   0.01524362
-0.07164788  -0.02256098   -0.04573199
0.05030334  -0.08353659   0.01524362
-0.1935991  0.03841463   0.01524362
-0.07164788  -0.1445122   0.01524362
-0.01067233  0.03841463   0.1371948
0.05030334  -0.02256098   -0.1067076
-0.01067233  -0.08353659   0.07621923
-0.01067233  0.03841463   0.1371948
0.05030334  -0.2664634   -0.04573199
0.1112789  -0.2054878   -0.04573199
-0.01067233  0.03841463   -0.04573199
0.1112789  -0.02256098   0.01524362
-0.01067233  0.03841463   0.01524362
-0.1326236  -0.08353659   0.01524362
0.05030334  -0.08353659   -0.04573199
-0.1935991  -0.2054878   -0.04573199
-0.1326236  -0.08353659   0.01524362
-0.376526  0.09939025   -0.04573199
-0.01067233  -0.02256098   -0.04573199
0.05030334  -0.1445122   -0.1067076
-0.01067233  0.09939025   -0.1676832
-0.07164788  -0.2054878   -0.1676832
0.05030334  0.03841463   -0.04573199
-0.07164788  -0.02256098   -0.04573199
-0.1326236  0.03841463   0.07621923
-0.07164788  0.03841463   0.07621923
-0.1326236  0.03841463   0.07621923
0.05030334  0.09939025   0.1371948
0.1112789  0.03841463   0.01524362
-0.1326236  -0.2054878   -0.1676832
0.05030334  0.03841463   0.01524362
0.1112789  0.03841463   0.1371948
-0.01067233  -0.08353659   -0.04573199
0.05030334  -0.08353659   0.01524362
-0.01067233  -0.1445122   0.01524362
0.1112789  -0.02256098   0.01524362
-0.1326236  -0.02256098   0.01524362
0.05030334  -0.02256098   0.07621923
-0.1935991  0.1603658   0.01524362
-0.07164788  -0.08353659   -0.1067076
-0.07164788  0.03841463   -0.1067076
-0.07164788  -0.02256098   0.01524362
0.1112789  -0.1445122   0.01524362
-0.1935991  -0.02256098   -0.1067076
-0.01067233  -0.2054878   0.01524362
0.05030334  -0.02256098   0.07621923
-0.1326236  0.1603658   -0.1067076
0.1112789  0.1603658   -0.1067076
0.05030334  -0.02256098   -0.04573199
-0.1935991  0.1603658   -0.04573199
-0.1935991  -0.02256098   0.01524362
0.05030334  -0.02256098   0.07621923
0.1112789  0.03841463   -0.1676832
-0.1326236  0.09939025   -0.1676832
0.05030334  -0.02256098   0.01524362
-0.07164788  -0.08353659   0.07621923
-0.1326236  0.03841463   0.07621923
-0.1326236  -0.08353659   -0.04573199
-0.01067233  -0.1445122   -0.04573199
0.05030334  -0.02256098   0.07621923
-0.07164788  0.1603658   -0.1067076
-0.1326236  0.03841463   -0.04573199
-0.1326236  -0.02256098   -0.1676832
-0.1326236  0.1603658   0.07621923
-0.01067233  0.1603658   0.1371948
-0.07164788  0.03841463   0.01524362
-0.01067233  -0.08353659   0.07621923
-0.07164788  0.03841463   0.07621923
-0.07164788  -0.02256098   0.01524362
-0.01067233  0.09939025   -0.04573199
-0.1326236  -0.08353659   -0.04573199
-0.07164788  -0.02256098   0.1981705
-0.01067233  0.09939025   -0.1067076
-0.1326236  -0.08353659   -0.04573199
-0.07164788  -0.02256098   -0.04573199
0.05030334  -0.02256098   0.01524362
-0.07164788  -0.02256098   -0.04573199
-0.07164788  -0.08353659   -0.1067076
-0.01067233  -0.08353659   0.07621923
-0.1326236  -0.02256098   -0.1067076
-0.07164788  0.03841463   0.1371948
-0.01067233  -0.2054878   -0.1676832
-0.07164788  -0.08353659   0.07621923
-0.07164788  -0.1445122   0.01524362
-0.2545748  -0.02256098   -0.1067076
0.05030334  -0.2054878   0.01524362
-0.07164788  -0.02256098   -0.1067076
-0.1326236  -0.08353659   0.07621923
-0.01067233  -0.1445122   -0.04573199
-0.07164788  -0.02256098   0.01524362
-0.1935991  0.09939025   -0.1067076
-0.07164788  -0.08353659   -0.1067076
-0.07164788  -0.1445122   0.01524362
-0.01067233  -0.02256098   0.01524362
-0.1326236  -0.1445122   -0.1676832
-0.07164788  0.09939025   -0.1067076
-0.1935991  -0.08353659   -0.04573199
-0.1326236  -0.08353659   -0.2286588
0.05030334  0.09939025   0.07621923
-0.1326236  0.03841463   0.07621923
-0.01067233  0.03841463   -0.1067076
-0.1935991  -0.02256098   0.01524362
-0.1326236  -0.08353659   0.1981705
-0.07164788  0.03841463   0.07621923
0.05030334  -0.08353659   0.07621923
-0.07164788  -0.1445122   0.01524362
-0.1935991  -0.08353659   0.01524362
-0.07164788  -0.08353659   -0.04573199
-0.07164788  0.03841463   -0.04573199
0.05030334  -0.1445122   0.07621923
-0.07164788  -0.08353659   0.07621923
-0.01067233  -0.02256098   -0.04573199
-0.01067233  -0.1445122   0.07621923
0.05030334  -0.1445122   0.01524362
-0.1326236  0.03841463   0.01524362
-0.1326236  -0.1445122   0.01524362
-0.07164788  -0.02256098   0.1371948
0.1112789  -0.02256098   0.01524362
0.05030334  0.09939025   -0.04573199
-0.1326236  0.1603658   -0.04573199
-0.01067233  -0.08353659   -0.04573199
-0.07164788  -0.2054878   0.07621923
-0.07164788  -0.02256098   -0.04573199
-0.01067233  0.03841463   -0.1676832
0.05030334  -0.08353659   0.01524362
-0.1326236  -0.02256098   0.07621923
0.05030334  0.09939025   0.1371948
0.05030334  0.2213415   0.1981705
0.05030334  -0.08353659   -0.1067076
-0.07164788  -0.08353659   -0.04573199
0.05030334  -0.2054878   -0.1067076
-0.07164788  -0.02256098   -0.04573199
-0.07164788  0.1603658   0.07621923
0.05030334  -0.02256098   -0.2286588
-0.07164788  -0.02256098   0.01524362
0.05030334  -0.1445122   0.07621923
-0.1326236  -0.1445122   -0.04573199
-0.07164788  -0.2054878   0.07621923
-0.07164788  -0.08353659   -0.04573199
-0.07164788  0.09939025   -0.1676832
0.1722546  -0.02256098   0.01524362
-0.01067233  0.03841463   -0.04573199
0.05030334  0.03841463   0.1981705
0.05030334  -0.02256098   0.01524362
-0.1326236  -0.1445122   0.07621923
-0.1326236  0.1603658   0.01524362
-0.1935991  0.03841463   -0.04573199
0.1112789  -0.02256098   -0.04573199
-0.07164788  0.03841463   -0.1067076
0.05030334  -0.08353659   -0.04573199
-0.01067233  -0.02256098   -0.1067076
-0.1326236  -0.02256098   -0.04573199
-0.01067233  -0.1445122   0.1371948
0.05030334  0.1603658   -0.2286588
-0.01067233  -0.08353659   -0.04573199
-0.01067233  -0.2664634   0.07621923
0.05030334  0.03841463   0.07621923
0.05030334  -0.1445122   -0.04573199
-0.01067233  -0.02256098   -0.04573199
0.05030334  0.09939025   -0.04573199
-0.1935991  -0.08353659   -0.1676832
-0.01067233  -0.02256098   -0.1676832
-0.07164788  0.09939025   0.01524362
0.1722546  0.03841463   0.07621923
0.05030334  -0.1445122   0.07621923
0.1112789  -0.1445122   0.1371948
-0.07164788  -0.08353659   -0.04573199
0.05030334  0.09939025   -0.04573199
-0.1935991  0.03841463   -0.04573199
-0.1935991  0.03841463   -0.1067076
0.05030334  -0.08353659   0.01524362
0.05030334  -0.08353659   -0.1067076
-0.01067233  -0.02256098   -0.1067076
-0.2545748  -0.02256098   0.1371948
0.1112789  0.09939025   0.01524362
-0.01067233  -0.02256098   0.01524362
-0.1326236  -0.1445122   -0.04573199
-0.07164788  -0.08353659   0.1371948
-0.1326236  0.03841463   0.01524362
-0.01067233  -0.1445122   -0.04573199
-0.07164788  -0.02256098   -0.04573199
-0.1935991  -0.1445122   0.1371948
-0.07164788  0.03841463   -0.1676832
-0.01067233  0.03841463   0.01524362
-0.01067233  0.03841463   0.01524362
-0.07164788  -0.08353659   -0.04573199
-0.1935991  0.09939025   0.07621923
-0.1326236  0.03841463   -0.04573199
0.1112789  0.09939025   0.07621923
-0.01067233  -0.08353659   0.07621923
-0.1935991  0.09939025   -0.1067076
-0.01067233  -0.08353659   -0.2286588
-0.1935991  -0.2054878   0.1371948
-0.01067233  -0.08353659   0.01524362
0.1112789  -0.1445122   0.07621923
-0.1935991  0.09939025   -0.04573199
-0.07164788  0.09939025   -0.1067076
-0.07164788  -0.08353659   -0.04573199
-0.01067233  0.03841463   -0.04573199
0.05030334  -0.02256098   -0.04573199
-0.07164788  -0.08353659   0.01524362
0.1112789  -0.1445122   0.01524362
-0.07164788  -0.02256098   0.01524362
-0.07164788  -0.1445122   0.07621923
-0.2545748  0.03841463   -0.04573199
-0.1326236  -0.2054878   0.01524362
-0.1326236  0.03841463   -0.1067076
-0.07164788  -0.02256098   -0.1676832
-0.07164788  -0.1445122   0.1371948
-0.07164788  -0.1445122   -0.1067076
0.05030334  -0.02256098   0.1371948
-0.1935991  -0.08353659   -0.1067076
-0.01067233  -0.08353659   -0.1067076
-0.1326236  -0.08353659   -0.04573199
-0.1935991  -0.02256098   -0.04573199
-0.01067233  0.03841463   0.07621923
-0.07164788  -0.08353659   0.01524362
-0.01067233  -0.1445122   0.01524362
-0.1326236  0.09939025   0.1981705
-0.1326236  -0.1445122   0.1371948
-0.1326236  -0.08353659   -0.04573199
-0.01067233  -0.1445122   0.1371948
0.05030334  -0.02256098   0.07621923
0.1112789  -0.08353659   0.01524362
0.05030334  -0.1445122   0.01524362
-0.1935991  -0.02256098   0.07621923
0.05030334  -0.02256098   -0.04573199
-0.2545748  -0.08353659   0.01524362
-0.07164788  0.09939025   -0.1067076
-0.1326236  0.1603658   0.01524362
0.05030334  -0.1445122   0.07621923
-0.2545748  0.03841463   0.07621923
-0.07164788  -0.08353659   -0.04573199
0.1112789  -0.02256098   0.07621923
-0.1326236  -0.08353659   -0.1067076
-0.01067233  0.03841463   0.01524362
-0.01067233  -0.08353659   0.07621923
-0.07164788  0.03841463   0.01524362
0.05030334  -0.02256098   -0.1676832
-0.07164788  -0.02256098   -0.1067076
0.1112789  -0.02256098   -0.04573199
-0.1326236  0.03841463   0.01524362
-0.01067233  -0.1445122   -0.1067076
0.05030334  0.09939025   0.07621923
-0.1935991  -0.02256098   -0.1676832
-0.07164788  -0.2664634   -0.04573199
-0.07164788  -0.1445122   0.07621923
-0.1326236  0.09939025   -0.1676832
-0.1326236  -0.1445122   0.01524362
-0.01067233  -0.08353659   -0.1067076
-0.01067233  -0.2664634   -0.04573199
-0.01067233  0.09939025   0.07621923
-0.01067233  -0.02256098   0.07621923
-0.01067233  0.03841463   0.07621923
0.05030334  -0.08353659   0.1371948
-0.2545748  -0.02256098   0.07621923
-0.1326236  -0.1445122   0.01524362
-0.07164788  -0.2054878   0.07621923
0.05030334  -0.08353659   -0.04573199
-0.07164788  -0.08353659   0.01524362
0.05030334  0.1603658   0.07621923
-0.1326236  0.03841463   -0.04573199
-0.2545748  -0.1445122   -0.04573199
-0.1935991  0.1603658   0.1371948
-0.2545748  -0.08353659   0.01524362
0.1112789  0.03841463   0.01524362
-0.01067233  -0.1445122   -0.04573199
-0.01067233  -0.2664634   0.01524362
-0.01067233  0.03841463   0.1981705
-0.07164788  -0.08353659   -0.1067076
0.05030334  -0.08353659   -0.1067076
-0.1326236  0.03841463   -0.04573199
-0.01067233  -0.02256098   0.01524362
-0.01067233  0.03841463   0.01524362
-0.01067233  -0.02256098   0.01524362
0.1112789  -0.1445122   -0.1067076
-0.07164788  0.09939025   0.07621923
-0.07164788  0.03841463   -0.1067076
-0.1935991  -0.08353659   -0.1067076
0.05030334  0.1603658   0.07621923
0.1112789  -0.1445122   0.01524362
-0.2545748  -0.08353659   -0.1067076
-0.01067233  -0.02256098   -0.04573199
0.05030334  -0.02256098   0.01524362
-0.1326236  0.03841463   0.07621923
0.1112789  -0.02256098   0.01524362
0.1112789  -0.08353659   -0.04573199
-0.01067233  0.03841463   -0.04573199
0.05030334  -0.1445122   -0.04573199
0.05030334  0.03841463   0.07621923
-0.07164788  -0.02256098   0.1371948
-0.1326236  -0.08353659   0.1371948
0.05030334  -0.1445122   0.01524362
-0.07164788  0.03841463   -0.04573199
-0.1326236  -0.1445122   -0.1067076
-0.01067233  0.03841463   -0.04573199
0.1112789  -0.02256098   0.01524362
-0.01067233  -0.02256098   0.01524362
-0.1935991  -0.02256098   0.01524362
-0.1935991  -0.02256098   -0.1067076
0.1112789  0.1603658   0.01524362
-0.07164788  0.09939025   0.01524362
-0.07164788  -0.02256098   0.07621923
-0.07164788  0.03841463   -0.04573199
0.05030334  0.03841463   0.01524362
-0.1935991  0.03841463   -0.04573199
-0.1326236  0.1603658   0.07621923
0.05030334  0.03841463   -0.1067076
0.05030334  -0.1445122   -0.1676832
-0.07164788  -0.1445122   -0.04573199
-0.1326236  -0.327439   -0.1067076
-0.1326236  -0.2054878   0.07621923
0.1112789  -0.1445122   0.01524362
-0.1326236  0.03841463   0.1371948
-0.01067233  0.2213415   -0.1067076
-0.01067233  -0.02256098   0.01524362
