0  0   0 0
0  0   0 0
0  0   0 0
0  0   0 0
0  0   0 0
0  0   0 0
0  0   0 0
0  0   0 0
0  0   0 0
0  0   0 0
0  0   0 0
0  0   0 0
0  0   0 0
0  0   0 0
0  0   0 0
0  0   0 0
0  0   0 0
0  0   0 0
0  0   0 0
0  0   0 0
0  0   0 0
0  0   0 0
0  0   0 0
0  0   0 0
0  0   0 0
0  0   0 0
0  0   0 0
0  0   0 0
0  0   0 0
0  0   0 0
0  0   0 0
0  0   0 0
0  0   0 0
0  0   0 0
0  0   0 0
0  0   0 0
0  0   0 0
0  0   0 0
0  0   0 0
0  0   0 0
0  0   0 0
0  0   0 0
0  0   0 0
0  0   0 0
0  0   0 0
0  0   0 0
0  0   0 0
0  0   0 0
0  0   0 0
0  0   0 0
0  0   0 0
0  0   0 0
0  0   0 0
0  0   0 0
0  0   0 0
0  0   0 0
0  0   0 0
0  0   0 0
0  0   0 0
0  0   0 0
0  0   0 0
0  0   0 0
0  0   0 0
0  0   0 0
0  0   0 0
0  0   0 0
0  0   0 0
0  0   0 0
0  0   0 0
0  0   0 0
0  0   0 0
0  0   0 0
0  0   0 0
0  0   0 0
0  0   0 0
0  0   0 0
0  0   0 0
0  0   0 0
0  0   0 0
0  0   0 0
0  0   0 0
0  0   0 0
0  0   0 0
0  0   0 0
0  0   0 0
0  0   0 0
0  0   0 0
0  0   0 0
0  0   0 0
0  0   0 0
0  0   0 0
0  0   0 0
0  0   0 0
0  0   0 0
0  0   0 0
0  0   0 0
0  0   0 0
0  0   0 0
0  0   0 0
0  0   0 0
0  0   0 0
0  0   0 0
0  0   0 0
0  0   0 0
0  0   0 0
0  0   0 0
0  0   0 0
0  0   0 0
0  0   0 0
0  0   0 0
0  0   0 0
0  0   0 0
0  0   0 0
0  0   0 0
0  0   0 0
0  0   0 0
0  0   0 0
0  0   0 0
0  0   0 0
0  0   0 0
0  0   0 0
0  0   0 0
0  0   0 0
0  0   0 0
0  0   0 0
0  0   0 0
0  0   0 0
0  0   0 0
0  0   0 0
0  0   0 0
0  0   0 0
0  0   0 0
0  0   0 0
0  0   0 0
0  0   0 0
0  0   0 0
0  0   0 0
0  0   0 0
0  0   0 0
0  0   0 0
0  0   0 0
0  0   0 0
0  0   0 0
0  0   0 0
0  0   0 0
0  0   0 0
0  0   0 0
0  0   0 0
0  0   0 0
0  0   0 0
0  0   0 0
0  0   0 0
0  0   0 0
0  0   0 0
0  0   0 0
0  0   0 0
0  0   0 0
0  0   0 0
0  0   0 0
0  0   0 0
0  0   0 0
0  0   0 0
0  0   0 0
0  0   0 0
0  0   0 0
0  0   0 0
0  0   0 0
0  0   0 0
0  0   0 0
0  0   0 0
0  0   0 0
0  0   0 0
0  0   0 0
0  0   0 0
0  0   0 0
0  0   0 0
0  0   0 0
0  0   0 0
0  0   0 0
0  0   0 0
0  0   0 0
0  0   0 0
0  0   0 0
0  0   0 0
0  0   0 0
0  0   0 0
0  0   0 0
0  0   0 0
0  0   0 0
0  0   0 0
0  0   0 0
0  0   0 0
0  0   0 0
0  0   0 0
0  0   0 0
0  0   0 0
0  0   0 0
0  0   0 0
0  0   0 0
0  0   0 0
0  0   0 0
0.706273  0.7073457   -0.01633605 -0.01648201
0.7051744  0.7073361   -0.0322629 -0.03258533
0.70375  0.7069675   -0.04788478 -0.04835251
0.7020648  0.706233   -0.06308908 -0.06370167
0.700041  0.7052709   -0.07783388 -0.07858431
0.697851  0.7039404   -0.09223522 -0.0930727
0.6952893  0.7025254   -0.1061151 -0.1070912
0.6926876  0.7007629   -0.1194975 -0.1205556
0.6898703  0.6988698   -0.1323742 -0.1335485
0.6869491  0.6967896   -0.144773 -0.1460274
0.6838546  0.6946065   -0.1567457 -0.1580936
0.6806273  0.6923666   -0.1681984 -0.1696536
0.6774338  0.6899357   -0.1792018 -0.1807121
0.6742164  0.6874016   -0.1897687 -0.1913037
0.6710322  0.6848475   -0.1997226 -0.2012675
0.6676936  0.6823246   -0.2093309 -0.2109427
0.6645079  0.6796467   -0.2185149 -0.2201341
0.6613467  0.6769781   -0.2272442 -0.2288655
0.6582341  0.6742406   -0.2356699 -0.2372453
0.6550763  0.6716933   -0.2435295 -0.2451418
0.6519735  0.6691682   -0.2510147 -0.2526542
0.6489674  0.6666427   -0.2581322 -0.2597973
0.6461173  0.6640671   -0.264955 -0.2665413
0.6431269  0.6617033   -0.271412 -0.2730753
0.640345  0.6592789   -0.2775705 -0.2792175
0.6375028  0.6569736   -0.2834612 -0.2851731
0.6349046  0.6546883   -0.2889571 -0.2906564
0.6323836  0.6524107   -0.2942498 -0.295916
0.6299056  0.6502323   -0.2992724 -0.3009169
0.6274983  0.6481853   -0.3039528 -0.3056345
0.6251769  0.6460845   -0.308562 -0.3101876
0.6229193  0.6441643   -0.3127936 -0.3144554
0.6206242  0.6423501   -0.3168525 -0.3186134
0.6185418  0.6405348   -0.3206835 -0.3224612
0.6164882  0.6387346   -0.3244247 -0.326201
0.6145296  0.6370339   -0.3279267 -0.3297021
0.612716  0.6353699   -0.3312375 -0.3329625
0.6110065  0.6337609   -0.3343645 -0.3360308
0.60931  0.6322475   -0.3373228 -0.3389926
0.6076508  0.6308104   -0.3401477 -0.341813
0.6061676  0.6293352   -0.3428694 -0.3444367
0.6046177  0.628099   -0.3453154 -0.3469647
0.6031954  0.6268827   -0.3476328 -0.349318
0.6018411  0.6256943   -0.3498605 -0.351553
0.6005056  0.6245055   -0.3520578 -0.3537503
0.5991901  0.6234198   -0.3541175 -0.3558341
0.5980101  0.6223811   -0.3560246 -0.3577293
0.5967966  0.6213878   -0.3578829 -0.3596233
0.5956965  0.6204755   -0.3595575 -0.3613478
0.5946701  0.6194253   -0.3613432 -0.3630549
0.5937539  0.6185613   -0.362849 -0.3645227
0.5926825  0.6178066   -0.3642966 -0.366099
0.5917781  0.6170117   -0.3657039 -0.3674968
0.5908546  0.616293   -0.3670081 -0.3688862
0.5900321  0.6155518   -0.3682925 -0.3701578
0.5892517  0.6148875   -0.3694563 -0.3713436
0.5885254  0.6143312   -0.3704675 -0.3724069
0.587781  0.6137095   -0.3715589 -0.3735186
0.5870917  0.6130297   -0.3726813 -0.3745992
0.5864359  0.6124644   -0.3736557 -0.3755793
0.5858366  0.6119011   -0.3746016 -0.3764894
0.5852315  0.6114011   -0.3754563 -0.3773903
0.5846915  0.6108086   -0.3763919 -0.3782536
0.5841889  0.6103241   -0.3771881 -0.3790184
0.5836849  0.6098024   -0.3780203 -0.3798047
0.5832625  0.6093214   -0.3787701 -0.3804779
0.5827976  0.608916   -0.3794428 -0.3811687
0.582383  0.608601   -0.3799963 -0.3817533
0.5820182  0.6082185   -0.3805981 -0.3823194
0.5815448  0.607958   -0.3811095 -0.382944
0.58117  0.6076258   -0.381661 -0.3834908
0.5808214  0.607284   -0.382206 -0.3840175
0.5804631  0.6070626   -0.3826176 -0.3844989
0.5800776  0.6068   -0.3830919 -0.3850226
0.5798283  0.6064737   -0.383572 -0.385434
0.579528  0.6062203   -0.3839917 -0.3858662
0.5791423  0.6060652   -0.3843374 -0.3863445
0.5788574  0.6058193   -0.3847404 -0.3867558
0.5785643  0.6055334   -0.3852054 -0.387179
0.5782996  0.6052865   -0.3855946 -0.3875726
0.5780439  0.6051559   -0.3858483 -0.3879056
0.5778148  0.6049433   -0.3861826 -0.3882455
0.5775625  0.6047821   -0.3864596 -0.3885965
0.5774228  0.6046374   -0.3866821 -0.388808
0.5772542  0.6045355   -0.3868644 -0.3890353
0.5770509  0.6044199   -0.3870766 -0.3893052
0.57687  0.6042627   -0.3873306 -0.3895648
0.5766791  0.6041684   -0.3875268 -0.3897985
0.5765745  0.6040701   -0.3876816 -0.3899517
0.5763897  0.6039127   -0.3879417 -0.3902099
0.5762658  0.603667   -0.3882702 -0.3904465
0.5760996  0.6035173   -0.3885173 -0.3906772
0.5759823  0.6034461   -0.3886413 -0.3908366
0.5758503  0.6034481   -0.3886985 -0.3909711
0.5757696  0.6033247   -0.3888658 -0.391114
0.5757137  0.603185   -0.3890501 -0.3912285
0.5755858  0.6030741   -0.3892506 -0.3913882
0.5754874  0.6030857   -0.3892867 -0.3914791
0.5753579  0.6029532   -0.3894804 -0.3916808
0.5753141  0.602791   -0.3896843 -0.391792
0.5752349  0.6027679   -0.3897507 -0.3918775
0.5752072  0.6026767   -0.3898728 -0.3919371
0.5751445  0.6025257   -0.390063 -0.3920718
0.5749945  0.6025373   -0.3901074 -0.3922302
0.5749212  0.6025395   -0.3901384 -0.3923032
0.5747837  0.6024933   -0.3902563 -0.3924584
0.5747441  0.602415   -0.390364 -0.3925295
0.5747005  0.6022618   -0.3905486 -0.392645
0.5746817  0.6021488   -0.3906866 -0.3927084
0.5746262  0.6021111   -0.3907459 -0.3927881
0.5744869  0.6020553   -0.3908658 -0.3929583
0.5745192  0.6020135   -0.3908937 -0.3929475
0.5745204  0.6019347   -0.3909841 -0.3929764
0.5744609  0.601941   -0.3910006 -0.3930374
0.574478  0.6019066   -0.3910309 -0.3930347
0.5743724  0.6019187   -0.3910552 -0.3931465
0.5743092  0.6019302   -0.3910716 -0.3932051
0.5742263  0.6019265   -0.3910951 -0.3933083
0.5741305  0.6018627   -0.391201 -0.3934403
0.5740888  0.6019014   -0.3911735 -0.3934694
0.5741315  0.601907   -0.3911439 -0.393428
0.5740247  0.6019502   -0.3911521 -0.3935097
0.5738869  0.6019426   -0.3912251 -0.3936496
0.5740312  0.6018521   -0.3912653 -0.3935373
0.5740263  0.6017427   -0.391393 -0.3935847
0.5740473  0.6016551   -0.3914858 -0.393596
0.5741046  0.6016644   -0.3914509 -0.3935329
0.5739698  0.6016577   -0.3915175 -0.3936732
0.5739467  0.6016324   -0.3915586 -0.3937051
0.573962  0.6016073   -0.391579 -0.3937008
0.5739705  0.601667   -0.3915029 -0.3936728
0.5739071  0.601641   -0.3915611 -0.3937471
0.5739403  0.6015751   -0.3916196 -0.3937411
0.5739322  0.601616   -0.3915803 -0.3937295
0.5738568  0.601642   -0.3915814 -0.3937986
0.5737755  0.6016338   -0.3916225 -0.3938887
0.5737684  0.6015911   -0.3916717 -0.3939153
0.5737476  0.6016037   -0.391656 -0.393942
0.5736236  0.6015686   -0.3917546 -0.3940781
0.5737262  0.6014855   -0.3917996 -0.394011
0.5738855  0.6013815   -0.39184 -0.3938975
0.5739046  0.6014522   -0.3917562 -0.3938451
0.5738376  0.6015157   -0.3917164 -0.3938853
0.5737485  0.601427   -0.391856 -0.3940117
0.5736471  0.6014896   -0.3918269 -0.3940926
0.573608  0.6015342   -0.3917919 -0.3941162
0.5735154  0.6015534   -0.391807 -0.3942067
0.5735493  0.6015825   -0.391764 -0.3941558
0.5736858  0.6015152   -0.3917855 -0.3940383
0.5736508  0.6015248   -0.3917876 -0.3940726
0.5736821  0.6015028   -0.3918016 -0.3940468
0.5737194  0.6015412   -0.3917466 -0.3939885
0.5736432  0.6015399   -0.3917874 -0.3940609
0.5736355  0.6015689   -0.3917706 -0.3940444
0.5736093  0.6015856   -0.3917748 -0.3940529
0.5735441  0.6015861   -0.3918048 -0.3941173
0.5735196  0.6015654   -0.3918411 -0.3941483
0.5736065  0.6014599   -0.3919174 -0.394107
0.5736827  0.6014244   -0.3919199 -0.3940479
0.5737444  0.6013221   -0.3920029 -0.3940317
0.5738277  0.6013173   -0.3919639 -0.3939564
0.5738561  0.6012464   -0.3920309 -0.3939568
0.5738438  0.6012982   -0.3919897 -0.3939364
0.5737805  0.6013184   -0.3919924 -0.3939953
0.5739641  0.6012598   -0.3919723 -0.3938372
0.5739354  0.6012629   -0.391984 -0.3938626
0.5739123  0.6011739   -0.392092 -0.3939245
0.5739223  0.6012521   -0.3919991 -0.3938832
0.5739599  0.6012565   -0.3919778 -0.3938427
0.5739254  0.601207   -0.3920459 -0.3939008
0.5739195  0.6012275   -0.3920199 -0.3939041
0.5739359  0.6011509   -0.3920973 -0.3939202
0.573824  0.6011454   -0.392157 -0.3940319
0.5737814  0.6011776   -0.3921464 -0.3940555
0.5737579  0.6011688   -0.3921645 -0.394085
0.5737416  0.6011663   -0.3921732 -0.3941041
0.5737222  0.6011713   -0.3921828 -0.394115
0.5737178  0.6012262   -0.3921219 -0.3940984
0.5737276  0.6011975   -0.3921443 -0.3941054
0.5736893  0.6012436   -0.3921162 -0.3941189
0.5737219  0.6012116   -0.392147 -0.3940895
0.5737007  0.6011673   -0.3922089 -0.3941265
0.5736975  0.6011005   -0.3922879 -0.3941544
0.5736549  0.6011065   -0.3922969 -0.3941982
0.5737308  0.6010606   -0.3923114 -0.3941433
0.5736698  0.6010813   -0.3923263 -0.3941858
0.5736291  0.6010138   -0.3924307 -0.394244
0.5736821  0.600996   -0.3924278 -0.3941969
0.5737677  0.6009424   -0.3924465 -0.3941354
0.5736849  0.6009374   -0.39248 -0.39423
0.5736681  0.6010002   -0.3924196 -0.394219
0.5737154  0.6010311   -0.3923688 -0.3941537
0.5736831  0.6010596   -0.3923448 -0.3941812
0.5736868  0.6010745   -0.3923344 -0.3941633
0.5737025  0.6010234   -0.392388 -0.3941649
0.5735618  0.6011118   -0.3923591 -0.3942637
0.5735649  0.6011279   -0.3923339 -0.3942598
0.5735321  0.6011493   -0.3923133 -0.3942953
0.5734974  0.6011531   -0.3923221 -0.3943314
0.5735434  0.6010674   -0.3923931 -0.3943242
0.5735431  0.6010581   -0.3923979 -0.3943343
0.573657  0.6010523   -0.392356 -0.3942189
0.5735427  0.6011091   -0.3923431 -0.3943116
0.5736195  0.6011603   -0.392257 -0.3942074
0.5736623  0.6013108   -0.392056 -0.3941156
0.5735735  0.6013412   -0.3920666 -0.3941879
0.5735294  0.6013106   -0.3921219 -0.3942437
0.5735076  0.6012914   -0.3921555 -0.3942713
0.5734486  0.6012742   -0.3921981 -0.3943411
0.5734084  0.601336   -0.3921486 -0.3943544
0.5734206  0.6013498   -0.3921357 -0.3943285
0.5735199  0.6012496   -0.3922012 -0.3942717
0.5735483  0.6012768   -0.3921665 -0.3942234
0.5735217  0.6012591   -0.3921869 -0.3942688
0.5735902  0.6012714   -0.3921572 -0.39418
0.5736244  0.6011928   -0.3922251 -0.3941827
0.573684  0.60116   -0.3922355 -0.3941351
0.5735958  0.6011244   -0.3923188 -0.3942351
0.5735312  0.6011717   -0.3922913 -0.3942844
0.5734663  0.6012245   -0.3922667 -0.3943228
0.5735476  0.6012231   -0.3922286 -0.3942446
0.5736558  0.6012697   -0.392135 -0.394109
0.5736501  0.6012723   -0.3921331 -0.3941153
0.5736909  0.6012842   -0.3921103 -0.3940604
0.5736706  0.6012529   -0.3921615 -0.394087
0.5736269  0.6012195   -0.3922152 -0.3941479
0.5736634  0.6012159   -0.3922031 -0.3941125
0.5736628  0.6012852   -0.3921376 -0.3940727
0.5737148  0.6012384   -0.3921763 -0.3940298
0.5736454  0.6012618   -0.3921815 -0.3940901
0.5736071  0.6012704   -0.3922041 -0.3941102
0.5736499  0.6012326   -0.3922233 -0.3940864
0.5737175  0.6012112   -0.3922134 -0.3940306
0.5736134  0.6012391   -0.392233 -0.39412
0.5736291  0.6011683   -0.392304 -0.3941346
0.5736563  0.6011389   -0.3923103 -0.3941334
0.5735599  0.6011967   -0.3922795 -0.3942162
0.5736302  0.6011541   -0.3922927 -0.3941658
0.5736997  0.6011164   -0.3923047 -0.3941102
0.5738069  0.6010864   -0.3922922 -0.3940123
0.5738348  0.6009926   -0.3923887 -0.3940187
0.5737665  0.6010014   -0.3924101 -0.3940834
0.5738334  0.6009745   -0.392407 -0.3940301
0.5738783  0.6008765   -0.3924921 -0.3940293
0.573891  0.6009201   -0.3924414 -0.3939947
0.5738544  0.6009663   -0.3923991 -0.3940199
0.5739005  0.6009019   -0.392451 -0.3939993
0.5738847  0.6008763   -0.3924846 -0.394028
0.5739116  0.6008661   -0.3924831 -0.3940057
0.5739309  0.6008623   -0.392469 -0.3939975
0.5739384  0.600915   -0.3924062 -0.3939687
0.5738394  0.6009174   -0.3924479 -0.3940676
0.573768  0.6009341   -0.3924618 -0.3941324
0.573723  0.6009466   -0.3924697 -0.3941711
0.5736977  0.6009189   -0.3925048 -0.394215
0.5737011  0.6008964   -0.3925318 -0.3942175
0.5736707  0.6008747   -0.392581 -0.3942458
0.5737224  0.6008546   -0.3925812 -0.3942011
0.5737734  0.600828   -0.3925838 -0.3941648
0.5737798  0.6008753   -0.3925184 -0.3941486
0.5737145  0.6009033   -0.3924996 -0.3942196
0.5736313  0.6009293   -0.3925128 -0.3942879
0.5736855  0.6009251   -0.3924982 -0.3942299
0.5736821  0.6009272   -0.392505 -0.3942246
0.5737758  0.6008369   -0.3925706 -0.3941607
0.5737347  0.6008298   -0.3925898 -0.3942123
0.5736921  0.6008515   -0.3926001 -0.394231
0.5736799  0.6009374   -0.3925079 -0.3942098
0.5735813  0.6010024   -0.3924701 -0.3942918
0.5736453  0.6009359   -0.3925209 -0.3942494
0.5737019  0.6009092   -0.3925213 -0.3942072
0.573696  0.6007952   -0.3926543 -0.3942572
0.5736762  0.6007378   -0.392739 -0.3942893
0.573634  0.6007016   -0.392796 -0.3943487
0.5735557  0.6007702   -0.3927549 -0.3943991
0.5735695  0.6008381   -0.3926589 -0.3943713
0.5735015  0.6008114   -0.3927157 -0.3944543
0.5735264  0.6007829   -0.392731 -0.3944462
0.573608  0.6008084   -0.3926675 -0.3943518
0.5736394  0.6007909   -0.392677 -0.3943235
0.5735385  0.6008191   -0.3926907 -0.3944137
0.5735629  0.6008046   -0.3927047 -0.3943864
0.5735339  0.6008897   -0.3926248 -0.3943782
0.5735391  0.6009709   -0.3925398 -0.3943316
0.5736055  0.6008806   -0.3926164 -0.3942963
0.573701  0.6008715   -0.392577 -0.3942106
0.5737034  0.6009178   -0.3925416 -0.3941718
0.5737622  0.6007906   -0.3926629 -0.3941593
0.5738211  0.6007592   -0.3926677 -0.3941166
0.5738233  0.6007212   -0.3927038 -0.3941353
0.573837  0.6007645   -0.3926533 -0.3940997
0.5738447  0.6008227   -0.3925884 -0.3940645
0.5737352  0.6008609   -0.3925944 -0.3941596
0.5737738  0.6008883   -0.3925596 -0.3940963
0.5736881  0.6009575   -0.3925299 -0.3941451
0.5737239  0.6009376   -0.3925362 -0.3941172
0.5737494  0.6008873   -0.3925769 -0.3941162
0.5737202  0.6008611   -0.3926125 -0.3941632
0.5738009  0.6008988   -0.3925272 -0.3940732
0.5737395  0.6009194   -0.3925324 -0.3941258
0.5738028  0.6008627   -0.3925735 -0.3940793
0.573795  0.6008822   -0.3925578 -0.3940768
0.5737836  0.6008883   -0.392563 -0.3940789
0.5737928  0.6009855   -0.3924494 -0.3940302
0.5737853  0.6009747   -0.3924725 -0.3940344
0.5738074  0.6008841   -0.3925726 -0.3940408
0.5737811  0.6008596   -0.3925997 -0.3940894
0.5737956  0.6009429   -0.3925001 -0.3940406
0.5737777  0.6009817   -0.3924628 -0.3940446
0.5737664  0.6009732   -0.3924797 -0.3940571
0.5738274  0.6009439   -0.3924769 -0.3940158
0.573781  0.6009853   -0.3924482 -0.3940489
0.5737762  0.6010098   -0.392426 -0.3940406
0.5737572  0.6011233   -0.3923099 -0.3940105
0.5737855  0.6012079   -0.3921928 -0.3939571
0.5737926  0.6012706   -0.3921319 -0.3939115
0.5738189  0.6012217   -0.3921748 -0.3939054
0.5737134  0.6012731   -0.3921596 -0.3939956
0.5736884  0.6012925   -0.3921513 -0.3940107
0.5736972  0.6012393   -0.392201 -0.3940296
0.5737715  0.6011951   -0.3922228 -0.3939671
0.5737115  0.6011176   -0.392329 -0.394067
0.5737572  0.601093   -0.3923319 -0.3940351
0.5737255  0.6011215   -0.3923204 -0.3940491
0.5736735  0.6011544   -0.3923219 -0.3940732
0.5736679  0.601058   -0.3924211 -0.3941298
0.5735343  0.6010834   -0.3924463 -0.3942602
0.5734771  0.6010327   -0.3925211 -0.3943463
0.5733886  0.6011353   -0.3924456 -0.3943937
0.5734606  0.6011881   -0.3923646 -0.394289
0.5734655  0.6012146   -0.3923361 -0.39427
0.5733824  0.6012335   -0.3923525 -0.3943456
0.5734003  0.6012129   -0.3923717 -0.3943318
0.573505  0.6011762   -0.3923684 -0.3942391
0.5735378  0.6011775   -0.3923526 -0.3942052
0.5735021  0.6011646   -0.3923803 -0.3942492
0.5734971  0.6011078   -0.3924397 -0.3942837
0.5735272  0.6010499   -0.3924947 -0.3942735
0.5734732  0.6010909   -0.3924693 -0.3943149
0.5734152  0.6011164   -0.3924721 -0.3943575
0.5734938  0.6011043   -0.3924655 -0.3942682
0.5736192  0.6011429   -0.3923602 -0.3941318
0.5736106  0.6010882   -0.3924324 -0.3941558
0.5735031  0.6011619   -0.3923841 -0.3942477
0.5735318  0.601137   -0.3924075 -0.3942209
0.5735945  0.6011412   -0.3923848 -0.3941458
0.5736462  0.6010653   -0.3924512 -0.3941201
0.5736333  0.6011199   -0.3923983 -0.3941085
0.5736355  0.6010301   -0.3924921 -0.3941488
0.5736761  0.6010475   -0.3924544 -0.3941005
0.5736719  0.6010164   -0.3924896 -0.3941191
0.5737621  0.6009837   -0.3924739 -0.3940531
0.5738071  0.6009732   -0.3924564 -0.3940213
0.5737918  0.6009724   -0.3924666 -0.3940347
0.5738402  0.6010181   -0.3923851 -0.3939756
0.5738942  0.6010112   -0.392365 -0.3939274
0.5739853  0.6009667   -0.3923764 -0.3938513
0.5740637  0.6009143   -0.3924014 -0.3937919
0.5740904  0.6008191   -0.3924905 -0.3938095
0.574098  0.6008677   -0.3924365 -0.3937779
0.5740907  0.6008917   -0.3924107 -0.3937778
0.573985  0.6009461   -0.3924012 -0.3938581
0.5740398  0.6008931   -0.3924365 -0.3938241
0.5739691  0.6009358   -0.3924123 -0.3938862
0.5739807  0.6009648   -0.3923686 -0.3938685
0.5739649  0.6010059   -0.3923323 -0.393865
0.573967  0.6009923   -0.3923414 -0.3938737
0.5738849  0.6010215   -0.3923499 -0.3939403
0.5738523  0.6010034   -0.3923824 -0.3939829
0.5739073  0.6010474   -0.3923048 -0.393913
0.5738845  0.6010728   -0.3922845 -0.3939276
0.5738114  0.601156   -0.3922342 -0.3939573
0.5737477  0.6011521   -0.3922725 -0.3940179
0.5737434  0.6011621   -0.3922668 -0.3940146
0.5736748  0.6011276   -0.3923322 -0.3941021
0.5736659  0.6011634   -0.3923035 -0.3940889
0.5735576  0.6011969   -0.3923053 -0.3941938
0.5734922  0.6011705   -0.3923735 -0.3942612
0.5734726  0.6011494   -0.392408 -0.3942875
0.5734782  0.6011722   -0.3923742 -0.3942783
0.5734651  0.6011576   -0.392408 -0.3942859
0.5735039  0.6011674   -0.3923794 -0.3942431
0.5735409  0.6011842   -0.392353 -0.3941895
0.5736012  0.6011334   -0.3923882 -0.3941443
0.5736029  0.6010855   -0.3924356 -0.394168
0.5737004  0.6010718   -0.3924049 -0.3940773
0.5737047  0.6010161   -0.3924598 -0.3941014
0.5736429  0.6010407   -0.3924476 -0.3941659
0.5736274  0.6009957   -0.3924978 -0.3942072
0.5735404  0.6010388   -0.3924837 -0.3942822
0.5735356  0.6011692   -0.3923337 -0.3942397
0.5734851  0.6011746   -0.3923519 -0.3942867
0.5735315  0.6012121   -0.3922894 -0.3942243
0.5736328  0.6011689   -0.3922907 -0.3941414
0.5736163  0.6011366   -0.3923366 -0.394169
0.5735748  0.6011945   -0.3922913 -0.3941862
0.5736464  0.6012365   -0.3922042 -0.3941047
0.5736313  0.6011476   -0.3923078 -0.3941591
0.5736709  0.6011052   -0.3923382 -0.3941359
0.5736403  0.6011607   -0.3922919 -0.3941418
0.5735787  0.6012184   -0.3922513 -0.3941839
0.5736747  0.6011049   -0.392324 -0.3941449
0.5735863  0.6011006   -0.3923728 -0.3942314
0.5735988  0.6011444   -0.3923267 -0.3941925
0.5734971  0.6012518   -0.3922513 -0.3942515
0.5735822  0.6012833   -0.3921798 -0.3941509
0.5735367  0.6013903   -0.3920778 -0.3941555
0.5736198  0.6013611   -0.392075 -0.3940818
0.5735726  0.6014834   -0.3919657 -0.3940726
0.5734888  0.6014777   -0.3920009 -0.3941683
0.5734234  0.6015106   -0.3919987 -0.3942153
0.5733622  0.6015307   -0.3920086 -0.3942638
0.5733562  0.6014583   -0.3920869 -0.3943053
0.5733164  0.601411   -0.3921552 -0.3943671
0.5733865  0.6013206   -0.3922346 -0.3943241
0.5734262  0.6013338   -0.3922068 -0.3942739
0.573411  0.6012859   -0.3922656 -0.3943104
0.5733617  0.6012946   -0.3922702 -0.3943645
0.5733235  0.6013408   -0.3922334 -0.3943861
0.5732957  0.6013946   -0.3921884 -0.3943894
0.5734017  0.601355   -0.3921925 -0.3942916
0.5733455  0.6013516   -0.3922229 -0.3943483
0.5733852  0.60136   -0.3921916 -0.3943087
0.5733599  0.6013744   -0.3921754 -0.3943397
0.5733793  0.601382   -0.3921483 -0.394327
0.5734085  0.6014112   -0.3921024 -0.3942855
0.5733403  0.6014377   -0.3921039 -0.3943426
0.5733379  0.6013943   -0.392161 -0.3943557
0.5733007  0.6014513   -0.3921159 -0.3943677
0.5733319  0.6014298   -0.3921263 -0.3943447
0.5733346  0.6013284   -0.3922375 -0.3943848
0.5732968  0.6013541   -0.3922225 -0.3944156
0.5733235  0.6012779   -0.3923041 -0.3944118
0.5733966  0.6012278   -0.3923294 -0.3943566
0.5733662  0.6013375   -0.3922179 -0.3943445
0.5733497  0.6014072   -0.3921408 -0.394339
0.5733964  0.6014031   -0.3921294 -0.3942887
0.5733659  0.6013353   -0.3922169 -0.3943494
0.5734487  0.6013407   -0.3921795 -0.3942579
0.5734829  0.6013728   -0.3921235 -0.3942148
0.5734771  0.6013831   -0.3921226 -0.3942086
0.5736014  0.6012985   -0.3921786 -0.3941011
0.5736299  0.6012648   -0.3922075 -0.3940822
0.5737763  0.6013317   -0.3920794 -0.3938944
0.573753  0.6012829   -0.3921373 -0.3939451
0.5737858  0.6012494   -0.3921603 -0.3939255
0.5736928  0.6012354   -0.3922038 -0.3940392
0.5736621  0.6012489   -0.3922094 -0.3940576
0.5734912  0.6013677   -0.3921458 -0.3941885
