-110.9247  112.9297   -2.890234
-110.9104  113.0637   -2.880664
-110.7907  113.0062   -2.890234
-110.8242  112.9488   -2.851953
-110.963  112.901   -2.832813
-110.9726  112.9775   -2.837598
-110.9343  112.6904   -2.837598
-110.8625  112.8244   -2.90459
-110.8673  112.8244   -2.880664
-110.9104  113.1594   -2.866309
-110.8625  112.9967   -2.909375
-110.9008  112.9105   -2.880664
-110.9917  112.8818   -2.808887
-110.896  112.8627   -2.966797
-110.7955  112.8914   -2.851953
-110.8147  112.7383   -2.866309
-110.9534  112.8627   -2.871094
-110.9917  112.9201   -2.837598
-110.9343  112.8914   -2.890234
-110.9199  112.8723   -2.918945
-110.9104  113.102   -2.761035
-110.9199  112.8723   -2.856738
-110.9008  112.9871   -2.952441
-110.896  112.7957   -2.713184
-110.9965  112.9775   -2.775391
-110.8147  112.8244   -2.784961
-110.8529  112.8244   -2.871094
-110.8099  112.968   -2.90459
-110.8577  112.9488   -2.76582
-110.896  112.9967   -2.89502
-111.0348  112.8914   -2.909375
-110.8721  112.8723   -3.033789
-110.8338  112.8627   -2.837598
-110.8912  112.9297   -2.92373
-110.8338  112.8914   -3.009863
-110.9008  112.8436   -2.818457
-111.0348  112.834   -2.794531
-110.8816  112.767   -2.918945
-110.7812  112.8148   -2.804101
-110.8769  113.0828   -2.942871
-110.9104  113.0062   -2.871094
-110.9726  112.834   -2.92373
-110.9486  112.9105   -2.837598
-110.9295  113.0445   -2.808887
-110.9056  112.8531   -2.74668
-110.963  113.0254   -2.732324
-110.8577  112.9967   -2.89502
-110.8721  112.9201   -2.851953
-110.9343  113.035   -2.933301
-110.9438  112.8531   -2.976367
-110.9391  112.8723   -2.823242
-110.829  112.8148   -2.818457
-110.9104  112.9201   -2.938086
-110.9726  112.8914   -2.866309
-110.9199  112.8053   -2.808887
-110.8434  112.968   -2.832813
-110.8721  113.0828   -2.952441
-110.8386  112.834   -2.981152
-110.7668  112.8818   -2.885449
-110.9104  112.8818   -2.938086
-110.8912  112.7383   -2.832813
-110.9151  112.7574   -2.885449
-110.8673  112.9105   -2.885449
-110.829  112.9201   -2.780176
-110.7955  113.1402   -2.885449
-110.9438  112.7766   -2.808887
-110.9343  112.8627   -2.92373
-110.896  112.7957   -2.885449
-110.9438  112.8148   -2.909375
-110.8625  112.9201   -2.890234
-110.8864  112.8914   -3.014648
-110.9534  112.901   -2.861523
-110.9534  112.9201   -2.808887
-110.9391  112.7957   -2.804101
-110.9151  112.9105   -2.890234
-110.8625  113.102   -3.005078
-110.7859  112.9871   -3.100781
-110.9438  112.8148   -2.789746
-110.9391  112.8244   -2.962012
-110.9438  112.9488   -2.799316
-110.8529  112.9105   -2.866309
-110.8147  112.8723   -2.837598
-110.9199  112.7478   -2.856738
-110.896  112.8531   -2.942871
-110.9486  112.8053   -2.890234
-110.9056  112.8148   -2.871094
-110.8816  112.7861   -2.966797
-110.8625  112.9393   -2.90459
-110.8912  112.8818   -2.842383
-110.8434  112.8914   -2.957227
-110.9869  112.7478   -2.985938
-110.9008  112.7957   -2.918945
-110.8816  112.901   -2.938086
-110.8434  112.7861   -2.784961
-110.8338  112.9584   -2.856738
-110.8099  112.9201   -2.909375
-110.9008  112.8818   -2.842383
-110.9008  112.9775   -3.009863
-110.9391  112.901   -2.732324
-110.8338  112.901   -2.808887
-110.762  112.8723   -2.957227
-110.7859  112.9967   -2.899805
-110.9056  112.9775   -2.780176
-110.963  112.8148   -2.861523
-110.8625  112.9393   -2.808887
-110.8769  113.1211   -2.837598
-110.8673  112.9871   -2.818457
-110.8481  112.9393   -2.780176
-110.8864  112.968   -2.813672
-110.9582  112.8914   -2.775391
-110.8481  112.6139   -2.909375
-110.7907  112.9967   -2.847168
-110.8194  112.968   -2.732324
-110.8147  113.0637   -2.871094
-110.9343  112.8723   -2.823242
-110.9391  112.8818   -2.804101
-110.8577  112.8053   -2.866309
-110.8099  112.8244   -2.938086
-110.896  112.9393   -2.717969
-110.8386  112.9967   -2.962012
-110.8242  112.9871   -2.92373
-110.8673  112.8436   -2.794531
-110.9199  112.8627   -2.732324
-110.9151  113.102   -2.89502
-110.7907  112.9393   -2.942871
-110.7907  112.8723   -2.789746
-110.9056  112.901   -2.995508
-110.8625  112.8436   -2.91416
-110.896  112.9393   -2.909375
-110.8529  112.968   -2.990723
-110.7764  112.8627   -2.890234
-110.8386  112.9488   -2.899805
-110.9104  112.9967   -2.732324
-111.0013  112.9488   -2.966797
-110.9343  112.8818   -2.808887
-110.9534  112.8053   -2.727539
-110.8242  112.8148   -2.722754
-110.9008  112.9775   -2.828027
-110.8912  112.9105   -2.813672
-110.9247  112.8627   -2.832813
-110.9151  112.7096   -2.722754
-110.829  112.8053   -2.76582
-110.8481  112.901   -2.856738
-110.8194  112.7957   -2.851953
-110.9008  112.9488   -2.823242
-110.8577  113.0445   -2.861523
-110.9247  112.8436   -2.823242
-110.9056  112.7   -2.837598
-110.829  112.9584   -2.899805
-110.7907  112.8818   -2.832813
-110.7812  112.9871   -2.813672
-110.8529  112.8818   -2.90459
-110.8769  112.8531   -2.880664
-110.8864  112.8914   -2.981152
-110.7668  112.9297   -2.837598
-110.8529  112.9871   -2.837598
-110.8625  113.0732   -2.890234
-110.8816  112.8818   -2.981152
-110.9869  112.8148   -2.92373
-110.9726  112.8053   -2.832813
-110.8912  112.8053   -2.780176
-110.8434  113.1307   -2.962012
-110.7524  112.8244   -2.832813
-110.9199  112.8053   -2.847168
-110.9821  112.9584   -2.866309
-110.8529  112.9393   -2.933301
-110.8434  113.0254   -2.832813
-110.8147  112.901   -2.91416
-110.8099  112.8627   -2.918945
-111.0013  112.9105   -2.952441
-110.9199  112.834   -2.847168
-110.9247  112.7957   -2.899805
-110.8529  112.8436   -2.842383
-110.8434  113.0254   -2.794531
-110.8434  112.9584   -2.851953
-110.9056  112.8914   -2.880664
-110.8864  112.767   -2.861523
-110.9151  112.6809   -2.938086
-110.8147  112.6904   -2.875879
-110.8912  112.901   -2.799316
-110.7955  112.901   -2.851953
-110.8003  112.9488   -2.813672
-110.9295  112.8244   -2.890234
-110.9008  112.6139   -2.828027
-110.8816  112.8148   -2.866309
-110.829  113.1115   -2.861523
-110.8338  112.9871   -2.780176
-110.8434  112.8436   -2.799316
-110.963  112.8818   -2.957227
-110.9151  113.0828   -2.832813
-110.8864  113.0445   -2.837598
-110.829  112.9297   -2.91416
-110.9821  112.9297   -2.918945
-110.9008  112.8531   -2.804101
-110.9343  112.8818   -2.871094
-110.9008  112.9201   -2.957227
-110.8673  112.8531   -2.804101
-110.9391  112.9297   -2.799316
-110.9391  112.8053   -2.75625
-110.8816  112.8053   -2.933301
-110.9438  112.7957   -2.813672
-110.9199  112.834   -2.780176
-110.8816  112.968   -2.899805
-110.9056  112.9297   -2.76582
-110.8003  112.8914   -2.933301
-110.8577  113.0254   -2.933301
-110.8529  112.8723   -2.880664
-110.9056  112.8148   -2.871094
-110.9391  113.0732   -2.789746
-110.7668  112.9584   -2.784961
-110.8912  113.0541   -2.871094
-110.8912  112.9967   -2.918945
-110.9965  112.7957   -3.043359
-111.0826  112.834   -2.804101
-110.7955  112.968   -2.842383
-110.762  112.9393   -2.775391
-110.6998  113.0062   -2.928516
-110.8434  113.035   -2.851953
-110.9438  113.102   -2.851953
-110.9678  112.9584   -2.818457
-110.9534  112.8723   -2.828027
-110.8769  112.8914   -2.828027
-110.7812  112.834   -2.823242
-110.7716  113.1402   -2.837598
-110.8338  112.834   -2.856738
-110.9773  112.7287   -2.92373
-110.9056  112.8818   -2.828027
-110.8625  112.9297   -2.947656
-110.7429  113.0445   -2.856738
-110.8577  112.9393   -2.832813
-110.8386  112.8914   -2.818457
-110.9438  112.7957   -2.885449
-110.9343  112.8436   -2.847168
-110.9247  112.968   -2.856738
-110.695  113.0158   -2.947656
-110.8386  112.9393   -3.000293
-110.9104  112.6904   -2.861523
-110.9869  112.7957   -2.794531
-110.9104  113.035   -2.885449
-110.8051  112.9967   -2.832813
-110.7142  112.9393   -2.942871
-110.8577  112.8723   -2.856738
-110.9056  112.9297   -2.74668
-110.8577  112.9105   -2.799316
-110.8912  112.8244   -2.875879
-110.8769  112.8436   -2.832813
-110.8386  112.9488   -2.789746
-110.8816  112.9775   -2.770606
-110.9008  112.7766   -2.799316
-110.896  112.6521   -2.985938
-110.9726  112.9297   -2.708398
-110.8242  112.9967   -2.875879
-110.8816  112.8818   -2.91416
-110.8338  112.9967   -2.890234
-110.9438  112.9488   -2.89502
-110.9726  112.8053   -2.909375
-110.8625  112.9105   -2.861523
-110.8386  112.9201   -2.875879
-110.8625  113.0158   -2.861523
-110.9247  112.9297   -2.842383
-110.9151  112.9584   -2.928516
-110.963  112.7287   -2.985938
-110.9151  113.1211   -2.832813
-110.8434  113.0541   -2.823242
-110.7716  112.8723   -2.880664
-110.8864  113.0445   -2.957227
-110.9582  112.767   -2.770606
-110.9295  112.8053   -2.832813
-110.9391  112.8723   -2.76582
-110.8577  112.9775   -2.971582
-110.829  113.0541   -2.851953
-110.8577  112.8627   -2.861523
-110.9008  112.7478   -2.91416
-110.9582  112.6043   -2.90459
-110.9486  112.8723   -2.823242
-110.8912  112.9201   -2.851953
-110.8194  113.0062   -2.938086
-110.7764  112.9201   -2.775391
-110.9486  112.834   -2.981152
-110.9965  112.767   -2.928516
-110.9151  112.8723   -2.818457
-110.8338  112.7191   -2.837598
-110.8147  112.9871   -2.928516
-110.8338  112.8053   -2.918945
-110.8721  112.8053   -2.962012
-110.9486  112.767   -2.995508
-111.0061  112.8244   -2.741894
-110.9056  113.1211   -2.828027
-110.8099  112.9488   -2.603125
-110.8625  112.9871   -2.90459
-110.8673  112.9775   -2.909375
-111.0204  112.8531   -2.804101
-110.8577  112.8148   -2.962012
-110.8673  112.9297   -2.794531
-110.7955  112.9775   -2.871094
-110.7907  112.7957   -2.837598
-110.9247  112.9393   -2.875879
-110.8338  112.7096   -2.837598
-110.9869  112.834   -2.89502
-110.8912  112.8531   -2.928516
-110.8481  112.968   -2.899805
-110.8386  112.9871   -2.866309
-110.8481  112.9871   -2.933301
-110.7859  113.0062   -2.808887
-110.8816  112.8914   -2.813672
-110.8434  112.8531   -2.804101
-110.9678  112.8723   -2.828027
-110.8529  113.1785   -2.871094
-110.8481  112.9105   -2.885449
-110.9678  112.834   -2.91416
-110.9869  112.8053   -2.861523
-110.9151  112.7096   -2.885449
-110.7572  112.968   -2.875879
-110.7955  112.9775   -2.799316
-110.8338  112.9201   -2.909375
-110.9391  112.8053   -2.938086
-110.9773  112.7383   -2.871094
-110.9247  112.8914   -2.962012
-110.9199  113.0062   -2.962012
-110.8721  112.8148   -2.985938
-110.896  112.834   -2.861523
-110.9343  112.9201   -2.933301
-110.8673  112.9584   -2.871094
-110.9486  112.7957   -2.871094
-110.8194  112.968   -2.713184
-110.8194  112.8531   -2.808887
-110.9534  112.9105   -2.861523
-110.9104  112.8531   -2.856738
-110.9438  112.8627   -2.808887
-110.9008  112.8148   -2.880664
-110.9008  112.9393   -2.947656
-110.8673  112.9871   -2.861523
-110.7907  112.9297   -2.851953
-110.8816  112.8053   -2.90459
-110.9151  112.8627   -2.928516
-110.9486  112.8531   -2.875879
-110.8864  112.9775   -2.89502
-110.8147  113.0541   -2.780176
-110.8673  112.9775   -2.957227
-110.9247  112.9967   -2.828027
-110.8816  112.901   -2.885449
-110.8099  112.9488   -2.847168
-110.8577  112.8436   -2.981152
-110.8338  112.8436   -2.942871
-110.8577  112.8436   -2.909375
-110.9199  113.0158   -2.880664
-110.9295  112.8436   -2.89502
-110.8912  112.8244   -3.014648
-110.9295  112.9393   -2.832813
-110.8529  113.0254   -2.837598
-110.8481  112.9297   -2.880664
-110.9391  112.7957   -2.818457
-110.9247  112.9201   -2.837598
-110.9869  112.9297   -2.851953
-110.8816  112.9871   -2.938086
-110.963  113.0541   -2.990723
-110.8816  112.9871   -2.679688
-110.8577  112.8531   -2.842383
-110.9199  113.0445   -2.91416
-110.9534  112.8436   -2.928516
-110.829  112.8531   -2.818457
-110.8912  112.8148   -2.804101
-110.8769  112.8244   -2.928516
-110.8481  112.8244   -3.038574
-110.8242  112.8914   -3.000293
-110.9247  112.901   -2.89502
-110.9104  112.9297   -2.890234
-110.8242  112.7574   -2.804101
-110.8721  112.968   -2.799316
-110.7716  112.9297   -2.90459
-110.7572  112.8914   -2.804101
-110.9773  112.767   -3.024219
-110.8864  112.7766   -2.966797
-110.8912  112.9105   -2.813672
-110.8529  112.8053   -2.737109
-110.9008  113.035   -2.789746
-110.8769  112.7383   -2.91416
-110.896  112.901   -2.847168
-110.9486  113.0445   -2.813672
-110.8912  112.8148   -2.90459
-110.8769  112.9105   -2.808887
-110.8625  112.901   -2.813672
-110.8434  112.9105   -2.871094
-110.896  112.8244   -2.952441
-110.9104  112.8436   -2.780176
-110.9151  113.0541   -2.942871
-110.8912  112.9871   -2.851953
-111.0013  112.8148   -2.741894
-110.9438  112.8531   -2.890234
-110.829  112.9201   -2.92373
-110.7094  113.0445   -2.871094
-110.7285  113.2072   -2.871094
-110.9582  112.9297   -2.775391
-111.2357  112.4895   -2.962012
-110.9726  112.5182   -2.813672
-110.7285  113.3412   -2.866309
-110.3744  112.9871   -2.928516
-110.7668  113.1881   -2.670117
-111.2166  112.8627   -2.880664
-111.4367  112.6809   -2.818457
-110.963  112.8436   -2.89502
-110.5419  112.9967   -3.000293
-110.451  113.3029   -2.808887
-110.8003  112.834   -2.92373
-110.9773  112.6617   -2.837598
-110.9534  112.767   -2.832813
-110.9151  112.6713   -2.674902
-110.7716  113.0062   -2.780176
-110.8577  112.9775   -2.828027
-110.8481  112.8914   -2.727539
-110.9582  112.7383   -2.775391
-110.8577  112.7766   -2.828027
-110.829  112.9297   -2.89502
-110.7285  112.8914   -2.918945
-110.8003  112.9584   -2.971582
-110.9773  112.7478   -2.947656
-111.2262  112.633   -2.851953
-110.9678  112.7574   -2.832813
-110.8194  112.7096   -2.942871
-110.7285  112.901   -2.899805
-110.8577  112.9488   -2.828027
-110.8816  112.7   -2.804101
-110.9917  112.968   -2.938086
-110.8912  112.901   -2.985938
-110.8864  112.9871   -2.971582
-110.9438  112.9105   -2.804101
-110.9821  112.8053   -2.918945
-110.9438  112.8531   -2.909375
-110.8338  112.9297   -2.909375
-110.7716  113.0062   -2.890234
-110.9008  112.9967   -3.086426
-110.9295  112.7957   -2.837598
-110.9438  112.7096   -2.92373
-110.9438  112.9871   -2.966797
-110.9056  112.7383   -2.689258
-110.8673  112.9105   -2.861523
-110.8099  112.8818   -3.000293
-110.9773  112.8818   -2.952441
-110.9104  112.968   -2.775391
-110.8673  113.0828   -2.818457
-110.9391  112.9297   -2.90459
-110.9773  112.7191   -2.861523
-110.963  112.8914   -2.91416
-110.9869  112.8531   -2.962012
-110.8769  112.7574   -2.89502
-110.8864  112.7766   -2.990723
-110.8147  112.7957   -2.856738
-110.8338  112.9871   -2.828027
-110.8529  112.7383   -2.847168
-110.8912  112.8053   -2.804101
-110.9151  112.7096   -2.818457
-110.8434  112.9871   -2.880664
-110.8625  112.8818   -2.966797
-110.9104  113.1307   -2.92373
-110.8625  112.834   -2.890234
-110.9726  112.7191   -2.880664
-110.8769  112.9871   -2.856738
-110.9151  112.8053   -2.794531
-110.9199  112.7861   -2.880664
-110.8912  112.7574   -2.92373
-110.8529  112.901   -2.899805
-110.8242  112.9584   -2.966797
-110.8099  112.901   -2.990723
-110.8099  112.9584   -2.751465
-110.9056  112.6809   -2.871094
-110.9486  112.7766   -2.890234
-110.9008  112.7383   -2.866309
-110.8338  112.8436   -2.880664
-110.9104  112.7957   -3.019433
-110.9247  112.968   -2.942871
-110.8864  112.901   -2.818457
-110.9247  112.7957   -2.918945
-110.8434  112.8723   -2.933301
-110.8864  112.8148   -2.91416
-110.8481  112.9201   -2.890234
-110.9008  112.8723   -2.880664
-110.9965  112.8914   -2.909375
-110.8721  112.9488   -2.799316
-110.8816  113.0158   -2.89502
-110.8529  112.8723   -2.770606
-110.8864  112.8723   -2.890234
-110.9534  112.7478   -2.957227
-110.9438  112.8531   -2.909375
-110.9965  112.8723   -2.804101
-110.8864  112.9488   -2.813672
-110.7955  112.9297   -2.875879
-110.8721  112.8818   -2.89502
-110.963  112.8818   -2.861523
-110.8769  112.9393   -2.76582
-110.9582  112.8244   -2.737109
-110.9534  112.8723   -2.780176
-110.7764  112.9105   -2.775391
-110.8816  112.9584   -2.90459
-110.9534  112.8148   -2.875879
-110.8673  112.968   -2.866309
-110.8386  112.8244   -2.871094
-110.7955  112.968   -3.076855
-110.7955  113.0062   -2.871094
-110.8386  112.9488   -2.832813
-110.8051  112.901   -2.89502
-110.8912  112.8244   -2.851953
-110.8434  112.8244   -2.861523
-110.8242  112.9967   -2.890234
-110.8625  112.9105   -3.009863
-110.8481  113.0828   -2.832813
-111.0396  112.8531   -2.866309
-111.0061  112.6234   -2.966797
-110.9726  112.7766   -2.89502
-110.8003  113.0732   -2.804101
-110.7907  112.9871   -2.866309
-110.9917  112.9584   -2.784961
-111.073  112.8244   -2.837598
-110.9726  112.8053   -2.780176
-110.8386  112.7957   -2.828027
-110.8481  113.0828   -2.861523
-110.9343  112.9105   -2.789746
-110.963  112.9488   -2.722754
-110.9247  112.6713   -2.990723
-110.8099  112.901   -2.722754
-110.5897  112.8818   -2.861523
-110.6807  112.9488   -2.866309
-110.8386  112.9201   -2.804101
-111.0491  112.7957   -2.890234
-111.0204  112.8914   -2.813672
-110.9486  112.8244   -2.899805
-110.8673  112.901   -2.813672
-110.8434  112.9297   -2.732324
-110.9438  112.8627   -2.847168
-110.9965  112.7957   -2.813672
-110.9821  112.7191   -2.842383
-110.9151  112.8244   -2.885449
-110.8481  113.0732   -2.808887
-110.762  112.8053   -2.808887
-110.8769  112.8244   -2.938086
-110.9151  112.7191   -2.909375
-110.9295  112.6043   -2.899805
-110.8577  112.9393   -2.981152
-110.8434  112.9584   -2.818457
-110.8338  112.8053   -2.91416
-110.9151  112.9201   -2.899805
-110.9821  112.6521   -2.823242
-110.9199  112.9488   -2.804101
-110.9247  112.8818   -2.90459
-111.0252  112.6426   -2.75625
-110.8673  112.8914   -2.851953
-110.8003  113.0445   -2.770606
-110.8912  113.0158   -2.856738
-110.9726  112.8723   -2.789746
-110.9773  112.8723   -2.808887
-110.8816  112.8148   -2.665332
-110.8721  112.8053   -2.828027
-110.8529  112.9393   -2.837598
-109.6806  114.8725   -2.76582
-112.4464  110.5467   -1.607813
-110.1064  114.1834   -3.875977
-107.9962  117.2172   0.08613281
-112.9297  116.7291   -1.287207
-112.3172  116.8918   -0.2775391
-108.3359  122.299   -6.574805
-106.5654  121.5238   -7.196875
-110.5084  117.8393   -5.995801
-113.6188  108.3264   -5.479004
-112.5134  109.7141   -7.737597
-110.8003  102.699   -7.34043
-112.0014  105.3309   -5.139258
-115.6764  86.15195   -10.12539
-110.8721  85.29063   -11.91504
-119.7246  116.2123   6.144141
-106.8669  119.2557   -3.392676
-105.6132  119.8107   -1.191504
-108.3742  114.8916   -2.287305
-112.7622  107.1301   -2.990723
-114.169  104.6992   -2.019336
-111.4511  109.5418   -2.985938
-110.2596  111.6186   -2.717969
-110.0777  111.6186   -2.44043
-111.4846  109.0633   -2.550488
-110.4605  111.0826   -2.397363
-110.9247  110.3074   -2.579199
-111.0826  110.2691   -2.497852
-110.7764  110.7381   -2.521777
-111.0683  109.8959   -2.426074
-110.8769  110.317   -2.378223
-110.9008  110.116   -2.526562
-110.7477  110.3074   -2.555274
-110.8816  110.2883   -2.574414
-101.986  125.6678   -2.890234
-123.9068  58.17793   -12.70938
-122.055  96.88985   1.607813
-113.7958  110.6998   -3.703711
-112.322  115.6381   -2.29209
-111.7765  104.2973   -4.847363
-112.0588  109.159   -2.14375
-110.0299  108.5752   -4.986133
-112.767  103.4551   -4.254004
-112.0492  103.8283   -2.186816
-112.8579  105.618   -2.856738
-107.5751  106.6707   -1.579102
-105.3213  100.9381   -4.58418
-108.2546  95.88496   -3.789844
-112.7622  98.29668   -2.507422
-110.494  95.54043   -3.617578
-110.0155  93.11914   -4.182227
-110.0012  91.25293   -5.847461
-108.0153  81.95058   -7.689746
-105.4983  85.21407   -8.675488
-109.1159  83.00332   -6.172852
-109.1733  83.47227   -7.493555
-108.9149  80.40977   -7.335645
-110.6041  79.09863   -5.153613
-105.4409  81.12754   -6.995898
-107.1062  76.27539   -5.589063
-105.4792  73.05977   -7.522265
-106.9147  67.69082   -7.742383
-106.9243  63.78613   -7.780664
-105.929  60.32168   -8.637207
-105.7998  61.20215   -8.73291
-104.8093  59.80488   -9.814356
-102.8426  58.84785   -9.924414
-102.632  61.23086   -9.589453
-101.3448  62.46543   -9.192286
-95.6792  66.37012   -8.522364
-97.91866  63.93926   -10.06318
-103.0627  53.09609   -9.546387
-103.4455  55.52695   -8.034277
-101.1056  59.98672   -9.005664
-101.2395  57.99609   -9.599024
-100.0528  58.10137   -9.431543
-100.7228  56.63711   -9.063086
-101.4884  57.44102   -9.374121
-101.3735  56.17773   -9.599024
-101.4262  55.86192   -9.694727
-101.6176  57.60371   -9.488965
-100.9094  57.58457   -9.517675
-100.3639  57.89082   -9.551172
-101.3975  56.32129   -9.527246
-102.3689  56.00547   -9.283203
-101.0003  56.37871   -9.752149
-100.3878  57.15391   -9.508105
-99.91885  58.0248   -9.364551
-100.4883  55.95762   -9.579883
-101.029  56.17773   -9.369336
-101.0529  56.03418   -9.407618
-101.2539  56.34043   -9.536817
-100.182  57.23047   -9.761719
-100.1294  57.35488   -9.579883
-101.096  55.78535   -9.512891
-101.4501  54.87617   -9.981836
-101.1151  54.36895   -10.1876
-101.0721  55.63223   -10.22588
-101.1391  55.81406   -9.866992
-101.9812  56.82851   -9.369336
-101.876  60.83848   -8.929102
-101.7563  61.63281   -8.546289
-101.7755  58.33105   -8.909961
-99.23457  59.33594   -9.991406
-101.2156  57.68027   -9.656446
-103.6417  59.08711   -8.651563
-103.235  58.14922   -9.158789
-102.4311  56.50312   -9.656446
-102.2588  56.43613   -9.780859
-103.3498  57.66113   -9.350195
-104.905  58.3502   -8.73291
-103.9623  58.21621   -8.972168
-98.62207  60.13027   -10.97715
-97.00468  58.45547   -11.85762
-100.0911  58.50332   -11.06328
-103.723  61.24043   -9.33584
-104.7327  61.32656   -9.154004
-104.0149  61.66152   -9.364551
-104.0963  67.7961   -8.508008
-102.9287  62.07305   -9.603808
-101.4932  59.93887   -11.01543
-101.4836  62.15918   -10.69004
-105.3309  64.11153   -10.13018
-107.934  66.86777   -8.72334
-106.5702  69.81543   -9.067871
-106.4745  70.07383   -9.268847
-105.7615  72.14101   -9.398046
-107.3358  71.98789   -9.498535
-107.3933  70.82988   -9.273633
-107.2928  70.30351   -11.04414
-107.8957  69.72929   -10.57041
-106.3405  74.15078   -11.25947
-106.5606  77.79707   -10.6709
-111.7382  84.85996   -9.259277
-113.9729  89.9418   -8.029492
-114.2743  93.58809   -9.307129
-112.0109  94.03789   -9.933985
-109.7667  94.74609   -9.627734
-107.8144  95.30117   -12.25957
-108.9293  94.20058   -12.46055
-110.2548  93.64551   -13.78604
-105.0437  97.54063   -14.75264
-107.8191  104.1729   -11.59922
-110.7812  116.71   -9.996191
-114.4322  124.4523   -7.550977
-115.1356  127.065   -7.474414
-114.8103  125.4668   -8.28789
-112.1832  125.084   -8.809473
-109.1111  122.1268   -10.11582
-105.3117  121.0357   -11.96289
-107.0057  120.7008   -11.38389
-108.3599  123.2082   -10.98672
-111.0204  125.9262   -12.42227
-113.8054  128.6154   -12.31221
-112.4799  131.1037   -11.74277
-110.7668  129.8596   -12.48926
-109.3982  131.0559   -11.71406
-106.7521  134.4533   -11.55615
-108.0393  138.2336   -10.73311
-108.7475  142.4732   -10.6709
-107.532  142.3775   -11.7332
-106.8047  141.4205   -11.77148
-104.4791  145.4783   -13.63291
-99.87099  150.7611   -12.20215
-104.8906  156.6852   -10.8958
-104.9385  155.91   -11.41738
-107.1301  156.2545   -12.59932
-102.0195  149.8424   -11.49395
-98.58379  153.8619   -12.3792
-96.35869  154.7807   -13.17832
-96.54531  164.418   -10.83359
-99.1628  165.7578   -11.46045
-99.2585  171.2129   -9.000879
-97.31572  169.5285   -10.60391
-95.75098  168.4375   -10.16846
-95.35381  173.3471   -9.20664
-101.6176  170.074   -10.42686
-100.3064  167.8441   -11.22119
-93.36797  165.9109   -11.21162
-94.56425  171.433   -10.22109
-95.66006  175.2133   -10.61348
-96.8372  169.5572   -11.33603
-94.21494  172.7729   -11.22598
-94.00439  173.6246   -10.91973
-93.0043  173.3375   -11.16377
-93.73164  176.4096   -10.71396
-96.70801  175.4334   -11.07764
-95.10976  176.0172   -11.51309
-91.47305  177.625   -12.19258
-89.92744  177.491   -10.54648
-89.00391  178.1514   -12.21172
-88.78379  175.4621   -11.58965
-88.52539  177.0316   -11.10156
-88.69765  178.3045   -10.8623
-88.79336  179.185   -11.13506
-87.86983  178.4002   -11.26426
-87.30996  178.8117   -10.49863
-87.6497  178.0652   -11.0585
-87.46787  181.769   -10.83838
-87.36259  183.7117   -10.80488
-88.31006  183.549   -11.16855
-89.18095  184.7262   -11.58486
-88.89384  185.5301   -11.64229
-88.32442  183.4438   -11.46523
-88.95605  183.7596   -11.01543
-87.51094  182.9078   -11.32168
-86.50127  181.7594   -11.21162
-85.13271  179.7018   -11.80977
-84.0417  185.2525   -10.41728
-84.57285  184.5156   -11.29297
-84.64941  188.5064   -10.2833
-85.04179  184.5061   -10.74746
-84.73076  181.032   -10.91016
-83.73545  184.3147   -10.56563
-84.44844  181.8742   -11.49395
-83.8503  180.7545   -11.70449
-80.73037  184.5826   -10.65654
-79.44316  183.7117   -10.64219
-79.95996  183.9605   -10.71875
-80.68252  185.3865   -10.26895
-82.08457  183.4055   -11.08242
-81.67783  186.9848   -10.59434
-81.51514  187.8748   -10.49863
-82.05586  185.3674   -10.96279
-82.94112  184.7836   -11.0585
-83.22823  184.6113   -11.13027
-83.05595  185.3195   -11.10156
-82.15635  185.8076   -11.24512
-81.14668  186.8508   -11.17334
-81.63955  186.1043   -11.25469
-81.74961  186.5445   -11.40303
-81.2711  187.1762   -11.16855
-81.63955  185.7119   -11.03457
-81.29024  185.5109   -11.14463
-81.40987  183.3289   -11.23555
-81.5295  183.6543   -11.2834
-80.83086  185.798   -10.73311
-81.82617  184.1041   -11.07285
-81.87402  184.8602   -10.96758
-81.20889  185.8268   -10.89102
-81.91231  185.4631   -10.83838
-82.53438  184.7262   -11.01064
-81.68262  186.3053   -11.02979
-82.22334  187.4824   -10.99629
-83.44356  187.3389   -11.20205
-84.13741  186.5063   -11.53701
-85.22842  182.6781   -11.52266
-86.02275  182.6973   -11.59443
-85.59209  184.4199   -11.13506
-85.77871  181.3191   -10.75703
-85.73564  182.2475   -10.54648
-85.48682  184.0371   -9.761719
-85.79785  184.3816   -9.929199
-87.19511  184.5348   -9.388476
-87.69756  181.7594   -9.843066
-89.04697  172.6676   -11.59443
-89.40586  177.6824   -10.57998
-89.46806  180.0271   -9.977051
-90.51601  178.3045   -9.843066
-90.64043  179.2711   -9.532031
-90.20976  178.1131   -9.570313
-90.73613  176.6584   -9.220996
-92.30088  175.644   -9.350195
-93.11914  174.4572   -8.575
-93.85127  174.3424   -8.598926
-93.96133  172.2848   -9.627734
-91.55918  168.7725   -8.981738
-91.20508  174.3232   -5.254102
-94.02832  169.4424   -5.718262
-96.44004  175.998   -3.225195
-96.85635  178.917   -2.655762
-96.0955  175.8928   -3.22041
-95.97588  171.0693   -2.268164
-97.39707  168.3035   -2.962012
-97.66982  166.5043   -4.42627
-97.17216  168.648   -2.373437
-97.86601  168.6959   -2.272949
-98.57422  165.2602   -1.37334
-98.67949  165.3654   -0.765625
-98.85654  165.174   -0.03828125
-99.32549  164.9826   1.205859
-99.10059  165.7674   1.693945
-98.49766  164.1691   1.832715
-99.67002  159.9869   1.622168
-99.88535  158.5035   0.6555664
-98.75127  156.8861   0.4737305
-98.63164  158.5322   1.598242
-98.89482  158.6088   2.234668
-100.9668  155.6324   1.928418
-103.5125  153.326   2.110254
-104.6083  153.5557   3.51709
-104.5461  153.0102   4.27793
-104.3786  150.5506   4.254004
-104.5126  148.2824   3.37832
-105.4074  148.7705   4.766016
-105.3691  149.8041   5.813965
-105.1825  148.6078   6.436035
-104.1585  145.5549   4.081738
-103.5891  141.8129   4.134375
-104.2973  140.54   4.392774
-104.2925  141.2004   5.488574
-106.1778  142.5881   6.900195
-106.8621  141.8129   7.048535
-105.9673  141.6789   7.866797
-105.9146  140.8271   7.326074
-106.4458  138.7887   7.311719
-107.087  138.5781   7.546191
-106.7473  138.6643   7.244727
-105.9721  138.0709   6.761426
-105.5988  137.1234   6.201562
-106.0104  137.6115   6.220703
-106.0773  138.3389   7.292578
-105.8764  138.5781   7.608398
-106.1156  138.8174   7.445703
-105.9386  139.1236   8.086914
-106.4219  140.3008   8.27832
-107.422  141.6885   9.307129
-107.3358  142.8943   9.881348
-107.5703  144.1193   11.22598
-108.5513  146.9234   11.57529
-108.6757  149.2969   10.60869
-108.6183  149.8711   7.230371
-107.1588  147.89   2.119824
-100.8711  149.9477   -1.473828
-103.6417  141.7937   -3.928613
-103.2063  141.0377   -7.929004
-106.6324  146.3779   -9.704297
-102.6895  150.1965   -7.278223
-98.37803  155.2879   -5.211035
-97.38271  147.6604   -11.59443
-103.4407  148.9045   -9.579883
-102.3976  155.8238   -10.67568
-101.7851  161.2789   -10.88623
-102.4741  164.15   -12.09209
-101.9621  161.3076   -13.98701
-102.6033  157.7092   -13.67119
-100.0672  155.0103   -13.43193
-101.1486  155.6611   -14.76699
-100.1868  159.8147   -14.12578
-102.0339  158.2451   -14.92969
-102.9479  157.0297   -15.19766
-102.6272  157.6039   -15.18809
-103.2254  158.5514   -15.24551
-101.2443  157.5656   -15.52305
-100.0863  158.4844   -15.31729
-99.6461  159.6998   -15.10674
-100.517  160.3697   -15.32207
-100.584  159.9869   -15.41299
-101.1438  159.4893   -15.42256
-102.2253  159.4127   -15.39863
-103.6608  159.7477   -15.51348
-103.3163  158.7619   -15.60439
-103.0148  157.5369   -15.38428
-102.254  158.1303   -15.13545
-100.7467  159.7189   -14.98232
-100.6845  158.6662   -15.26943
-100.5648  160.5324   -15.13066
-99.33984  160.6664   -14.84834
-100.3878  159.3457   -14.30283
-101.2635  161.1066   -14.52773
-101.5075  161.0301   -14.50859
-101.2539  162.4369   -14.68086
-102.2923  161.633   -14.26455
-102.01  159.9869   -14.24541
-101.4357  159.1352   -14.3124
-100.1916  159.8912   -13.8626
-100.3782  157.4221   -13.71904
-100.5601  159.116   -13.42715
-100.5648  158.6375   -13.84346
-101.5075  157.2498   -13.42236
-101.8138  157.1158   -13.01084
-101.608  157.824   -11.72363
-103.0818  159.0777   -11.45088
-99.04317  154.6945   -11.83369
-99.79922  154.2065   -12.15908
-104.9385  146.7703   -10.58955
-104.7184  153.7949   -9.709082
-102.2014  149.2107   -9.876562
-103.2876  139.3725   -11.24512
-101.6367  137.2766   -9.302343
-101.8138  136.798   -8.976954
-110.0538  141.3057   -8.493652
-116.509  147.0766   -4.775586
-121.0932  143.9949   -4.158301
-118.0977  132.3479   -4.541113
-111.3602  118.6623   -7.129883
-106.8717  108.6518   -8.55586
-102.5603  102.8809   -9.948339
-107.7713  99.42598   -8.436231
-111.5181  102.1057   -6.852344
-113.6379  96.24863   -7.393066
-111.8243  90.63086   -7.957715
-111.3219  86.14238   -8.297461
-110.0538  80.72559   -9.517675
-108.0201  75.32793   -10.5752
-104.1106  69.46133   -11.66621
-100.8855  69.25078   -11.73799
-102.7373  67.7961   -12.51797
-104.7471  65.17383   -13.12568
-108.8097  64.34121   -12.0251
-109.671  63.94883   -11.25947
-107.9531  63.37461   -12.00596
-106.9387  63.35547   -11.38867
-107.0392  64.23594   -11.50352
-105.7376  64.5709   -11.62793
-102.0817  66.60938   -11.53701
-104.3116  67.58555   -10.81924
-106.2544  66.97305   -10.52734
-107.5942  67.32715   -10.00576
-108.3312  69.36562   -9.704297
-109.848  71.02129   -8.450586
-112.0971  73.19375   -6.88584
-115.0256  74.95469   -7.407422
-117.0449  72.58125   -8.771192
-116.0161  77.82578   -10.17324
-111.9535  77.20371   -10.92451
-104.8476  74.10293   -13.19268
-104.1346  77.34727   -13.53242
-107.7665  82.73535   -11.65664
-110.0825  88.42969   -11.4748
-112.365  88.61153   -11.58486
-114.4227  93.82735   -13.48457
-114.4849  99.9045   -17.45147
-104.9768  140.2816   -6.794922
-99.51211  135.1328   -12.25
-96.36826  133.6877   -11.19727
-94.54512  151.5172   -8.857325
-94.79873  157.2115   -8.086914
-95.70313  159.3744   -8.589355
-95.47343  166.8393   -6.991113
-100.6127  186.3244   -4.861719
-94.46377  187.0996   -5.622559
-93.21484  183.9797   -5.306738
-91.91328  184.2285   -5.359375
-91.46826  176.2564   -6.919336
-90.83183  172.1699   -7.976855
-105.8333  183.5203   -14.38896
-89.28623  167.0977   -5.723047
-82.22813  165.0496   -9.685156
-91.09023  161.5373   -9.752149
-97.50713  164.2266   -10.66611
-99.08623  171.4809   -10.63262
-99.26807  179.3572   -10.04883
-100.3782  179.941   -10.78574
-100.895  179.3955   -10.48906
-97.75596  176.5244   -11.68535
-94.24844  171.9785   -10.92451
-94.02832  165.107   -10.99629
-93.27705  161.566   -10.69961
-92.02334  159.8816   -9.010449
-93.10957  158.025   -9.685156
-96.07637  157.068   -8.73291
-95.78447  155.2113   -6.306836
-103.9767  146.2152   -6.924121
-111.1927  143.6313   -10.19717
-112.3746  145.3252   -7.64668
-104.5892  135.9176   -6.790137
-90.41074  116.2314   -11.43652
-104.6801  106.9291   -13.14004
-112.2933  106.8525   -8.072558
-113.5805  112.5469   -9.991406
-123.9355  104.0484   -6.531738
-122.5287  99.158   -8.177832
-116.5616  89.33887   -9.072657
-113.4369  80.02695   -8.828613
-112.5899  73.64355   -10.446
-104.0006  71.98789   -12.83379
-105.5845  65.24082   -13.30752
-104.0341  65.69063   -13.2501
-102.4071  65.65234   -14.4751
-108.1254  63.29805   -11.91504
-110.7955  64.78145   -11.39824
-110.2787  66.87734   -10.78096
-109.6997  67.16445   -10.72354
-107.7282  66.88692   -10.36943
-105.9051  68.5043   -10.71875
-107.2688  71.83476   -8.986524
-108.2498  72.79179   -8.010351
-110.4558  72.31328   -7.699317
-111.3506  73.48086   -7.718457
-112.8962  72.5334   -6.704004
-115.6907  81.57735   -6.268555
-115.1787  87.86504   -9.359766
-112.8962  87.47266   -7.378711
-111.3506  85.85527   -9.895703
-109.427  90.62129   -11.61357
-112.2693  93.3584   -12.22607
-107.7809  92.25781   -11.78584
-104.2303  92.63106   -17.76728
-67.2793  107.5033   -20.01631
-86.93193  117.8871   -13.02998
-129.1562  148.627   -2.928516
-137.5015  137.2   -6.593946
-106.4075  127.1416   -11.38389
-94.77959  139.918   -8.374023
-97.41621  153.5748   -6.670508
-96.9042  165.4133   -3.0625
-100.3304  164.7816   -5.349805
-101.4549  165.7387   -4.770801
-103.278  170.9353   -4.239648
-104.1489  173.3184   -4.234863
-100.9668  174.9932   -4.498047
-99.51211  169.4615   -5.737402
-97.96172  162.7814   -6.239844
-97.73682  157.3455   -6.412109
-96.49746  156.5703   -5.684766
-98.12441  154.6275   -5.919238
-100.3878  155.7281   -5.124902
-103.0483  157.891   -6.211133
-103.7613  157.8145   -6.364258
-110.0538  166.265   -3.761133
-101.8855  159.9008   -6.163281
-103.3307  156.733   -3.660645
-104.5174  160.542   -5.177539
-96.14815  148.3016   -4.995703
-100.584  165.6047   -1.06709
-102.1152  158.4652   -3.048145
-103.3929  155.9387   -3.474023
-101.3879  159.8721   -3.536231
-101.2348  159.5371   -2.560059
-102.0243  157.3838   -1.957129
-102.8952  155.5463   -2.622266
-104.1872  153.5652   -4.713379
-98.82784  128.2996   -2.947656
-103.3594  126.5578   -3.387891
-100.4691  123.9547   -22.8252
-113.102  146.0334   -11.78105
-129.2519  163.6236   2.732324
-117.4421  142.1766   0.2918945
-116.4276  145.9951   5.775683
-107.0966  138.2527   -4.402344
-105.1921  140.3199   -2.172461
-105.7376  138.9801   -3.225195
-106.709  136.5588   -3.407031
-118.179  113.6283   -3.287402
-106.8908  117.7531   -5.072266
-109.7858  127.2756   -3.253906
-109.2451  144.7414   -1.952344
-110.585  129.6586   -3.115137
-109.6806  130.5008   -1.789648
-108.3694  132.7881   -2.258594
-108.781  132.8934   -2.129395
-110.6089  129.2279   -2.009766
-111.8913  133.2379   -2.057617
-111.9774  140.4731   -0.5598633
-110.1974  135.5635   -1.655664
-113.3077  136.6832   -2.105469
-114.1882  130.3285   -1.478613
-112.8675  133.9078   -1.248926
-111.5468  133.391   -4.316211
-107.6899  140.741   -6.751855
-104.4025  139.7361   -4.091309
-104.4743  142.234   -4.349707
-103.3163  155.575   -0.5933594
-105.7663  163.4705   -1.05752
-108.5848  165.8631   -0.5646484
-109.7093  157.4125   -3.675
-106.0151  150.3592   -7.828516
-101.1056  160.408   -5.21582
-98.25362  164.0926   -4.904785
-96.88506  170.9353   -5.646484
-93.54024  178.1609   -3.97168
-90.31504  178.1131   -5.895312
-87.78848  176.735   -5.148828
-86.55869  178.6969   -4.708594
-85.15186  177.9121   -6.627441
-82.39082  178.4193   -4.76123
-81.03184  180.3813   -4.268359
-81.07969  180.1994   -4.957422
-81.77832  180.965   -5.469434
-83.76416  182.0656   -6.617871
-83.89336  186.066   -6.900195
-82.98897  187.9609   -6.775781
-82.82149  186.8412   -7.206445
-81.87402  185.5875   -7.708887
-81.18018  184.5443   -7.479199
-79.3044  183.1566   -7.407422
-79.18477  181.702   -8.546289
-78.62012  183.3576   -8.618067
-77.48604  186.5541   -7.393066
-77.17979  186.5828   -7.842871
-76.70605  188.1619   -7.809375
-76.08877  187.827   -7.981641
-75.18916  186.7168   -7.316504
-74.31348  184.3529   -6.7375
-73.7584  184.1328   -6.546094
-73.26074  184.9463   -6.861914
-73.41386  185.5492   -7.278223
-73.30381  187.7408   -7.460059
-73.06455  188.1141   -8.153906
-73.94981  188.3629   -8.311816
-73.1459  188.1619   -8.488867
-72.42812  187.1379   -8.857325
-71.39453  188.0854   -8.187403
-71.94004  187.7121   -8.283106
-72.2415  188.8031   -8.460156
-71.61943  190.2865   -8.12998
-71.57158  188.6021   -8.173047
-71.51894  188.8893   -7.929004
-71.16006  188.8223   -8.149121
-70.93037  188.851   -7.828516
-70.52364  187.7695   -7.900293
-70.36572  187.4346   -7.914649
-70.60976  187.224   -8.158691
-70.98301  187.4346   -8.206543
-69.98769  189.8941   -7.924219
-70.98779  189.9994   -8.311816
-71.72949  191.1574   -8.039063
-71.4998  190.4588   -7.761523
-71.26534  188.1236   -7.952929
-70.41357  187.6355   -7.598828
-70.37051  185.6641   -7.617969
-69.4374  184.5635   -7.455274
-68.42295  185.6736   -7.460059
-68.14541  187.2432   -7.570117
-69.26992  187.3963   -7.684961
-70.26045  190.2865   -8.10127
-70.62891  191.1287   -8.024707
-70.71504  188.4395   -8.909961
-69.72451  188.851   -8.187403
-69.84892  187.157   -8.139551
-69.96377  187.4154   -7.914649
-70.43272  187.7408   -7.81416
-69.9542  187.827   -7.393066
-70.40401  187.4154   -7.718457
-69.47569  187.1475   -7.182519
-69.74844  186.3723   -7.81416
-68.28418  188.2959   -7.393066
-67.95879  185.8363   -7.254297
-67.91573  188.2959   -6.866699
-69.28906  189.1668   -7.402637
-70.84902  189.0998   -7.833301
-71.6625  190.3248   -7.842871
-71.41846  191.3105   -7.799805
-70.98301  189.5209   -7.579688
-67.82481  188.5352   -6.44082
-66.91084  186.9848   -7.091601
-68.7627  185.2238   -7.105957
-68.36074  184.5156   -7.225586
-68.40381  185.0707   -7.402637
-69.03066  187.8557   -7.383496
-69.76758  188.9945   -7.761523
-71.76778  188.6787   -8.072558
-72.83008  189.3199   -7.986426
-72.29893  189.674   -8.168262
-72.275  188.4777   -8.177832
-72.921  187.3867   -8.139551
-72.49033  187.0805   -8.048633
-72.00224  186.6498   -8.010351
-71.27012  185.6258   -7.728027
-70.73897  186.3148   -7.675391
-69.87285  189.4252   -6.646582
-70.99258  191.0043   -7.460059
-73.85889  190.1812   -8.436231
-73.96416  189.1764   -8.321386
-73.83018  187.8365   -8.326172
-74.13643  186.2191   -8.512793
-74.87334  186.7646   -8.598926
-74.19385  188.8127   -8.27832
-75.25615  187.0518   -8.350098
-75.39492  189.9037   -8.244824
-75.94521  190.2291   -7.632324
-82.48653  179.1563   -11.39346
-79.35225  185.2908   -7.292578
-80.44326  181.3191   -8.359668
-80.51025  180.4961   -7.756738
-80.52461  182.2188   -5.919238
-82.29033  182.4389   -1.990625
-82.58223  182.0273   -6.349902
-86.69746  185.2143   -20.87764
-82.43867  186.5828   -9.287989
-86.01318  186.4775   -7.230371
-84.97481  188.2289   -7.369141
-82.70186  186.334   -7.651465
-81.56299  181.367   -8.976954
-83.00332  179.5678   -8.364453
-90.41074  185.5588   -6.617871
-92.43965  186.4393   -5.991015
-88.76465  181.2617   -8.570215
-86.06582  178.9457   -7.541406
-84.42451  182.5154   -7.708887
-77.24678  187.2336   -5.866601
-89.93223  178.0174   -2.210742
-90.73613  181.5393   -3.426172
-96.22471  186.4967   -2.148535
-91.07588  180.9076   -5.426367
-94.8418  183.9988   -2.885449
-82.34776  171.0406   -8.852539
-89.80782  169.3275   -6.139356
-97.68418  170.7439   -3.435742
-94.43984  177.9791   -2.60791
-89.93223  177.4049   -5.20625
-89.39629  173.3662   -5.177539
-76.66777  150.0434   -5.024414
-49.53594  153.9576   -24.09805
-54.9623  101.2826   15.32207
-107.5512  166.7818   -0.1626953
-90.69307  178.582   -0.9618164
-91.14766  177.2518   -1.732227
-91.56875  176.1703   -2.359082
-91.49219  175.577   -0.6651367
-91.60703  175.443   -1.770508
-92.09033  173.8447   -1.885352
-90.10928  176.0842   -1.813574
-81.04619  164.5902   -2.363867
-71.81084  188.7266   2.263379
-85.81699  186.2383   4.086524
-91.62617  176.5818   -1.875781
-92.76504  171.8158   -2.383008
-84.03213  180.7545   0.215332
-79.86426  187.827   4.019531
-77.22764  188.1428   3.899902
-74.83984  184.6592   4.627246
-80.6251  181.4723   3.66543
-79.50537  181.3096   0.5359375
-72.30371  188.6691   -3.024219
-62.47021  182.1613   7.082031
-71.80127  181.3287   1.502539
-74.75371  189.4731   4.354492
-70.58105  180.4865   1.354199
-74.77285  191.1957   4.517188
-74.86377  191.2436   4.110449
-72.92578  186.2957   1.354199
-72.60518  185.8746   2.516992
-72.55733  185.999   1.497754
-72.68652  186.2   1.952344
-72.64824  186.0469   2.339942
-72.64346  186.1809   1.952344
-72.79659  186.1617   1.406836
-72.72481  186.2191   1.335059
-72.66738  186.1043   1.268066
-72.67696  186.2287   1.181934
-72.71045  186.2383   1.315918
-72.72481  186.3148   1.622168
-72.69131  186.0947   1.708301
-72.54775  186.4106   1.349414
-72.60996  186.066   1.488184
-72.7583  186.1809   1.655664
-72.73438  186.1809   1.693945
-72.58604  186.1713   1.248926
-72.66738  186.1426   1.258496
-72.66738  186.3053   1.483398
-72.63867  186.2957   1.603027
-72.64824  186.1809   1.526465
-72.73916  186.1617   1.646094
-72.60518  186.0756   1.507324
-72.68652  186.2957   1.502539
-72.67696  186.1617   1.425977
-72.74394  186.2287   1.358984
-72.7583  186.2191   1.449902
-72.70088  186.2383   1.440332
-72.73438  186.1139   1.603027
-72.69131  186.2   1.507324
-72.73916  186.0947   1.536035
-72.68174  186.1234   1.559961
-72.72481  186.1043   1.650879
-72.72481  186.2478   1.559961
-72.68174  186.2096   1.526465
-72.65781  186.0277   1.526465
-72.71523  186.0182   1.502539
-72.69609  186.0852   1.507324
-72.65303  186.0947   1.464258
-72.66738  186.2861   1.555176
-72.76308  186.1713   1.435547
-72.71523  186.2766   1.54082
-72.69609  186.1904   1.579102
-72.7583  186.0182   1.492969
-72.78223  186.2   1.464258
-72.63389  186.1617   1.459473
-72.71045  186.2574   1.722656
-72.68174  186.2   1.564746
-72.71045  186.1426   1.445117
-72.60996  186.1904   1.502539
-72.68174  186.2191   1.52168
-72.68652  186.1713   1.492969
-72.70088  186.2287   1.574316
-72.68652  186.1713   1.516895
-72.70567  186.2287   1.603027
-72.73916  186.2574   1.579102
-72.69609  186.1617   1.459473
-72.70088  186.1617   1.464258
-72.64346  186.1617   1.488184
-72.64824  186.0469   1.440332
-72.69131  186.3627   1.397266
-72.68652  186.1426   1.478613
-72.72002  186.0086   1.53125
-72.76787  186.2096   1.497754
-72.76787  186.2383   1.478613
-72.6626  186.2574   1.473828
-72.60996  186.2096   1.469043
-72.71045  186.1904   1.54082
-72.73438  186.1043   1.497754
-72.69131  186.1139   1.502539
-72.73916  186.1426   1.526465
-72.63389  186.066   1.516895
-72.69609  186.1617   1.545605
-72.6626  186.3053   1.536035
-72.60996  185.999   1.368555
-72.61953  186.2957   1.368555
-72.74394  186.2766   1.421191
-72.72481  186.3627   1.512109
-72.77266  186.1234   1.52168
-72.77266  185.9512   1.502539
-72.79659  186.2191   1.641309
-72.72959  186.1234   1.459473
-72.71523  186.0756   1.492969
-72.73438  186.0564   1.82793
-72.69131  185.9512   1.732227
-72.73438  186.1809   1.68916
-72.69609  186.2287   1.516895
-72.76308  186.2383   1.550391
-72.73438  186.1521   1.536035
-72.65781  185.9799   1.516895
-72.5334  186.133   1.210644
-72.66738  186.2478   1.387695
-72.73438  186.133   1.636523
-72.68652  186.2096   1.588672
-72.72481  186.3244   1.516895
-72.66738  186.1139   1.449902
-72.64346  186.1904   1.473828
-72.76308  185.9416   1.469043
-72.68652  186.2096   1.421191
-72.72959  186.0373   1.526465
-72.67696  186.2766   1.449902
-72.70088  186.1521   1.507324
-72.69609  186.1139   1.469043
-72.75352  186.1713   1.440332
-72.65303  186.1809   1.603027
-72.69609  186.2096   1.593457
-72.71523  186.1426   1.53125
-72.72002  186.1713   1.574316
-72.72002  186.2096   1.555176
-72.68174  186.1904   1.52168
-72.63389  186.0756   1.583887
-72.71045  186.2478   1.469043
-72.73438  186.2   1.378125
-72.65781  186.0277   1.53125
-72.70567  186.1713   1.545605
-72.68652  185.999   1.703516
-72.72959  186.1234   1.770508
-72.64346  186.267   1.593457
-72.66738  186.2   1.54082
-72.67696  186.2   1.54082
-72.69131  186.1043   1.526465
-72.73438  186.0756   1.545605
-72.6291  185.9225   1.54082
-72.71045  185.8938   1.564746
-72.76308  186.133   1.631738
-72.70567  186.2574   1.516895
-72.69131  186.1713   1.536035
-72.74394  186.133   1.507324
-72.72481  186.0564   1.526465
-72.69131  186.1426   1.622168
-72.72002  186.2766   1.559961
-72.73438  186.2191   1.502539
-72.68652  186.2   1.454687
-72.74394  186.2383   1.478613
-72.6626  185.999   1.516895
-72.74394  186.0947   1.555176
-72.73916  186.1713   1.536035
-72.65303  186.2383   1.497754
-72.72002  186.2574   1.612598
-72.6291  186.2383   1.579102
-72.77266  186.0564   1.550391
-72.78701  186.0469   1.449902
-72.78701  186.0947   1.550391
-72.73916  186.0086   1.555176
-72.67216  186.066   1.612598
-72.69131  186.1713   1.693945
-72.72002  186.1043   1.478613
-72.73916  186.1521   1.588672
-72.72481  186.133   1.378125
-72.75352  186.2383   1.411621
-72.68652  186.1426   1.406836
-72.71045  186.2191   1.406836
-72.66738  186.267   1.454687
-72.70567  186.0852   1.603027
-72.75352  186.0756   1.622168
-72.73916  186.2383   1.780078
-72.73438  186.1809   1.775293
-72.74394  186.2861   1.713086
-72.71523  186.1521   1.598242
-72.73916  186.133   1.569531
-72.73916  186.1043   1.550391
-72.66738  185.999   1.641309
-72.82529  186.1139   1.53125
-72.72481  186.1139   1.569531
-72.68652  186.1043   1.631738
-72.70567  186.0947   1.622168
-72.77744  186.2766   1.579102
-72.74394  186.2287   1.440332
-72.71523  186.2574   1.631738
-72.70567  186.1426   1.636523
-72.69609  186.0852   1.598242
-72.66738  186.1234   1.574316
-72.68652  186.3053   1.612598
-72.6291  185.9512   1.646094
-72.73438  186.2383   1.650879
-72.72481  186.133   1.588672
-72.68174  186.0277   1.646094
-72.74873  186.1234   1.53125
-72.69131  185.9703   1.756152
-72.68174  186.0756   1.894922
-72.55733  186.0469   2.081543
-72.24629  185.932   3.311328
-64.09238  201.924   7.440918
-76.3376  212.8629   9.225781
-86.52519  206.8527   0.1339844
-76.85918  196.0287   -7.50791
-70.86816  191.4063   3.287402
-77.23721  179.2137   -2.378223
-84.24268  153.9576   -3.871192
-83.06075  169.4902   -5.019629
-88.87949  178.0939   -1.593457
-90.88926  175.242   1.325488
-92.61192  173.0982   0.7225586
-93.41582  172.4092   -0.7416992
-94.59297  171.0023   -0.5933594
-95.02842  170.2271   0.06699219
-95.05713  170.6865   -0.5837891
-94.89443  171.1076   -0.5263672
-94.52119  172.1699   -0.3110352
-94.03789  172.7537   -0.2966797
-93.53066  173.6533   -0.1387695
-93.24834  174.0457   -0.1770508
-93.02822  174.5912   -0.244043
-93.07607  174.5625   -0.153125
-93.31533  174.218   -0.1435547
-93.60722  173.5959   -0.08613281
-93.95176  172.9643   -0.2631836
-94.32979  172.4092   -0.4976563
-94.8083  171.8637   -0.3110352
-95.14326  171.2512   -0.3493164
-95.40166  170.9736   -0.3110352
-95.54043  170.7248   -0.3732422
-95.74141  170.5334   -0.4067383
-95.71269  170.6291   -0.4498047
-95.68398  170.5717   -0.3588867
-95.57393  170.677   -0.4689453
-95.66006  170.8588   -0.521582
-95.63613  170.8779   -0.4928711
-95.68398  170.6961   -0.4833008
-95.74141  170.4855   -0.3301758
-95.8084  170.4377   -0.368457
-95.94238  170.2846   -0.521582
-95.98067  170.1027   -0.5837891
-96.23906  169.873   -0.4689453
-96.31084  169.519   -0.4880859
-96.48311  169.3467   -0.5120117
-96.63623  169.2701   -0.5407227
-96.71758  169.0309   -0.6651367
-96.79893  168.849   -0.5167969
-96.77979  168.9352   -0.6029297
-96.88027  168.782   -0.703418
-96.96162  168.8107   -0.5072266
-96.99512  168.3801   -0.5455078
-97.05733  168.5428   -0.6077148
-97.04775  168.4949   -0.6651367
-97.1626  168.2748   -0.6938477
-97.22481  167.9973   -0.6794922
-97.2583  168.0643   -0.4737305
-97.34922  167.8441   -0.5646484
-97.40664  167.8537   -0.6794922
-97.42578  167.6814   -0.7608398
-97.47842  167.6336   -0.7751953
-97.00468  168.3514   -2.91416
-93.90391  174.0074   -1.205859
-95.93282  169.3467   1.550391
-97.66504  166.9063   -0.2775391
-98.02871  166.5426   -0.9139649
-95.83232  169.0787   1.928418
-100.1725  162.0158   -1.158008
-98.50244  164.5424   -1.325488
-96.97598  166.7053   -0.2823242
-97.70332  158.5992   -2.631836
-96.06201  151.5172   -2.885449
-91.91328  143.7557   -4.143945
-99.61259  137.9273   -4.957422
-96.70322  127.3234   -6.062793
-106.7903  137.602   -2.497852
-106.2831  128.625   -5.378516
-110.9008  131.3813   -1.655664
-111.542  134.1566   1.153223
-111.5516  130.8645   2.646191
-133.8982  127.1895   7.49834
-115.2457  128.424   0.2249023
-113.5087  115.7529   -0.4833008
-107.934  116.5186   -2.918945
-113.8532  103.2445   -0.9522461
-108.9341  109.226   -2.339942
-109.3887  109.1686   -4.005176
-114.0303  107.8861   -4.852149
-111.5898  110.5945   -2.957227
-111.7143  116.6334   -1.54082
-111.609  117.8393   -2.215527
-108.647  111.0156   -3.962109
-110.5467  117.8775   -2.784961
-110.5467  120.9783   -1.545605
-110.3409  122.6053   -1.047949
-110.1064  121.275   -1.344629
-110.4893  122.5096   -0.4976563
-110.4558  124.2418   -0.244043
-110.0347  123.6963   -0.5933594
-109.7715  120.8635   -1.196289
-110.1543  120.4328   -1.186719
-111.1496  124.9787   -0.2727539
-110.3792  120.9018   -1.818359
-110.3026  121.2176   -1.512109
-110.4318  120.6434   -1.760937
-111.1975  116.4707   -1.789648
-111.2932  125.4477   -0.9091797
-110.073  114.2312   -2.464355
-111.8339  128.759   0.765625
-107.5416  123.4475   -2.167676
-109.7093  118.49   -2.177246
-109.3408  118.9398   -1.612598
-110.6089  126.6057   0.4354492
-110.1399  121.4664   -1.684375
-109.6375  116.0879   -1.512109
-109.1255  118.6814   -1.464258
-112.6809  125.5242   2.421289
-119.6098  105.9338   6.416894
-113.6905  122.2512   -0.05742187
-107.8861  133.4484   -1.114941
-105.3739  123.3996   0.4210938
-106.0199  128.2613   1.703516
-109.5896  125.9262   -19.62871
-106.0486  132.9029   -7.81416
-107.6373  132.7881   -3.162988
-108.2163  132.032   -1.894922
-111.0683  127.4287   -1.770508
-113.724  122.4043   -1.799219
-112.7526  124.7969   -1.722656
-111.0922  127.9455   -1.722656
-109.6519  131.5057   -2.28252
-108.4412  131.2186   -3.373535
-108.6039  135.0371   -4.000391
-105.0103  140.8559   -0.2966797
-104.9576  142.7603   -1.870996
-105.7567  140.4252   -1.52168
-113.2168  112.1832   -8.924316
-104.5078  187.1953   2.981152
-103.6465  120.0691   -1.732227
-110.8721  132.8551   -4.622461
-108.3216  127.9264   -2.627051
-105.0868  122.6723   -4.665527
-112.6426  129.716   -1.148438
-114.0398  132.2713   2.45957
-114.5758  130.0127   1.607813
-112.6043  130.8166   2.325586
-110.9008  124.9883   -1.119727
-110.0969  116.643   -5.230176
-109.3695  115.3031   -5.589063
-108.3934  116.0783   -5.627344
-108.4651  118.6719   -1.320703
-111.2118  115.083   -1.258496
-107.3598  118.9973   1.641309
-108.1972  115.0639   4.402344
-109.4174  113.7049   3.622363
-109.7858  111.8291   3.258691
-111.4032  110.0395   2.258594
-108.9006  108.4604   -1.507324
-110.3983  107.9723   1.67959
-110.0825  105.2447   -2.272949
-111.7334  107.599   1.148438
-112.6665  106.173   1.789648
-112.4655  106.0104   2.536133
-110.9582  107.3885   1.181934
-110.4318  106.6611   -0.1722656
-109.6566  106.776   1.071875
-109.7619  105.9051   2.162891
-110.0777  105.1969   3.66543
-111.3889  104.1154   2.368652
-111.097  102.1918   0.009570313
-111.542  105.1012   0.5167969
-113.6188  105.8572   2.713184
-113.2407  107.9914   4.215723
-114.1834  108.6709   5.900098
-114.5901  110.3074   7.292578
-112.3794  116.6908   6.924121
-111.0587  118.5379   3.765918
-108.6661  118.2604   -3.98125
-108.2785  113.0541   -8.919531
-108.5991  113.2072   -8.484082
-110.384  113.7049   -11.43652
-107.8191  118.1359   -7.627539
-109.1303  114.748   -7.129883
-111.03  116.9301   -5.651269
-107.8191  122.4713   -6.426465
-106.2592  124.4045   -6.28291
-107.5368  121.1314   -6.818848
-110.3648  123.5814   -6.483887
-111.2453  126.1654   -5.737402
-112.3603  122.366   -5.349805
-110.5419  121.8301   -6.57002
-111.8243  127.333   -5.723047
-111.6855  126.175   -6.086719
-111.097  127.0746   -6.125
-111.4559  126.0793   -5.555566
-110.4031  127.3809   -5.158399
-108.1397  131.1516   -5.823535
-109.7093  118.6432   -6.416894
-104.2207  130.3285   -7.302148
-104.6179  133.0465   -6.416894
-110.4893  123.8877   -5.732617
-107.4746  123.6771   -7.19209
-109.36  124.7395   -8.019922
-107.6229  130.5869   -5.928809
-108.4939  131.008   -3.651074
-111.097  133.9078   -3.316113
-109.3504  133.2092   0.04785156
-111.6521  129.984   5.220605
-106.6133  127.7637   6.158496
-108.4604  128.5389   6.072363
-107.355  129.7639   8.957812
-108.3694  126.7492   5.756543
-110.8242  121.6961   5.234961
-109.3456  124.7586   4.416699
-109.6279  123.524   4.354492
-110.0777  124.8734   5.062696
-108.4508  125.5721   4.833008
-110.073  124.749   7.029395
-111.877  124.2131   9.795215
-110.762  129.3715   12.46055
-112.8579  130.4146   14.38418
-115.9922  129.4576   11.16855
-116.0305  124.9978   0.5359375
-109.5131  113.3891   -11.16377
-106.374  115.3414   -14.36982
-108.2977  122.098   -7.34043
-110.1208  114.8533   -9.512891
-109.0729  119.6193   -7.354785
-106.331  118.691   -8.575
-108.2355  121.8588   -7.670606
-106.0343  128.6441   -7.694531
-106.3788  129.3236   -7.326074
-108.2355  129.8883   -7.345215
-109.1638  128.6059   -7.790235
-110.4318  128.6633   -7.283008
-111.2692  127.5053   -7.206445
-110.9104  126.1367   -7.134668
-108.6565  128.4432   -7.550977
-108.2929  124.4428   -7.929004
-105.6754  127.2277   -7.847656
-106.5319  125.0361   -7.029395
-112.1449  114.1834   -8.957812
-106.3022  121.7439   -9.35498
-105.7998  134.5682   -5.287598
-111.3027  147.8709   -0.05263672
-110.4318  149.2107   5.316308
-114.3174  138.5494   3.488379
-110.8769  135.8889   5.622559
-106.1252  136.6641   3.545801
-108.6613  131.2664   2.918945
-107.9483  133.9748   5.98623
-109.36  132.8838   3.048145
-108.5273  135.4391   4.402344
-108.2929  137.3531   5.565137
-108.7522  140.4826   9.230566
-109.8576  142.3488   10.25937
-111.5468  142.0809   10.03926
-115.0878  132.032   -5.560351
-109.5609  127.8785   -9.709082
-112.2215  112.9775   -11.21162
-106.5941  111.2836   -10.68047
-103.8427  114.3461   -10.90059
-105.5031  114.5662   -8.235254
-104.1537  122.4809   -6.943262
-105.4792  126.7971   -7.34043
-109.6136  129.5916   -5.928809
-112.5804  132.6254   -4.622461
-114.6858  128.4049   -4.325781
-114.3987  125.2945   -4.847363
-113.9059  128.0412   -4.536328
-113.0397  127.6775   -3.727637
-110.695  127.8881   -3.794629
-109.293  124.4906   -3.177344
-109.6519  122.0693   -4.191797
-108.3168  120.8348   -4.809082
-102.8282  126.2037   -6.158496
-78.08897  142.0904   -12.49883
-92.29131  132.8264   -4.521973
-118.5905  141.6215   4.349707
-116.308  122.6627   0.4354492
-113.7145  117.0354   -2.689258
-114.6476  117.7723   -0.2631836
-113.7049  119.5715   -1.784863
-111.6233  122.5957   -1.713086
-109.7236  125.4381   -1.631738
-108.5082  128.0891   -1.894922
-108.3216  130.9314   -1.06709
-107.5703  131.2281   -1.780078
-107.9388  130.673   -1.722656
-108.7666  129.1227   -1.780078
-109.6566  127.4479   -1.636523
-110.384  126.0889   -1.545605
-110.652  125.2562   -1.459473
-110.7381  125.1797   -1.69873
-110.5084  125.2658   -1.478613
-110.0395  126.175   -1.425977
-109.5705  127.065   -1.67959
-109.4126  127.4957   -1.569531
-109.3887  127.4574   -1.512109
-109.671  127.0842   -1.545605
-109.9103  126.443   -1.406836
-109.9485  126.2994   -1.593457
-109.8385  126.3951   -1.674805
-109.8337  126.4143   -1.469043
-109.8911  126.6152   -1.52168
-109.8433  126.6057   -1.593457
-109.7045  126.6918   -1.641309
-109.6901  126.577   -1.464258
-109.6997  126.6535   -1.516895
-109.8193  126.6248   -1.564746
-109.8863  126.5482   -1.492969
-109.939  126.4047   -1.559961
-109.9533  126.2803   -1.641309
-109.915  126.1941   -1.526465
-109.8385  126.1367   -1.507324
-109.8672  126.1846   -1.641309
-109.8433  126.2516   -1.626953
-109.8241  126.2707   -1.488184
-109.8289  126.242   -1.68916
-109.8385  126.51   -1.502539
-109.7667  126.3664   -1.68916
-109.7954  126.0793   -1.641309
-109.7954  126.0602   -1.454687
-109.7428  126.0506   -1.588672
-109.8289  125.9262   -1.646094
-109.9007  125.8975   -1.751367
-109.8911  126.1941   -1.545605
-109.8385  126.2229   -1.612598
-109.9533  126.2898   -1.512109
-109.8098  125.9549   -1.54082
-109.7858  126.1176   -1.545605
-109.848  125.9357   -1.52168
-109.8528  126.0314   -1.674805
-109.7045  126.0314   -1.603027
-109.7571  125.9453   -1.574316
-109.8576  125.84   -1.741797
-109.872  125.9549   -1.708301
-109.8624  125.9645   -1.641309
-109.9533  125.9166   -1.655664
-109.9533  125.6486   -1.607813
-109.9007  125.6582   -1.646094
-109.8624  125.7635   -1.660449
-109.8385  125.7635   -1.545605
-109.8863  125.84   -1.737012
-109.8815  125.907   -1.588672
-109.8576  125.7443   -1.674805
-109.8815  125.6965   -1.631738
-109.8911  125.7443   -1.397266
-110.0203  125.773   -1.646094
-109.9437  125.6869   -1.464258
-109.8959  125.6869   -1.569531
-109.8911  125.6104   -1.626953
-109.915  125.7922   -1.607813
-109.848  125.5816   -1.564746
-109.8863  125.4285   -1.732227
-109.848  125.5146   -1.53125
-109.9103  125.4477   -1.660449
-109.9581  125.5146   -1.612598
-109.9485  125.5625   -1.622168
-109.9437  125.3902   -1.67002
-109.9342  125.3902   -1.655664
-109.9246  125.5051   -1.574316
-109.9103  125.4859   -1.579102
-109.9437  125.5338   -1.555176
-109.9485  125.6678   -1.655664
-110.0442  125.4668   -1.646094
-110.0347  125.4094   -1.478613
-109.9055  125.285   -1.607813
-109.982  125.4189   -1.464258
-109.8624  125.4189   -1.626953
-109.9725  125.4094   -1.646094
-109.9485  125.2945   -1.607813
-109.9772  125.1893   -1.564746
-110.0347  125.2562   -1.708301
-109.8624  125.218   -1.655664
-109.9246  125.285   -1.550391
-110.0012  125.3232   -1.717871
-109.9485  125.218   -1.593457
-110.0012  125.2658   -1.67002
-109.9964  125.0648   -1.574316
-109.9629  125.0648   -1.67002
-109.9533  125.1988   -1.626953
-109.9437  125.218   -1.674805
-109.9198  125.2754   -1.52168
-109.9581  125.084   -1.574316
-109.9485  124.95   -1.536035
-109.9677  125.1701   -1.612598
-110.0107  124.9787   -1.507324
-110.049  125.0553   -1.583887
-109.982  125.0457   -1.478613
-110.0347  125.1797   -1.550391
-109.9916  125.017   -1.555176
-109.9437  124.9117   -1.559961
-109.9007  125.1893   -1.751367
-110.0299  125.0457   -1.646094
-109.9868  125.0361   -1.569531
-110.0251  125.0361   -1.622168
-109.9533  124.9596   -1.703516
-109.9437  124.7586   -1.641309
-110.0012  124.8639   -1.68916
-110.0442  124.7777   -1.67002
-110.0825  124.682   -1.559961
-109.9246  124.7586   -1.583887
-110.0538  124.95   -1.583887
-109.9342  124.8447   -1.641309
-109.9342  124.816   -1.454687
-110.0107  124.8256   -1.655664
-109.9725  124.749   -1.555176
-109.9725  124.7203   -1.626953
-109.982  124.816   -1.68916
-109.9007  124.9309   -1.655664
-110.0155  124.7586   -1.526465
-109.8863  124.8734   -1.512109
-109.9916  124.9596   -1.459473
-109.9198  124.615   -1.703516
-109.9437  124.749   -1.598242
-110.0921  124.6055   -1.646094
-110.0251  124.5289   -1.770508
-110.0634  124.6438   -1.626953
-109.9629  124.5768   -1.799219
-110.006  124.5863   -1.603027
-110.006  124.6629   -1.622168
-109.9629  124.6055   -1.684375
-110.006  124.7395   -1.617383
-109.982  124.6055   -1.464258
-110.0586  124.6533   -1.693945
-110.0203  124.5098   -1.665234
-109.9916  124.4811   -1.612598
-109.9629  124.5672   -1.593457
-110.0203  124.6725   -1.507324
-110.1064  124.5098   -1.512109
-109.982  124.5863   -1.650879
-109.9342  124.3566   -1.760937
-109.9916  124.3949   -1.660449
-110.0395  124.5672   -1.655664
-110.0347  124.615   -1.67959
-109.9868  124.4619   -1.526465
-110.0538  124.5098   -1.607813
-110.0442  124.6533   -1.550391
-109.9868  124.3184   -1.665234
-110.073  124.3662   -1.502539
-109.982  124.3758   -1.703516
-110.006  124.3566   -1.583887
-110.0825  124.3471   -1.555176
-110.116  124.3662   -1.569531
-109.9677  124.3949   -1.713086
-109.9868  124.4619   -1.650879
-110.0825  124.2992   -1.617383
-110.0969  124.4332   -1.660449
-110.0777  124.2896   -1.751367
-110.1064  124.2992   -1.650879
-110.0873  124.2131   -1.660449
-110.1017  124.2609   -1.756152
-110.0969  124.3662   -1.68916
-110.0586  124.3758   -1.512109
-110.049  124.4045   -1.559961
-110.0395  124.2418   -1.612598
-110.1208  124.1174   -1.598242
-110.1447  124.1557   -1.612598
-110.1639  124.1461   -1.612598
-110.049  124.2418   -1.68916
-110.0634  124.0982   -1.650879
-110.2117  124.0217   -1.622168
-110.0395  124.0791   -1.593457
