0.9998386  0.0004428914   0.0002575542 -0.01795494
0.9993989  0.0008903641   0.0003342302 -0.03465464
0.9986911  0.001281668   0.0003572464 -0.05112992
0.9977888  0.001604689   -2.982326E-05 -0.06644477
0.9966671  0.002103512   0.0001819704 -0.08154752
0.9953628  0.002459724   0.0002389608 -0.09616026
0.993965  0.002896289   -0.0009636276 -0.1096556
0.9924189  0.002932938   -0.002102585 -0.1228482
0.9908002  0.003340016   -0.0007684401 -0.1352897
0.9890631  0.003769956   -0.0003658296 -0.1474436
0.9872433  0.004020451   -0.0001779448 -0.1591682
0.9854553  0.004139422   -0.0003100581 -0.1698841
0.9835726  0.00442104   -0.0004983404 -0.1804585
0.9817092  0.004720687   -0.0002901207 -0.1903272
0.9798927  0.004928708   -6.3653E-05 -0.1994646
0.9781066  0.00510633   -0.0007573136 -0.2080402
0.9762537  0.005474194   -0.0005342778 -0.2165601
0.9743825  0.005765389   -0.0001828199 -0.2248231
0.9725375  0.005945494   -0.0003175501 -0.2326703
0.970668  0.006113692   -0.0006335931 -0.2403454
0.9689899  0.006194015   -0.001105555 -0.2470203
0.9673531  0.006394088   -0.001274068 -0.2533483
0.9656649  0.0064541   -0.001217235 -0.2597076
0.9641256  0.006535216   -0.001628414 -0.2653608
0.962485  0.006853976   -0.001507381 -0.2712441
0.960924  0.00729993   -0.0009320492 -0.2767141
0.9594893  0.007389947   -0.001049214 -0.2816461
0.9579861  0.007519363   -0.001237227 -0.2867132
0.9565586  0.007934869   -0.0002602965 -0.2914323
0.9551842  0.008089495   8.34506E-05 -0.2959016
0.9539059  0.008082028   0.0001413657 -0.2999971
0.9525807  0.008329447   0.0003088843 -0.3041721
0.9514018  0.008512063   0.0004980399 -0.3078342
0.950303  0.008549816   0.0004564112 -0.3112087
0.949116  0.008672741   0.0007314812 -0.3148063
0.9481255  0.008286618   -0.0001812247 -0.317788
0.9470185  0.008185565   -0.0005500418 -0.321074
0.9458857  0.007808364   -0.001949647 -0.3244002
0.9449549  0.008167028   -0.0007804739 -0.3270978
0.9439564  0.008419297   -0.0004294766 -0.3299626
0.9431662  0.008390123   -0.0007488453 -0.3322146
0.9423361  0.008627063   -0.0004103528 -0.3345564
0.9416465  0.008521223   -0.0004325423 -0.3364956
0.9407855  0.0086657   -0.000198729 -0.3388916
0.9400901  0.008692691   -0.0001747029 -0.3408153
0.9394946  0.008707501   0.0004127765 -0.3424527
0.9386905  0.008820176   0.0004060994 -0.3446476
0.9380745  0.008861177   0.0004786837 -0.3463201
0.937411  0.009106783   0.001187879 -0.3481039
0.9368747  0.009150662   0.001422698 -0.3495427
0.936413  0.009027628   0.001165739 -0.3507818
0.9358472  0.009044939   0.001041854 -0.3522883
0.9352641  0.008947197   0.0008933243 -0.3538367
0.9348278  0.008947537   0.001120414 -0.354987
0.9342992  0.009149322   0.001420491 -0.3563694
0.9339809  0.008978394   0.001262141 -0.3572077
0.9334665  0.009044005   0.001495377 -0.3585475
0.9331651  0.009198496   0.001751815 -0.3593258
0.9326097  0.009120535   0.0009419124 -0.36077
0.9323061  0.009092316   0.0009867674 -0.3615544
0.9319013  0.009174869   0.001226741 -0.3625937
0.9315812  0.009012007   0.001138059 -0.3634199
0.9313452  0.009002632   0.001176894 -0.3640242
0.9310066  0.008892993   0.00120735 -0.3648919
0.9307731  0.00890435   0.001337674 -0.3654865
0.9303809  0.00840144   0.0005187483 -0.3664974
0.9299995  0.008455058   0.0003519127 -0.3674634
0.92984  0.008408453   -9.583739E-05 -0.3678679
0.9295794  0.008286375   -0.0004103956 -0.3685286
0.9295165  0.008412738   -0.0001000524 -0.3686847
0.9292226  0.008582273   -3.754355E-06 -0.3694208
0.9291308  0.008577712   0.0001565517 -0.3696518
0.9289312  0.008638132   1.546598E-05 -0.3701513
0.9288017  0.008714654   0.0003725831 -0.3704745
0.9287267  0.008615293   0.0004281474 -0.3706649
0.9285949  0.008448201   -0.0002768417 -0.3709988
0.9284888  0.008248864   -0.0006516071 -0.3712682
0.928449  0.008202149   -0.0005256037 -0.3713688
0.9283909  0.008680227   0.001115192 -0.3715022
0.9283175  0.008744298   0.001070107 -0.3716837
0.92808  0.008566   0.0006798409 -0.3722817
0.9278454  0.008526394   0.0005089985 -0.3728672
0.927786  0.008645058   0.0005489878 -0.3730124
0.927735  0.008582301   0.0005359648 -0.3731404
0.9276468  0.008766932   0.0008089631 -0.3733549
0.9275048  0.009095143   0.001558643 -0.3736973
0.9275517  0.009566745   0.002946405 -0.3735606
0.9273916  0.009445975   0.002874413 -0.3739617
0.92739  0.009549447   0.003105101 -0.3739611
0.9273779  0.009427666   0.00295012 -0.3739957
0.9271417  0.009524122   0.003175947 -0.3745763
0.9271756  0.009140342   0.002638943 -0.374506
0.9270463  0.009069845   0.00248505 -0.3748289
0.9269498  0.009324204   0.003028145 -0.3750571
0.9269345  0.009325441   0.00337609 -0.3750919
0.9266754  0.009427059   0.003687659 -0.3757262
0.9266399  0.009028148   0.00320979 -0.3758282
0.9264623  0.009124558   0.003537085 -0.3762604
0.9264609  0.008940352   0.003190398 -0.3762713
0.9263195  0.009043518   0.003312191 -0.3766157
0.9263505  0.00893347   0.003152055 -0.3765434
0.9262214  0.008552751   0.002453096 -0.3768751
0.92615  0.008181447   0.001895878 -0.377062
0.9262168  0.008610283   0.003329513 -0.3768784
0.9261316  0.009180049   0.004924522 -0.3770565
0.9259678  0.009915454   0.006057089 -0.3774236
0.9260743  0.01027149   0.007337775 -0.3771298
0.9259927  0.01053368   0.008090778 -0.3773077
0.9259533  0.01062071   0.008564307 -0.3773916
0.9259341  0.01054781   0.008374155 -0.3774451
0.9259514  0.01032713   0.00807958 -0.3774151
0.9258639  0.009778653   0.007472615 -0.3776566
0.9258332  0.009738549   0.007779066 -0.3777269
0.9258522  0.009593581   0.007827199 -0.3776831
0.925764  0.00922954   0.007537247 -0.3779139
0.9257563  0.009043604   0.007331521 -0.3779415
0.9258128  0.008933455   0.007229309 -0.3778077
0.9257277  0.008863464   0.007279135 -0.3780165
0.9258304  0.008730487   0.006839336 -0.3777765
0.9257068  0.008763185   0.007055399 -0.3780744
0.9256782  0.008729955   0.007347326 -0.3781398
0.9256959  0.008573841   0.007333771 -0.3781003
0.9256031  0.008573243   0.007608432 -0.3783219
0.9256653  0.008316906   0.007319506 -0.3781814
0.9255838  0.008296411   0.007133103 -0.3783844
0.9256313  0.008505506   0.007630588 -0.3782539
0.9255086  0.008402688   0.007357901 -0.3785621
0.9255215  0.008263716   0.006674507 -0.3785461
0.925548  0.008302234   0.006688968 -0.3784802
0.9254962  0.008480337   0.007343663 -0.3785907
0.9254619  0.00834344   0.007250543 -0.3786794
0.925396  0.008326436   0.00735551 -0.3788387
0.925348  0.008313435   0.007567221 -0.3789521
0.92533  0.008042964   0.007274818 -0.3790077
0.9252228  0.008261037   0.007699108 -0.3792562
0.9252748  0.008287705   0.007843725 -0.3791257
0.9252943  0.008101194   0.007484584 -0.3790895
0.9253488  0.007965651   0.007263232 -0.3789636
0.9251923  0.007533552   0.006365081 -0.3793705
0.9252225  0.007640919   0.006670007 -0.3792894
0.9252099  0.007665792   0.006513731 -0.3793224
0.9252291  0.007681091   0.006596764 -0.3792736
0.925382  0.007545304   0.006388664 -0.378907
0.9253531  0.007364633   0.006170278 -0.3789845
0.9253632  0.007414594   0.006414756 -0.3789548
0.9254305  0.00791558   0.007413153 -0.3787621
0.9253743  0.008507781   0.009415778 -0.3788423
0.9253919  0.008693891   0.009546433 -0.3787917
0.9253582  0.008783243   0.01030765 -0.3788519
0.9253088  0.008658605   0.009952076 -0.3789848
0.9253187  0.008416402   0.009565132 -0.3789761
0.9253482  0.008561442   0.00982916 -0.3788941
0.9254144  0.008525322   0.01004455 -0.3787277
0.9254353  0.008596879   0.01009871 -0.3786735
0.9254686  0.008474718   0.01017722 -0.3785927
0.9254121  0.008518911   0.01030435 -0.3787266
0.9253908  0.008345328   0.01037543 -0.3787806
0.9254584  0.008293697   0.01053563 -0.3786116
0.925321  0.008419091   0.01102879 -0.3789305
0.9253547  0.00825821   0.01091209 -0.3788557
0.925347  0.008087498   0.01094312 -0.3788768
0.9252539  0.008021138   0.01084925 -0.3791084
0.925347  0.007918699   0.01069345 -0.3788875
0.9253602  0.007779327   0.01070426 -0.3788582
0.925411  0.007638789   0.0104195 -0.3787446
0.9253511  0.007095555   0.009435283 -0.3789274
0.9253755  0.007584414   0.0108909 -0.3788194
0.9253432  0.00683376   0.009550355 -0.3789487
0.9253036  0.006113194   0.007830552 -0.3790967
0.9254246  0.005901328   0.007583389 -0.3788099
0.9253834  0.006114971   0.007533227 -0.3789082
0.9255567  0.005976238   0.007106319 -0.3784952
0.9256139  0.005909966   0.007022573 -0.3783578
0.9255247  0.005802231   0.006985873 -0.3785783
0.9255984  0.005801491   0.006811189 -0.3784014
0.9255839  0.005828923   0.006735091 -0.3784379
0.9256426  0.005955439   0.006931851 -0.3782885
0.925708  0.006018674   0.00726937 -0.3781212
0.9257813  0.006195824   0.007690655 -0.3779304
0.9256942  0.006212446   0.007591811 -0.3781456
0.9255287  0.006141746   0.007703261 -0.3785491
0.9256203  0.006138321   0.007747206 -0.3783247
0.9255262  0.006244735   0.007963539 -0.3785484
0.9255651  0.006533361   0.008375904 -0.3784395
0.9256131  0.006330202   0.008337324 -0.3783264
0.9255816  0.006669132   0.00932759 -0.3783744
0.9256954  0.007268011   0.01101032 -0.3780395
0.925649  0.007488548   0.01194759 -0.3781205
0.9257895  0.007975009   0.01344811 -0.3777159
0.9258677  0.007833186   0.01327608 -0.3775333
0.9256794  0.007807332   0.01352544 -0.3779863
0.9256052  0.00735546   0.01285291 -0.3782005
0.9254981  0.006935772   0.01242095 -0.3784848
0.9255982  0.006841447   0.01205449 -0.3782535
0.925519  0.006766157   0.01190398 -0.3784538
0.9254823  0.006633606   0.01205447 -0.3785408
0.9254175  0.006523071   0.01210897 -0.3786993
0.9252643  0.00624794   0.01193602 -0.3790837
0.9253036  0.00632101   0.01249772 -0.3789686
0.9253305  0.006387685   0.01267118 -0.378896
0.9253004  0.005753896   0.01127817 -0.3790235
0.9253161  0.005305541   0.009909009 -0.3790299
0.9252298  0.004712453   0.008279574 -0.3792876
0.9251605  0.004469303   0.007207097 -0.3794814
0.9251194  0.00397415   0.006134839 -0.3796059
0.9251152  0.004510517   0.007482843 -0.3795859
0.924983  0.004102934   0.006352351 -0.3799333
0.9249973  0.004843977   0.008018306 -0.3798581
0.925038  0.005393216   0.00962043 -0.3797144
0.9249399  0.005411332   0.009805159 -0.3799483
0.9250351  0.005326003   0.009436874 -0.379727
0.9250257  0.005227019   0.009171448 -0.3797579
0.9250985  0.005295414   0.009296095 -0.3795766
0.9252108  0.005491123   0.009680755 -0.3792903
0.9251007  0.005623203   0.009570391 -0.3795597
0.9250944  0.005507101   0.009373725 -0.3795815
0.9251072  0.005805717   0.009782856 -0.3795353
0.9250846  0.005840383   0.01002167 -0.3795842
0.9252781  0.005532649   0.009309141 -0.379135
0.9252022  0.005470891   0.00919898 -0.3793234
0.9251016  0.004927394   0.008585878 -0.3795905
0.9249811  0.005589918   0.009810376 -0.3798452
0.925026  0.006014943   0.01118931 -0.3796912
0.9249408  0.006290382   0.01198384 -0.3798699
0.9249287  0.006919428   0.01371893 -0.3798298
0.9249979  0.007173683   0.01509116 -0.3796047
0.9249702  0.007438303   0.01634899 -0.3796149
0.9250519  0.00805797   0.01814722 -0.3793214
0.9249508  0.007573746   0.0174508 -0.3796104
0.9248803  0.007355996   0.01751149 -0.3797838
0.9249148  0.007220505   0.01749205 -0.3797034
0.9247554  0.00745187   0.01828029 -0.3800497
0.9247876  0.007032937   0.01757331 -0.3800125
0.9247262  0.006774907   0.01721737 -0.3801827
0.9247953  0.006684247   0.01726502 -0.3800144
0.9248343  0.006292224   0.01678852 -0.3799476
0.9248087  0.006310822   0.01711227 -0.3799952
0.9249525  0.006201108   0.01707166 -0.3796484
0.9248633  0.006108719   0.01747027 -0.3798489
0.9249396  0.006069063   0.01745262 -0.3796649
0.9249709  0.005959745   0.01765516 -0.3795807
0.9248221  0.005415698   0.01663975 -0.3799973
0.924807  0.005426988   0.01628722 -0.380049
0.9247005  0.005000771   0.01535198 -0.3803528
0.9247127  0.004530734   0.01432542 -0.3803694
0.9247223  0.004043382   0.01307973 -0.3803962
0.9246605  0.004321266   0.01401295 -0.3805102
0.9247195  0.004075657   0.01312733 -0.3804011
0.9247375  0.003413856   0.01140471 -0.3804195
0.9247337  0.003341804   0.0113418 -0.3804311
0.924652  0.003419911   0.01113585 -0.3806349
0.9246895  0.003185603   0.01086233 -0.3805536
0.9247045  0.003363607   0.01105872 -0.3805102
0.9246591  0.003221045   0.01063749 -0.3806337
0.9248158  0.003045401   0.01065445 -0.380254
0.9247615  0.003450776   0.01130929 -0.3803633
0.9247884  0.003693219   0.01212692 -0.3802705
0.9248661  0.003650951   0.01199318 -0.3800865
0.9248129  0.003896237   0.01219814 -0.3802069
0.9248413  0.004394934   0.01289472 -0.380109
0.9248847  0.005148138   0.01480197 -0.3799244
0.9249276  0.005037349   0.01460866 -0.3798292
0.9249384  0.004834891   0.01468395 -0.3798027
0.9250404  0.004940683   0.01512462 -0.3795352
0.9250569  0.00484303   0.01484683 -0.3795073
0.9250287  0.004820936   0.0145081 -0.3795894
0.925077  0.004884749   0.01471709 -0.3794628
0.9250173  0.004955621   0.01484193 -0.3796027
0.9250081  0.004867705   0.01470808 -0.3796316
0.9249579  0.004705517   0.01461781 -0.379759
0.9248485  0.004741495   0.01466046 -0.3800237
0.9250051  0.004883963   0.01448787 -0.3796468
0.9250778  0.005254987   0.01588417 -0.3794088
0.9250305  0.004972619   0.01517731 -0.3795568
0.9248992  0.004705388   0.01441376 -0.3799097
0.9249335  0.004397697   0.01384036 -0.3798515
0.9250193  0.003974964   0.01268779 -0.3796872
0.924975  0.003555222   0.01139244 -0.3798405
0.9250358  0.003592217   0.01144689 -0.3796906
0.9250545  0.00346134   0.01131766 -0.3796501
0.9250388  0.003593705   0.01154322 -0.3796802
0.9251139  0.003553668   0.01164215 -0.3794946
0.9250509  0.003673193   0.01176583 -0.3796432
0.9252036  0.003374668   0.01128648 -0.3792881
0.9252671  0.003447419   0.01140424 -0.3791292
0.925356  0.003305971   0.01149261 -0.3789105
0.9254059  0.003261854   0.01134484 -0.3787938
0.9254667  0.003374936   0.01158514 -0.3786369
0.9254907  0.003567112   0.01185083 -0.3785678
0.9254355  0.00362742   0.0119693 -0.3786988
0.9254467  0.004145591   0.01287416 -0.3786363
0.9254705  0.003424582   0.01152199 -0.378629
0.9253084  0.003089944   0.01047776 -0.3790579
0.9252904  0.002633897   0.009106986 -0.3791407
0.9252149  0.002177902   0.007438983 -0.3793643
0.9251285  0.00185382   0.006172598 -0.3795995
0.9253295  0.00229874   0.006839338 -0.3790953
0.9253259  0.002923111   0.008517591 -0.3790656
0.9254006  0.003678747   0.0101154 -0.3788374
0.9254048  0.003688798   0.01021551 -0.3788245
0.9253706  0.003905888   0.01058674 -0.3788955
0.9254319  0.003768908   0.01039214 -0.3787528
0.9255168  0.003618452   0.01024784 -0.3785505
0.925615  0.003311438   0.009797192 -0.3783253
0.9255196  0.003279731   0.009599307 -0.3785639
0.9256514  0.003478002   0.00986442 -0.3782328
0.9256029  0.003516716   0.009772601 -0.3783537
0.9255233  0.003679033   0.009677207 -0.378549
0.9255097  0.003766814   0.009822561 -0.3785777
0.9254292  0.004077237   0.01041322 -0.3787553
0.9255122  0.003485369   0.009002793 -0.3785945
0.925487  0.002911374   0.007136584 -0.3787009
0.9254054  0.00313277   0.007366494 -0.3788939
0.9254329  0.003168391   0.006917859 -0.3788351
0.9252061  0.003364519   0.007078587 -0.3793841
0.9251801  0.003231954   0.006471277 -0.3794594
0.9252826  0.0034385   0.006794202 -0.3792021
0.9254041  0.003482069   0.006898346 -0.3789029
0.9253757  0.003495656   0.006902529 -0.3789724
0.9253054  0.00346322   0.006488476 -0.3791515
0.9253819  0.003779331   0.00769028 -0.3789392
0.9253209  0.003989396   0.008123533 -0.3790769
0.9254082  0.003976731   0.007935139 -0.3788679
0.9254609  0.004161454   0.00756458 -0.3787448
0.9253474  0.004191454   0.007556933 -0.3790219
0.9253682  0.004363537   0.007480217 -0.3789707
0.925238  0.004318592   0.00722549 -0.3792939
0.9251713  0.004181684   0.006319465 -0.3794742
0.9254361  0.004141207   0.006728204 -0.3788212
0.9254252  0.004126328   0.00649542 -0.3788523
0.9253788  0.004186707   0.00636473 -0.3789671
0.9253125  0.004397294   0.00658673 -0.3791225
0.9253044  0.004544277   0.006793239 -0.3791373
0.9252077  0.004520694   0.006770937 -0.3793737
0.9252813  0.004413751   0.006115043 -0.3792067
0.925228  0.004782338   0.006472339 -0.3793263
0.9251344  0.005091238   0.007242403 -0.3795366
0.9252181  0.005226588   0.007071835 -0.3793339
0.9250706  0.005019467   0.006567244 -0.3797051
0.925067  0.005161492   0.006694528 -0.3797099
0.9251449  0.00502759   0.006407873 -0.3795267
0.9251329  0.005041371   0.006461558 -0.3795552
0.9252369  0.005347226   0.006789581 -0.3792914
0.925226  0.005516079   0.007193743 -0.3793079
0.9253714  0.005539621   0.007106083 -0.3789546
0.9252806  0.005520992   0.007070631 -0.3791773
0.9253048  0.005563525   0.007151884 -0.379116
0.9254202  0.005517195   0.006969477 -0.3788382
0.925436  0.005688488   0.007467793 -0.3787875
0.9255087  0.005750876   0.007821158 -0.3786021
0.9254135  0.005772968   0.007611088 -0.3788382
0.9251881  0.007247841   0.009034298 -0.379332
0.9249983  0.008869691   0.01175222 -0.379686
0.9248475  0.009947129   0.01351025 -0.3799677
0.9241663  0.01175168   0.01503706 -0.3815134
0.9240739  0.01478981   0.01835348 -0.3814864
0.924108  0.0158106   0.01686953 -0.3814312
0.9255703  0.01653509   0.01396996 -0.3779564
0.9241615  0.02147829   0.01559589 -0.3810786
0.9228826  0.02667161   0.01760694 -0.3837532
0.9216684  0.02851214   0.01242836 -0.3867297
0.9205754  0.03076437   0.01047181 -0.3892104
0.9194684  0.03164701   0.007427524 -0.3918178
0.9185478  0.03177569   0.003395325 -0.3940162
0.9173842  0.02864236   -7.472544E-05 -0.3969708
0.9161302  0.02197825   -0.003145083 -0.4002655
0.9185778  0.01949686   -0.004122342 -0.3947374
0.9203748  0.01823292   -0.005251213 -0.3905768
0.9206522  0.01796879   -0.004967803 -0.3899384
0.9200481  0.017706   -0.004217751 -0.3913826
0.9193101  0.01741065   -0.004877381 -0.3931183
0.9193825  0.01725316   -0.004725908 -0.3929577
0.9197166  0.01669043   -0.005350031 -0.3921916
0.9201725  0.01656501   -0.005193308 -0.3911281
0.9202228  0.016237   -0.005530897 -0.391019
0.9203328  0.01606132   -0.005496711 -0.3907678
0.9205504  0.01568607   -0.0059117 -0.390264
0.920529  0.01575483   -0.005574233 -0.3903165
0.9206867  0.01548573   -0.005640159 -0.3899546
0.9208657  0.0152301   -0.005906441 -0.3895374
0.9209117  0.01518213   -0.005746868 -0.3894334
0.9211482  0.01490761   -0.005968257 -0.3888805
0.9210598  0.01458859   -0.006137002 -0.3890996
0.9210923  0.01448064   -0.006104798 -0.3890272
0.9210308  0.0146958   -0.005622174 -0.3891717
0.9203607  0.01471354   -0.006620441 -0.3907375
0.9166141  0.0121142   -0.009299251 -0.3994815
0.9155604  0.0101775   -0.006353718 -0.4020015
0.9148026  0.007986682   -0.004799205 -0.403794
0.9136984  0.004493904   -0.002328775 -0.4063613
0.9100491  0.003241091   0.002492547 -0.4144805
0.907115  -0.0009765825   0.007422525 -0.4208163
0.9049575  -0.002190213   0.01242199 -0.4253152
0.9001576  -0.001238052   0.02237203 -0.4349875
0.8965294  -0.003167307   0.03115456 -0.4418758
0.8937438  -0.004318439   0.03708366 -0.4470214
0.8909981  -0.002865193   0.04383956 -0.4518764
0.8877835  -0.001234417   0.05000916 -0.4575348
0.8844103  -0.001111972   0.05324655 -0.4636615
0.8820966  0.001230236   0.05730848 -0.4675679
0.8796077  0.003921518   0.06222747 -0.4715959
0.8766461  0.006073267   0.06561779 -0.4766015
0.8732192  0.009126809   0.07157058 -0.481957
0.8663136  0.009118988   0.07697918 -0.4934489
0.8575353  0.007512253   0.08305784 -0.50762
0.851386  0.004449822   0.08588562 -0.5174415
0.8465317  0.00148198   0.08719856 -0.5251459
0.8411936  0.001298505   0.09200906 -0.532847
0.8362701  0.002321897   0.09849305 -0.539394
0.8308634  0.002742494   0.1042589 -0.5466155
0.8259109  0.002724052   0.1082707 -0.5533004
0.8216156  0.002053966   0.1111862 -0.5590897
0.817261  0.001858214   0.1149948 -0.5646744
0.812084  0.002392824   0.120879 -0.5708783
0.8063923  0.00336521   0.1284714 -0.5772481
0.8005699  0.002904093   0.1353778 -0.5837399
0.794152  0.002552511   0.1424354 -0.590786
0.7885031  0.001202053   0.1475683 -0.5970636
0.7835785  8.291248E-05   0.1530252 -0.6021528
0.780871  -0.0003408156   0.1569086 -0.6046652
0.7870722  -0.003659893   0.1543615 -0.5972239
0.7968374  -0.002498372   0.1486378 -0.5856199
0.7988621  -0.002311124   0.1490229 -0.5827573
0.7992284  -0.003491985   0.1500425 -0.581987
0.8008968  -0.005243657   0.1495423 -0.579805
0.802279  -0.006341462   0.1492784 -0.5779482
0.8039376  -0.007640729   0.1489027 -0.5757203
0.805756  -0.009013835   0.1486904 -0.5732079
0.8074896  -0.01012796   0.1485829 -0.5707723
0.8091074  -0.01159967   0.148016 -0.5685965
0.8102269  -0.01316066   0.1476874 -0.5670518
0.81179  -0.01409109   0.1474745 -0.5648449
0.8139086  -0.01499171   0.1468234 -0.5619349
0.8155422  -0.01599782   0.1461828 -0.5597013
0.8165941  -0.0170493   0.1457253 -0.558254
0.8175132  -0.01786222   0.1458862 -0.5568396
0.8187085  -0.01871907   0.1461301 -0.5549883
0.820557  -0.0199134   0.145358 -0.5524136
0.8223976  -0.02063456   0.1450039 -0.5497364
0.8241779  -0.02149891   0.14456 -0.547148
0.8258786  -0.02232512   0.1442606 -0.5446236
0.8276606  -0.02298828   0.143979 -0.5419589
0.8294127  -0.02363783   0.1440229 -0.5392339
0.8312652  -0.0244852   0.1437242 -0.536416
0.8331966  -0.02541277   0.1432587 -0.5334927
0.8348725  -0.02651413   0.1422728 -0.5310775
0.8362669  -0.02737786   0.1414568 -0.529054
0.8372894  -0.02862681   0.1400995 -0.5277303
0.837999  -0.02999327   0.1392596 -0.5267494
0.8388203  -0.03158915   0.1388146 -0.5254647
0.8391759  -0.03361237   0.1387639 -0.5247844
0.8401795  -0.03481754   0.1387686 -0.5230959
0.8416076  -0.03532071   0.1388192 -0.520748
0.8435174  -0.03558529   0.1382681 -0.517778
0.8447132  -0.03606339   0.1375682 -0.5159788
0.8451899  -0.03696264   0.1375431 -0.5151407
0.8460656  -0.03710024   0.137895 -0.5135967
0.8466946  -0.03749638   0.138053 -0.5124876
0.8468223  -0.03783889   0.1387654 -0.5120588
0.8469744  -0.03771336   0.1403451 -0.5113857
0.8473485  -0.03748876   0.1419333 -0.5103431
0.8486533  -0.03679199   0.1432106 -0.5078629
0.8504614  -0.03535981   0.1449856 -0.5044246
0.8525356  -0.03420341   0.1461282 -0.5006592
0.8534339  -0.03429548   0.1468099 -0.49892
0.8538737  -0.03531475   0.1470798 -0.4980161
0.8546199  -0.03625584   0.1470723 -0.4966691
0.8554896  -0.03646362   0.1477142 -0.494963
0.8568171  -0.03649891   0.1474085 -0.4927506
0.8601086  -0.03469874   0.1470515 -0.4872218
0.8632008  -0.03279135   0.1468423 -0.4819194
0.8660417  -0.03081643   0.1480725 -0.4765466
0.8696654  -0.02962035   0.1485495 -0.4698273
0.873776  -0.02833057   0.1489391 -0.4620932
0.8772272  -0.02589082   0.1501202 -0.4552645
0.8802078  -0.02298942   0.1513331 -0.4492259
0.883665  -0.02089367   0.1508396 -0.442659
0.8873919  -0.01823064   0.1497772 -0.435626
0.8918537  -0.014825   0.1485021 -0.4269944
0.8964281  -0.01025775   0.1500914 -0.4168741
0.9015293  -0.006007804   0.1505382 -0.4056441
0.9065872  -0.0006099804   0.1535309 -0.3930999
0.9120407  0.004008283   0.1553018 -0.3795354
0.918103  0.007821886   0.1569245 -0.3638684
0.9232118  0.01197737   0.1569522 -0.3505748
0.9285718  0.01616877   0.1563032 -0.3362473
0.9345983  0.02047831   0.1538864 -0.3200399
0.940182  0.02591147   0.1519106 -0.3038247
0.9451373  0.03034312   0.1490115 -0.28912
0.9489092  0.03402584   0.1444888 -0.278454
0.951509  0.03619972   0.1450005 -0.2688772
0.953696  0.03776307   0.1451331 -0.2607186
0.9550844  0.03909951   0.1447462 -0.2556043
0.9559283  0.03766087   0.143213 -0.2535207
0.9564323  0.03547807   0.1425255 -0.252319
0.9572175  0.03411943   0.1419913 -0.2498182
0.9584277  0.03449313   0.1416055 -0.245305
0.9603564  0.03652329   0.1414999 -0.2374018
0.9622614  0.03964322   0.1424023 -0.2284797
0.9638637  0.04295466   0.1435475 -0.220263
0.9649395  0.04540183   0.1448072 -0.214153
0.9659553  0.04655388   0.1428247 -0.2106284
0.9665388  0.04774262   0.1433262 -0.2073184
0.967375  0.04819822   0.1424371 -0.2038976
0.9684149  0.04823348   0.1402009 -0.2004737
0.9694397  0.0481697   0.1384014 -0.1967518
0.9707023  0.04718871   0.135042 -0.1930647
0.9719271  0.04673419   0.1333667 -0.1881141
0.9734202  0.04630688   0.1305756 -0.1823699
0.9750209  0.04644919   0.1284862 -0.1751225
0.9768452  0.0469808   0.1271925 -0.1654941
0.9783251  0.04781039   0.1262387 -0.157029
0.9782063  0.05426137   0.1314551 -0.1512869
0.9790409  0.0535044   0.1309832 -0.1464914
0.9796878  0.0519209   0.1313735 -0.1423273
0.980094  0.04965061   0.1323902 -0.1393678
0.980768  0.04842805   0.133316 -0.1340741
0.9818754  0.04835372   0.1327049 -0.1263806
0.9828916  0.0466489   0.1331942 -0.118352
0.9838307  0.04480007   0.131692 -0.1128159
0.9848121  0.04402307   0.1282778 -0.1084061
0.9855716  0.04209527   0.1237188 -0.1075655
0.9860667  0.04083645   0.1211302 -0.1064528
0.9863504  0.03931089   0.1196556 -0.1060667
0.9869565  0.03797114   0.1154534 -0.1055724
0.9874756  0.03664422   0.1111513 -0.1058042
0.9878008  0.0354376   0.1072057 -0.1072413
0.9881793  0.03444801   0.1036845 -0.1075387
0.9887001  0.03419526   0.101603 -0.1047836
0.9891824  0.03507911   0.09881857 -0.10258
0.9893009  0.03535111   0.09707014 -0.1030115
0.9891024  0.03503649   0.09622166 -0.1057842
0.9890831  0.03486573   0.09527063 -0.1068762
0.9891173  0.03463379   0.09409293 -0.1076754
0.9891756  0.03406436   0.09277677 -0.1084604
0.9892162  0.03366278   0.09176845 -0.1090717
0.9893997  0.03344757   0.08953928 -0.1093264
0.9893941  0.03403104   0.09044884 -0.1084445
0.989475  0.03559219   0.09136002 -0.1064227
0.9899504  0.03726391   0.08780424 -0.1044033
0.9900734  0.03827412   0.08681576 -0.1036953
0.9904289  0.03849923   0.08324804 -0.1031419
0.9907078  0.03813952   0.08060076 -0.1026994
0.9909821  0.03740003   0.07676218 -0.1032634
0.9910963  0.03673372   0.0747025 -0.1039146
0.9910505  0.03619285   0.07375571 -0.1052101
0.990997  0.03496382   0.07233802 -0.1070973
0.9906816  0.03311586   0.07099844 -0.1114117
0.9904638  0.03084922   0.06855992 -0.1154526
0.9902851  0.02915842   0.06626002 -0.1187216
0.9901533  0.02782391   0.06328676 -0.1217258
0.9901208  0.02693591   0.05955826 -0.1240486
0.9901657  0.02668502   0.05701384 -0.1249371
0.9904076  0.02633663   0.05352292 -0.1246366
0.9905407  0.02601065   0.05179942 -0.1243757
0.9905286  0.02591667   0.05234709 -0.1242623
0.9906255  0.02607738   0.05087581 -0.1240679
0.990568  0.0254774   0.04895505 -0.1254167
0.9904432  0.02469559   0.04885744 -0.1265911
0.9903376  0.02360071   0.04823558 -0.1278579
0.9903367  0.02277156   0.04780447 -0.1281768
0.990351  0.02216534   0.04745096 -0.1283045
0.9904172  0.02245465   0.0474515 -0.127742
0.9907456  0.02320079   0.04601099 -0.1255708
0.9910005  0.0243426   0.04497049 -0.1237052
0.9912295  0.0251469   0.04425991 -0.1219537
0.9914066  0.02524561   0.04347776 -0.1207703
0.9913663  0.02473774   0.04301342 -0.1213699
0.9911318  0.02407368   0.04228899 -0.123652
0.9906718  0.02362488   0.04182134 -0.1275239
0.9900991  0.02283467   0.04148588 -0.1321412
0.9896429  0.0222027   0.04056323 -0.1358991
0.9891183  0.02194504   0.03975559 -0.1399395
0.9884474  0.02191988   0.04014906 -0.1444973
0.9878519  0.02214769   0.04014823 -0.1484799
0.9874303  0.02278168   0.04124229 -0.150869
0.9871393  0.02337227   0.04005747 -0.1529873
0.9869061  0.02357576   0.03865489 -0.1548111
0.9866788  0.02390299   0.03872612 -0.1561854
0.9863223  0.02414025   0.03896627 -0.1583259
0.9860286  0.02421752   0.03897603 -0.160131
0.9856908  0.02405373   0.03921953 -0.1621629
0.9852469  0.02379953   0.03974741 -0.1647494
0.9848073  0.02357338   0.04025754 -0.167267
0.984281  0.02354662   0.04091625 -0.1701831
0.9839724  0.02358236   0.04074154 -0.171995
0.9837813  0.02326248   0.03919272 -0.173485
0.9833632  0.02285842   0.03864577 -0.176014
0.9828032  0.02261848   0.03866175 -0.1791411
0.9823121  0.02216472   0.03887787 -0.1818249
0.981734  0.02170523   0.0387606 -0.1849999
0.9809858  0.02144473   0.03956341 -0.1887898
0.9803531  0.0210378   0.0391776 -0.1921728
0.9795641  0.02086413   0.03958842 -0.1960907
0.9784757  0.02081879   0.04024319 -0.2013267
0.977046  0.0209737   0.04307822 -0.2075705
0.9754123  0.02028982   0.0448933 -0.2148107
0.9739063  0.01883774   0.04628085 -0.2213811
0.972662  0.017041   0.04712654 -0.2267539
0.9711675  0.01466946   0.04854481 -0.232942
0.9697966  0.01200844   0.0495574 -0.2385255
0.968565  0.009699659   0.05061644 -0.2433633
0.9671746  0.008040148   0.05201657 -0.2486019
0.9654382  0.007250647   0.0542896 -0.254812
0.9631953  0.007180303   0.05826967 -0.2623129
0.9603732  0.006089512   0.06350769 -0.2713169
0.9583682  0.004201816   0.06705054 -0.2775193
0.9575593  0.002334019   0.06886358 -0.2798795
0.9569281  0.00109544   0.07002543 -0.2817514
0.9564887  -0.0006081936   0.07013358 -0.2832143
0.956277  -0.00258961   0.06998923 -0.2839525
0.9556063  -0.00542543   0.07020342 -0.2861098
0.9543304  -0.009846739   0.06912877 -0.2904786
0.9523966  -0.0152249   0.06837491 -0.296705
0.9504756  -0.02116356   0.06838257 -0.3024436
0.9485601  -0.02797059   0.06776286 -0.3079929
0.946871  -0.036548   0.06563874 -0.3127158
0.9463192  -0.04555914   0.06053499 -0.314229
0.9456526  -0.054926   0.05450515 -0.3158379
0.9446954  -0.06254551   0.04962673 -0.3180813
0.9439006  -0.06816288   0.04660454 -0.3197397
0.9437346  -0.07111076   0.04623218 -0.3196417
0.9438179  -0.0724759   0.04795581 -0.3188344
0.9433624  -0.07398988   0.04920312 -0.3196435
0.9425546  -0.0752809   0.05110824 -0.3214212
0.9413787  -0.07802697   0.0524519 -0.3239856
0.9400257  -0.08165853   0.05335947 -0.326858
0.9386296  -0.08657206   0.0538796 -0.3295101
0.9369496  -0.09272512   0.05524674 -0.3323784
0.9351162  -0.09911878   0.05816537 -0.3351865
0.9333382  -0.1056736   0.06118827 -0.3375929
0.932144  -0.1109625   0.06451672 -0.3385742
0.9312706  -0.1139598   0.06922655 -0.3390514
0.9306876  -0.1150288   0.07414487 -0.3392513
0.9299303  -0.1154498   0.08124606 -0.3395586
0.9285324  -0.1159533   0.09058639 -0.3408469
0.9264384  -0.1181666   0.09973768 -0.3432215
0.9237136  -0.1212625   0.1082484 -0.3468874
0.9203586  -0.1252776   0.1160793 -0.3518113
0.9171042  -0.1304966   0.121595 -0.3565181
0.9136381  -0.1360186   0.128574 -0.3608782
0.9104221  -0.1414073   0.1378753 -0.3634911
0.907072  -0.1459694   0.1485088 -0.3658666
0.9040973  -0.1503618   0.1582998 -0.3673427
0.9014812  -0.1552796   0.1650185 -0.3687666
0.8996351  -0.1594544   0.1710021 -0.3687672
0.8984296  -0.1624815   0.1765007 -0.3677928
0.8973492  -0.163981   0.1826464 -0.3667627
0.8962811  -0.1655785   0.1886599 -0.365611
0.8945381  -0.1681499   0.1943451 -0.3657283
0.8921438  -0.1708247   0.2009197 -0.3667829
0.8900213  -0.1728885   0.2068723 -0.3676619
0.8884935  -0.1747283   0.2114282 -0.3678958
0.8876383  -0.1761779   0.2156974 -0.3667889
0.887098  -0.1766427   0.2200416 -0.3652892
0.886638  -0.1765632   0.2238801 -0.36411
0.8861775  -0.1757743   0.2278204 -0.3631678
0.8868706  -0.1742708   0.2298148 -0.3609367
0.8884564  -0.1724139   0.2301438 -0.3577046
0.8896437  -0.1701918   0.2308049 -0.3553844
0.8905686  -0.1674596   0.2316994 -0.35378
0.8912008  -0.1645101   0.2333672 -0.3524732
0.8918491  -0.1610183   0.2350684 -0.3513133
0.8930166  -0.1576807   0.2351082 -0.3498316
0.8942109  -0.1536732   0.2345519 -0.3489367
0.8960307  -0.1489749   0.2327212 -0.3475287
0.898  -0.1427647   0.2306681 -0.3464197
0.9005086  -0.134435   0.2274098 -0.3453929
0.9041717  -0.1236876   0.2221292 -0.3432689
0.9083388  -0.1089392   0.2151576 -0.3417018
0.9133255  -0.08848541   0.2071869 -0.3392351
0.9184802  -0.06175626   0.1985415 -0.336395
0.9235979  -0.03086658   0.1878184 -0.3327741
0.9278089  0.002377131   0.1765733 -0.3286133
0.9314908  0.03799166   0.1650995 -0.3219065
0.9320825  0.07613883   0.1602781 -0.3158104
0.9306926  0.1093591   0.1567688 -0.31189
0.9258289  0.1329407   0.1617974 -0.3146253
0.9239381  0.1556025   0.166742 -0.3071213
0.9230584  0.170556   0.1645846 -0.3029615
0.9223444  0.1804971   0.1581388 -0.3028096
0.9223791  0.1857374   0.149874 -0.3037371
0.9230564  0.1888573   0.139874 -0.3045245
0.9236323  0.1920438   0.1316876 -0.3044357
0.9245364  0.1943616   0.1232462 -0.3037537
0.9254932  0.1951778   0.1136632 -0.3040536
0.9262674  0.1944222   0.1064156 -0.3048022
0.9284632  0.1929058   0.09606729 -0.3025138
0.9293291  0.1904649   0.09015553 -0.3032203
0.9311641  0.186743   0.08387872 -0.3017035
0.9332249  0.1829376   0.07819773 -0.2991825
0.9353654  0.1785483   0.07221537 -0.2966428
0.9375798  0.1735206   0.06556977 -0.2941691
0.9392949  0.1692656   0.06082553 -0.2921893
0.9405164  0.1650795   0.05740676 -0.2913453
0.9419146  0.1599431   0.05338993 -0.2904557
0.9430049  0.1543863   0.04954445 -0.2906062
0.9442093  0.1488461   0.04634428 -0.2901138
0.9452467  0.1434356   0.04384465 -0.2898493
0.9460618  0.13821   0.04177862 -0.2900338
0.9466914  0.1328712   0.03986883 -0.2907422
0.9476504  0.127863   0.03886631 -0.2899986
0.948972  0.1226783   0.03737234 -0.2881064
0.9501025  0.1176186   0.03702074 -0.2865321
0.9514192  0.111808   0.03593788 -0.2846208
0.9525316  0.1057944   0.03405361 -0.2834277
0.9534506  0.1001906   0.03415234 -0.2823607
0.9543638  0.09484558   0.03553036 -0.2809478
0.9546763  0.08981413   0.0361052 -0.281466
0.9548761  0.08461434   0.03664684 -0.2823278
0.9549991  0.07944474   0.03780869 -0.2832591
0.9553126  0.0747441   0.03850586 -0.2833875
0.9555444  0.07050322   0.03876291 -0.2836577
0.9557211  0.06664424   0.03917433 -0.2839388
0.9559586  0.06289196   0.03976535 -0.2839126
0.9561908  0.05844478   0.03914055 -0.2841679
0.9561267  0.05385091   0.03909466 -0.2852954
0.9557902  0.04904528   0.03867864 -0.2873387
0.9550667  0.04408017   0.03929236 -0.2904491
0.9541132  0.03819716   0.0394786 -0.2943645
0.952391  0.03193036   0.03886868 -0.3007007
0.9503186  0.024138   0.0391008 -0.3078685
0.9477717  0.01564017   0.03904885 -0.3161638
0.9455927  0.006069613   0.03741679 -0.3231372
0.9452986  -0.001387467   0.03497 -0.3243235
0.9426164  -0.01025112   0.03457058 -0.3319247
0.9378746  -0.01825015   0.0374773 -0.3444615
0.9327233  -0.0262881   0.04007112 -0.357394
0.9268847  -0.03525776   0.04243954 -0.3712688
0.9191614  -0.04566856   0.04517153 -0.3886079
0.9093474  -0.05581413   0.05089838 -0.4091228
0.8981934  -0.06472519   0.05590899 -0.4312001
0.8859481  -0.07248734   0.06291026 -0.4537441
0.8751286  -0.07967086   0.06834424 -0.472368
0.864897  -0.08108631   0.07690651 -0.4893502
0.8541087  -0.08275875   0.08209684 -0.5068622
0.842312  -0.08925464   0.09125355 -0.523657
0.8329272  -0.0904818   0.09787785 -0.5370897
0.8190116  -0.0902959   0.1043366 -0.5569386
0.8043039  -0.09217365   0.1101554 -0.5765979
0.7902629  -0.09275953   0.1168497 -0.5943284
0.7784191  -0.09237333   0.1241177 -0.6083795
0.768027  -0.09093635   0.1310799 -0.6202284
0.760754  -0.08824366   0.1369311 -0.6282644
0.7563808  -0.08484606   0.14242 -0.6327762
0.7542196  -0.0812744   0.1471065 -0.6347494
0.7522057  -0.07770129   0.1530837 -0.6361717
0.750921  -0.07691105   0.1554404 -0.6372131
0.7500491  -0.07715824   0.1567063 -0.6378999
0.7486697  -0.07775203   0.1592123 -0.6388268
0.7473462  -0.07877746   0.1620989 -0.6395246
0.7474561  -0.08022238   0.1635558 -0.6388451
0.7489106  -0.08113548   0.1650849 -0.6366293
0.7508788  -0.08219116   0.1661961 -0.6338806
0.7537228  -0.08317439   0.1663249 -0.6303331
0.7582047  -0.08370651   0.1662073 -0.6248952
0.7624606  -0.08383541   0.1666736 -0.6195526
0.7661901  -0.08345594   0.168397 -0.6145164
0.7702147  -0.08282258   0.1704114 -0.6089908
0.7750551  -0.08203734   0.1717669 -0.602541
0.7815235  -0.08062531   0.1728977 -0.5939924
0.7903997  -0.07872329   0.1731368 -0.5823182
0.8041793  -0.07677049   0.1711657 -0.5640073
0.8225431  -0.07178013   0.1680869 -0.5385324
0.8425175  -0.06166994   0.1677884 -0.5081419
0.8633364  -0.04693408   0.1700528 -0.4727888
0.881621  -0.03180971   0.1732943 -0.4378375
0.8958396  -0.01732408   0.1761602 -0.4076013
0.9070663  -0.005856638   0.1775191 -0.381685
0.9182277  0.002472339   0.1758393 -0.3548693
0.9299735  0.01140876   0.1732578 -0.3240385
0.9421782  0.02195874   0.1709932 -0.2873663
0.9546833  0.03160972   0.1734587 -0.2397762
0.9679387  0.04223254   0.1609056 -0.1882032
0.9763247  0.0437154   0.1518849 -0.1476821
0.9801057  0.04653009   0.1481441 -0.1236167
0.9837562  0.04641544   0.1413926 -0.1003862
0.9865687  0.04463699   0.1349447 -0.08049696
0.988717  0.0428334   0.128155 -0.06465545
0.9902385  0.04017054   0.1223011 -0.05344464
0.9914411  0.03715885   0.1165427 -0.04562174
0.9919975  0.03514349   0.1146226 -0.03959112
0.9923822  0.03510043   0.1127814 -0.03501449
0.9925897  0.03679628   0.1114947 -0.0313181
0.9924584  0.03968411   0.1124921 -0.02822904
0.9922903  0.0431622   0.1132013 -0.02612385
0.9926859  0.04587793   0.10878 -0.02523767
0.9906617  0.04333771   0.1165923 -0.05583381
0.9897891  0.04548966   0.1160983 -0.06906008
0.9900699  0.04623842   0.1097429 -0.07469992
0.9903436  0.04578068   0.1036805 -0.07983757
0.9903986  0.04433282   0.09789139 -0.08696183
0.9900835  0.0422309   0.0935553 -0.0959101
0.9890842  0.04004914   0.09234373 -0.107615
0.9874436  0.03848924   0.09383365 -0.1211157
0.9855442  0.03682542   0.09518695 -0.1352256
0.9829332  0.03674844   0.09930316 -0.1504354
0.9795364  0.03605696   0.1028426 -0.1692092
0.97512  0.03348823   0.1067241 -0.1913881
0.9696662  0.02887517   0.1112192 -0.2157405
0.9625662  0.02261742   0.1171628 -0.2433675
0.9537298  0.01545526   0.1242626 -0.2733489
0.9441556  0.004814576   0.1262743 -0.3043056
0.9324133  -0.007266146   0.1235826 -0.3395292
0.9178485  -0.01823917   0.1246102 -0.3764224
0.9013084  -0.02745023   0.1332888 -0.4112465
0.8852567  -0.03447817   0.1409397 -0.4418913
0.8704891  -0.04071139   0.1490527 -0.4673057
0.8595614  -0.04835039   0.1363482 -0.4901282
0.8455393  -0.05579433   0.1406804 -0.5120152
0.8280908  -0.06544867   0.1462984 -0.5371953
0.8103294  -0.0737318   0.151449 -0.5612425
0.7939308  -0.07882692   0.1550387 -0.5826005
0.7799295  -0.08472195   0.1540266 -0.6006728
0.7654148  -0.08952478   0.158004 -0.6173816
0.7508307  -0.09430939   0.1633297 -0.6329947
0.7388299  -0.0974329   0.167933 -0.6453183
0.7352793  -0.09774806   0.1698324 -0.6488194
0.7327492  -0.09857494   0.1754437 -0.6500624
0.7322531  -0.09892847   0.1787015 -0.6496803
0.7332512  -0.09925082   0.1817664 -0.6476519
0.732383  -0.1011959   0.1859072 -0.6471576
0.7314202  -0.1037282   0.1893614 -0.6468441
0.7323974  -0.1063209   0.1919435 -0.6445522
0.7335957  -0.107775   0.1951631 -0.6419759
0.735982  -0.1086789   0.1979561 -0.6382264
0.7395643  -0.1091371   0.2008841 -0.6330713
0.7452237  -0.1090185   0.2027697 -0.6258122
0.7532595  -0.1066078   0.2045911 -0.6159362
0.764119  -0.1023371   0.2056894 -0.6027778
0.7779642  -0.09516148   0.2066207 -0.5856823
0.7961781  -0.08793222   0.2057762 -0.5621606
0.8203637  -0.07638166   0.2040444 -0.5287108
0.846524  -0.0591964   0.2054504 -0.4875275
0.8706129  -0.03916653   0.2069123 -0.4446193
0.8927999  -0.005943243   0.2034015 -0.4018717
0.9146931  0.0172222   0.2011766 -0.3500969
0.9312083  0.03912775   0.1977028 -0.3037
0.9465995  0.05006639   0.1782319 -0.2639621
0.9571273  0.06156667   0.167749 -0.2279848
0.9660695  0.06148376   0.1427627 -0.2062722
0.9757554  0.04406025   0.132618 -0.1684419
0.9795589  0.04668377   0.1142668 -0.1588337
0.9855066  0.04720965   0.09466279 -0.1326156
0.9892688  0.04487929   0.07665098 -0.1160061
0.9915304  0.0424516   0.06113905 -0.1064297
0.9927544  0.04075802   0.05353383 -0.09955721
0.9939016  0.03921996   0.04348285 -0.09343755
0.9945926  0.03845743   0.03458966 -0.09005662
0.9947022  0.03724579   0.02963899 -0.09111405
0.9946297  0.03580287   0.02540116 -0.09372561
0.9944283  0.03476401   0.02236271 -0.09697227
0.9941294  0.03385011   0.02137058 -0.1005196
0.9937733  0.03281522   0.01996545 -0.1045905
0.9932388  0.03110851   0.01848354 -0.1103054
0.9925256  0.02872698   0.01711794 -0.1173651
0.9914008  0.0263264   0.01602662 -0.1271787
0.9899534  0.02330664   0.01511452 -0.1386383
0.9883818  0.01912169   0.01173408 -0.1503267
0.9869356  0.01370936   0.004889601 -0.1604566
0.9856238  0.008567985   -0.001732391 -0.1687283
0.9848533  0.008601562   -0.0006104719 -0.1731748
0.9837788  0.00539213   -0.003293345 -0.1792745
0.9827157  0.002425442   -0.005395247 -0.1850264
0.9798892  -0.002793625   -0.00422098 -0.1994782
0.9758057  -0.007932762   -0.004047956 -0.2184581
0.9748237  -0.007377357   -0.0007962671 -0.2228538
0.9737264  -0.006609073   0.003643818 -0.2275959
0.9724926  -0.005788846   0.005661788 -0.2327928
0.9711253  -0.004784012   0.00742243 -0.2384064
0.969458  -0.003212338   0.01047213 -0.2450126
0.967479  -0.0007078951   0.01401293 -0.2525622
0.9652617  0.002458504   0.01866772 -0.2606055
0.9629251  0.005624248   0.02272779 -0.268751
0.9554846  -0.003315498   0.02554514 -0.2939143
0.9446321  -0.0152549   0.01838514 -0.3272605
0.9316912  -0.02716901   0.01086268 -0.3620708
0.9206982  -0.03231543   0.02432249 -0.3881738
0.9103671  -0.02421509   0.02113117 -0.4125516
0.9113179  -0.02581165   0.02821922 -0.4099235
0.9140198  -0.02521079   0.02927999 -0.4038255
0.9161243  -0.02468787   0.0292268 -0.3990645
0.9172662  -0.02398654   0.02914838 -0.3964817
0.9172166  -0.02330036   0.029305 -0.3966256
0.9165836  -0.02288104   0.02955378 -0.3980923
0.9163777  -0.02345374   0.02924819 -0.3985554
0.9158546  -0.02648989   0.03011117 -0.3995021
0.9153279  -0.03038147   0.0304429 -0.4004062
0.9171053  -0.03019132   0.02986545 -0.3963765
0.9186423  -0.02985951   0.03144757 -0.3927032
0.9202106  -0.02940155   0.03158272 -0.3890378
0.9216835  -0.02865782   0.03182688 -0.3855714
0.9230046  -0.02817526   0.03149049 -0.3824616
0.9241022  -0.02742623   0.03177693 -0.3798332
0.9264606  -0.02699575   0.03033528 -0.3741948
0.9298244  -0.02522061   0.02875087 -0.3660106
0.9332659  -0.02222356   0.02883058 -0.3573369
0.9380265  -0.0172304   0.03118655 -0.3447273
0.9425445  -0.01425726   0.03251549 -0.3321887
0.9474899  -0.01056648   0.03314483 -0.3178878
0.9525164  -0.006370417   0.03587973 -0.3022986
0.9579746  -0.002338035   0.03562662 -0.2846224
0.9628731  0.0001642832   0.03105892 -0.2681615
0.9669679  0.001929891   0.02600061 -0.2535613
0.9701909  0.003265805   0.02269876 -0.2412547
0.9738159  0.006209839   0.01846205 -0.2265019
0.9785851  0.01181149   0.01034679 -0.2052431
0.9834089  0.01808047   0.003980138 -0.1804552
0.9875014  0.02477777   0.003813109 -0.1556032
0.9901527  0.02985539   0.006658999 -0.1366087
0.9915355  0.03001319   0.007502638 -0.1260964
0.9929798  0.03105814   0.01070088 -0.1136307
0.9945472  0.03370913   0.01392808 -0.09770063
0.996135  0.03685209   0.0161773 -0.07807292
0.9971051  0.04001711   0.02165619 -0.06091812
0.9977038  0.04161373   0.02720434 -0.04599347
0.9980992  0.0434799   0.02675288 -0.03452023
0.9983878  0.04514605   0.02081178 -0.0273984
0.9985088  0.04669894   0.01596167 -0.02333789
0.9985213  0.04800785   0.01316761 -0.02183854
0.9985313  0.04857738   0.01133829 -0.02113876
0.9985692  0.04864157   0.009044323 -0.02029223
0.9985989  0.04845646   0.006375798 -0.02028949
0.998605  0.0483496   0.003439385 -0.02094528
0.9985879  0.04815535   0.001760344 -0.02236167
0.9985687  0.04804568   -0.0005487282 -0.02349489
0.9985436  0.04805718   -0.001304838 -0.02448181
0.9985102  0.04859497   -0.001859217 -0.02474769
0.9984834  0.04909141   -0.002783996 -0.02476097
0.9984756  0.04901869   -0.005050397 -0.02486597
0.9984986  0.04842155   -0.007218095 -0.02457269
0.9985131  0.04739484   -0.00952589 -0.02519173
0.9985197  0.04642107   -0.01121599 -0.02603345
0.9985143  0.04538482   -0.01365475 -0.02688636
0.9984756  0.04446422   -0.01548125 -0.02880621
0.9984071  0.04383448   -0.01606137 -0.03168472
0.9982374  0.04349215   -0.01832429 -0.03598135
0.9980532  0.04308169   -0.01770186 -0.04147846
0.9978318  0.04301307   -0.0178899 -0.04649223
0.9976249  0.04347159   -0.01881668 -0.05000716
0.9974545  0.04403286   -0.02019428 -0.05232328
0.9973047  0.04451022   -0.02085858 -0.05447004
0.9971364  0.04432312   -0.02168322 -0.0573086
0.996923  0.04324472   -0.02313746 -0.06114778
0.9966841  0.04175574   -0.02385343 -0.06563897
0.9964311  0.04036562   -0.02532926 -0.0696726
0.9961796  0.03900002   -0.0269849 -0.07332723
0.9960032  0.03768782   -0.02778975 -0.07605913
0.9957745  0.03660947   -0.02868509 -0.07918267
0.9954904  0.03553677   -0.02929662 -0.08293258
0.9952208  0.03449237   -0.03022271 -0.086211
0.994894  0.03340916   -0.03109162 -0.09001713
0.9946322  0.03256805   -0.03202758 -0.09284552
0.9943195  0.03198446   -0.03306906 -0.0959809
0.9940382  0.03125987   -0.03409695 -0.09873227
0.9938101  0.03046288   -0.03434873 -0.1011613
0.9934961  0.02966689   -0.03582723 -0.1039322
0.9932922  0.02916093   -0.0362127 -0.1058728
0.9931315  0.02872094   -0.03609651 -0.107526
0.992995  0.02861196   -0.03565425 -0.1089542
0.9928311  0.02835003   -0.0348422 -0.1107636
0.9925247  0.0281709   -0.03420319 -0.113716
0.9922091  0.02813514   -0.03360564 -0.1166199
0.9918979  0.0279406   -0.03321218 -0.1193939
0.991538  0.02778481   -0.03329325 -0.1223596
0.9911707  0.02785479   -0.03376563 -0.1251582
0.9908333  0.02788129   -0.03473483 -0.127536
0.9905944  0.02797033   -0.03522334 -0.1292276
0.9903579  0.02789677   -0.03551746 -0.1309637
0.9902561  0.02751155   -0.03585554 -0.1317204
0.9901282  0.02662073   -0.03620105 -0.1327671
0.9899659  0.02563147   -0.03702869 -0.1339382
0.9898043  0.02500905   -0.03736392 -0.1351511
0.9895847  0.02454253   -0.03733132 -0.1368428
0.9894407  0.02424615   -0.03724232 -0.1379573
0.9892455  0.02382779   -0.03706483 -0.1394693
0.988971  0.02339567   -0.03567195 -0.1418329
0.9885792  0.02235763   -0.03718756 -0.1443207
0.9882105  0.02135693   -0.0376667 -0.1468511
0.9879266  0.02097089   -0.03781322 -0.1487663
0.9875842  0.02111843   -0.03701727 -0.1511991
0.9872844  0.02159328   -0.03623238 -0.1532664
0.9870088  0.02218144   -0.03473975 -0.1552899
0.9868941  0.02239315   -0.03355299 -0.1562458
0.9868934  0.02211938   -0.03361338 -0.1562768
0.9868401  0.02184036   -0.03396874 -0.1565751
0.9868751  0.02226797   -0.03304926 -0.1564905
0.9867669  0.02327638   -0.03295973 -0.1570448
0.9864301  0.02429498   -0.03247547 -0.1590935
0.9860064  0.02529455   -0.03216468 -0.161608
0.9853452  0.0263873   -0.03228673 -0.1653968
0.984588  0.02718708   -0.03226817 -0.1697235
0.9838673  0.02803687   -0.03261772 -0.1736519
0.983174  0.02895125   -0.03331418 -0.1772594
0.9826084  0.02939448   -0.03392093 -0.1801832
0.9821704  0.02963548   -0.03452485 -0.1824038
0.9818047  0.02953267   -0.03524835 -0.1842418
0.9813416  0.02879735   -0.03744036 -0.1863805
0.9811066  0.02813123   -0.03923066 -0.1873489
0.980876  0.02729536   -0.04101111 -0.188296
0.9804133  0.02590161   -0.04363924 -0.1903008
0.9800102  0.02502756   -0.04769826 -0.1915161
0.9793485  0.02589465   -0.04943087 -0.1943258
0.9786078  0.02692625   -0.05082344 -0.1975316
0.9778031  0.02820385   -0.0518201 -0.2010481
0.9767573  0.02995022   -0.05176881 -0.2058352
0.9756146  0.03127307   -0.0507931 -0.21123
0.9744791  0.03188635   -0.05050236 -0.2163869
0.973518  0.03217361   -0.04990771 -0.2207641
0.9722041  0.03285604   -0.04905166 -0.2265692
0.9707904  0.03399704   -0.04704758 -0.232802
0.9687989  0.03616367   -0.04326378 -0.2413487
0.9657375  0.0390581   -0.03685569 -0.2539041
0.9636961  0.04037368   -0.02967557 -0.2622577
0.9617071  0.03859449   -0.02780633 -0.2699198
0.9595435  0.03511747   -0.02648725 -0.2781033
0.9574434  0.03026146   -0.02828299 -0.2856331
0.9559646  0.0266814   -0.02911679 -0.2908126
0.9549636  0.02459277   -0.03612454 -0.2934872
0.9536783  0.02527732   -0.0425798 -0.2967252
0.9537857  0.02474331   -0.03953576 -0.296846
0.9540527  0.02450813   -0.03665759 -0.2963762
0.9545095  0.02354561   -0.03405533 -0.2952921
0.9550219  0.02224581   -0.03118622 -0.2940503
0.9552633  0.02106162   -0.02867967 -0.2936085
0.9546897  0.01994681   -0.02273984 -0.2960615
0.9528523  0.01926511   -0.01318742 -0.302535
0.9512221  0.01865037   -0.004226816 -0.3079138
0.9507368  0.01747392   0.000800934 -0.3095054
0.9508666  0.01590324   0.005604958 -0.3091416
0.9506569  0.01488049   0.01061544 -0.3097054
0.9509888  0.01106818   0.0108035 -0.3088383
0.9527346  0.005888279   0.006450017 -0.3036782
0.9536104  1.212577E-05   -0.004664942 -0.3010075
0.9538399  -0.0002053948   -0.00246665 -0.3003054
0.9541264  -0.0002512988   -0.001593424 -0.2993998
0.9549775  -0.0005068139   0.0003128069 -0.2966776
0.9564369  0.0007604999   0.002562676 -0.291927
0.9562898  -0.001031423   0.002623588 -0.2924071
0.9550263  -0.002851797   0.005438039 -0.2964573
0.9532183  -0.003934726   0.009708795 -0.302101
0.9523621  -0.004793209   0.01503297 -0.3045611
0.9524286  -0.007129028   0.01828461 -0.3041289
0.9520669  -0.0103431   0.0203585 -0.3050363
0.949598  -0.02245963   0.01704388 -0.3122
0.942809  -0.04426989   0.008217439 -0.3302785
0.9478158  -0.06439772   -0.02399915 -0.3113234
0.948611  -0.06155758   -0.02655546 -0.3092616
0.9514331  -0.0588815   -0.02959983 -0.3007191
0.9540302  -0.05611308   -0.03394031 -0.2924481
0.9561375  -0.05521574   -0.03572037 -0.2854407
0.9585574  -0.0537082   -0.03926298 -0.2770226
0.960963  -0.05276807   -0.04425652 -0.2679681
0.9634539  -0.05213052   -0.04923204 -0.2580988
0.9660943  -0.05200861   -0.05578528 -0.2466675
0.970993  -0.0599398   -0.07216745 -0.2199355
0.9737429  -0.06156017   -0.08800771 -0.2007231
0.9749618  -0.05998359   -0.09638704 -0.1912091
0.9760818  -0.05928311   -0.09718833 -0.1852137
0.9775058  -0.06193099   -0.09812646 -0.1761195
0.979543  -0.06554795   -0.09636647 -0.1640507
0.9810361  -0.06656212   -0.0972526 -0.1538818
0.98261  -0.06561   -0.09588724 -0.1448398
0.9838434  -0.06365631   -0.0940483 -0.1384012
0.9846486  -0.06257543   -0.09420443 -0.1329545
0.9852458  -0.06135034   -0.09785922 -0.1262954
0.9859082  -0.06092393   -0.1009023 -0.1187097
0.9865178  -0.05704277   -0.107095 -0.1098145
0.9874079  -0.05890837   -0.1117736 -0.09519593
0.9873174  -0.05791437   -0.1190777 -0.08758262
0.9865435  -0.05841713   -0.1287313 -0.08214316
0.9860344  -0.05518132   -0.1360542 -0.07861638
0.9858678  -0.0507943   -0.1362279 -0.08322666
0.985864  -0.04662997   -0.1346611 -0.08811455
0.9858334  -0.04262317   -0.1330532 -0.09280415
0.98564  -0.03888548   -0.132449 -0.09725755
0.9850752  -0.03575007   -0.1343031 -0.1015451
0.9845459  -0.03276806   -0.1355461 -0.1059379
0.9841499  -0.02951641   -0.1356302 -0.1103733
0.983734  -0.02665958   -0.1358531 -0.1144578
0.9834242  -0.0232418   -0.1349096 -0.1188948
0.9831604  -0.02117627   -0.1340346 -0.1223998
0.9830137  -0.0192276   -0.1332097 -0.1247771
0.9826893  -0.01722595   -0.1327358 -0.1280869
0.9823831  -0.01552415   -0.1324096 -0.1309582
0.9820694  -0.0138863   -0.1320481 -0.133829
0.9818307  -0.01206514   -0.1315458 -0.13623
0.9815033  -0.01066123   -0.1316454 -0.1385895
0.9813497  -0.00906829   -0.1307223 -0.1406489
0.9812084  -0.007090069   -0.1292809 -0.1430605
0.9810697  -0.005550307   -0.1281942 -0.1450437
0.9808326  -0.004119101   -0.1279182 -0.1469267
0.980709  -0.002774752   -0.1266343 -0.1488821
0.9803635  -0.001786079   -0.1275626 -0.150373
0.9801832  -0.0007237633   -0.1269273 -0.1520849
0.9798106  0.0001071677   -0.127751 -0.1537887
0.9797629  0.001055249   -0.1264681 -0.1551431
0.9792853  0.002000574   -0.1276552 -0.1571638
0.9791303  0.0029075   -0.1272677 -0.158424
0.978933  0.003734679   -0.127211 -0.1596666
0.9786819  0.004578192   -0.1272086 -0.1611795
0.9784965  0.005421484   -0.1269999 -0.162438
0.9784862  0.006084482   -0.1257173 -0.163471
0.9781832  0.006613881   -0.1266469 -0.1645434
0.9778112  0.007072209   -0.1278754 -0.1657805
0.9776962  0.007668595   -0.1277532 -0.1665245
0.9777369  0.008437807   -0.1264974 -0.1672059
0.977396  0.008958611   -0.1275966 -0.1683327
0.9771495  0.009546507   -0.1284645 -0.1690692
0.9769474  0.01020383   -0.1284929 -0.1701743
0.9768213  0.01076436   -0.1282531 -0.1710419
0.9767363  0.01113566   -0.128195 -0.1715467
0.9765965  0.01161117   -0.1284017 -0.1721551
0.9765707  0.01184449   -0.128379 -0.1723027
0.9763945  0.01198758   -0.1287261 -0.1730306
0.9763473  0.01222354   -0.1286039 -0.1733713
0.9762631  0.0126692   -0.1282317 -0.1740877
0.9762066  0.01300726   -0.128444 -0.1742231
0.9761276  0.0131936   -0.1283859 -0.174694
0.9760101  0.01355103   -0.1283537 -0.1753452
0.9759296  0.01383877   -0.1285758 -0.1756083
0.975726  0.01426539   -0.1287391 -0.1765826
0.9757915  0.01473401   -0.1275677 -0.1770322
0.9757242  0.01493702   -0.1278547 -0.1771789
0.9756144  0.01501314   -0.1279138 -0.177733
0.9753223  0.01508492   -0.1295081 -0.1781754
0.975346  0.01546181   -0.1288883 -0.1784626
0.9753166  0.01560677   -0.1286057 -0.178814
0.9751851  0.01561145   -0.1294401 -0.1789289
0.9751344  0.01579493   -0.129538 -0.1791183
0.9750819  0.01604916   -0.129646 -0.1793028
0.9749599  0.01638568   -0.1296143 -0.1799582
0.9749953  0.01658636   -0.129411 -0.1798944
0.9749023  0.01661885   -0.1294144 -0.1803918
0.9748408  0.01675069   -0.1292976 -0.1807952
0.974858  0.01687752   -0.1291261 -0.1808132
0.9748431  0.01706897   -0.12881 -0.1811011
0.9748607  0.01725417   -0.1289227 -0.1809085
0.9748327  0.01747689   -0.1288134 -0.1811153
0.9747475  0.01764282   -0.1287837 -0.1815786
0.9747548  0.01775817   -0.1287899 -0.1815242
0.9746331  0.01781316   -0.129125 -0.1819332
0.9746011  0.01795537   -0.1288752 -0.1822676
0.974555  0.01820616   -0.1288451 -0.1825105
0.9745513  0.01827952   -0.1288958 -0.1824871
0.9744781  0.01835693   -0.1292306 -0.1826328
0.9744678  0.01832276   -0.1290067 -0.1828497
0.9744679  0.01849474   -0.1287799 -0.1829921
0.9744557  0.01864051   -0.1287735 -0.1830464
0.9744753  0.01873181   -0.1286892 -0.1829922
0.9745302  0.018799   -0.1283695 -0.1829175
0.9745244  0.01885866   -0.1280851 -0.1831414
0.9745811  0.01887587   -0.1279201 -0.1829528
0.9745796  0.01897366   -0.12758 -0.1831884
0.9745032  0.01887185   -0.1279676 -0.1833348
0.9744538  0.01882789   -0.1280729 -0.1835284
0.9744557  0.01845646   -0.1280497 -0.1835719
0.9744529  0.01847938   -0.1282653 -0.1834341
0.9744943  0.01859908   -0.1279078 -0.1834517
0.9745417  0.01864765   -0.1279379 -0.1831739
0.9743642  0.01873922   -0.1287685 -0.183526
0.9744706  0.01909768   -0.1281455 -0.1833603
0.974451  0.01917048   -0.128199 -0.1834195
0.9743424  0.0194235   -0.1283989 -0.1838296
0.9745106  0.01972746   -0.1274014 -0.1835993
0.9743328  0.01977822   -0.1282276 -0.183962
0.9744681  0.01998847   -0.1268985 -0.1841443
0.9743809  0.01984762   -0.1276581 -0.1840961
0.9744226  0.0198697   -0.1272422 -0.1841608
0.9743668  0.0200329   -0.1272055 -0.1844633
0.9743465  0.02017126   -0.1268881 -0.1847741
0.9743323  0.02018167   -0.1270154 -0.1847604
0.9742884  0.02037239   -0.1270906 -0.1849194
0.9742278  0.02017831   -0.1273383 -0.185089
0.9742441  0.02012134   -0.127335 -0.1850121
0.9742822  0.02001815   -0.1270196 -0.1850394
0.9743086  0.01990177   -0.1268623 -0.1850208
0.9742685  0.02001726   -0.1269084 -0.1851878
0.9742697  0.01999426   -0.1270799 -0.1850664
0.9743528  0.01995456   -0.1269121 -0.1847477
0.974247  0.01990383   -0.1273145 -0.1850346
0.9741536  0.01978914   -0.1280832 -0.1850077
0.9741157  0.01982545   -0.1280691 -0.1852129
0.9741326  0.01961872   -0.1282303 -0.1850343
0.9740652  0.0194602   -0.1279806 -0.1855782
0.9741088  0.0193401   -0.1275237 -0.1856765
0.9741715  0.0192697   -0.12753 -0.1853502
0.9741535  0.01922435   -0.1274401 -0.1855113
0.9741607  0.01905567   -0.1277971 -0.1852452
0.974168  0.01902963   -0.1277205 -0.1852622
0.9741034  0.01896448   -0.1282423 -0.1852482
0.9742684  0.01911838   -0.127255 -0.1850454
0.974089  0.01918798   -0.128134 -0.1853753
0.9741122  0.0192284   -0.1282113 -0.1851967
0.9740922  0.01912334   -0.128505 -0.1851086
0.974098  0.01913066   -0.1280383 -0.1854008
0.9739976  0.01890395   -0.1283104 -0.1857628
0.9740986  0.01897882   -0.1279531 -0.1854715
0.9741552  0.01894457   -0.1276481 -0.1853879
0.9741821  0.01907764   -0.1272421 -0.1855123
0.974202  0.0189694   -0.1274896 -0.1852486
0.9742011  0.01908574   -0.1273181 -0.1853592
0.974223  0.01934186   -0.1272382 -0.1852721
0.974246  0.01920738   -0.1271365 -0.185236
0.974226  0.01930391   -0.1270867 -0.1853646
0.974288  0.01949638   -0.1265424 -0.1853908
0.9742643  0.01939909   -0.1266776 -0.1854334
0.9742187  0.01940632   -0.1268488 -0.1855553
0.9741799  0.01934025   -0.1270638 -0.1856185
0.9742585  0.01953465   -0.1267038 -0.1854318
0.9743192  0.01950314   -0.1265989 -0.1851874
0.9742995  0.01958528   -0.1265399 -0.1853229
0.9743499  0.01954312   -0.1264691 -0.1851104
0.9743345  0.01972042   -0.1264571 -0.1851816
0.974362  0.01971207   -0.1263543 -0.1851074
0.9744627  0.01998463   -0.1257212 -0.1849787
0.9744606  0.01994933   -0.1258133 -0.1849312
0.9744346  0.01969843   -0.1261451 -0.1848693
0.9744683  0.01969033   -0.1258489 -0.1848944
0.9744215  0.01970834   -0.1258423 -0.185143
0.9744832  0.01979711   -0.1255327 -0.1850193
0.9744664  0.01988712   -0.1254676 -0.1851424
0.9744762  0.01996286   -0.1254087 -0.1851227
0.9744691  0.02014084   -0.1252028 -0.1852793
0.9745634  0.02008124   -0.1249452 -0.1849639
0.9745576  0.01995868   -0.1248733 -0.185056
0.974574  0.01967871   -0.1246544 -0.1851472
0.9745519  0.01945847   -0.1250161 -0.1850433
0.9745439  0.01946643   -0.124901 -0.185162
0.9745535  0.01938796   -0.1247146 -0.1852454
0.9745427  0.01930436   -0.1249419 -0.1851573
0.97453  0.01923379   -0.1249558 -0.1852228
0.9745936  0.01926439   -0.1250337 -0.1848322
0.9746016  0.01934404   -0.1248863 -0.1848809
0.974515  0.01930978   -0.1250165 -0.1852522
0.9744834  0.01941558   -0.1253112 -0.1852089
0.9745618  0.01940314   -0.1254606 -0.1846952
0.9745814  0.01942288   -0.1253942 -0.1846353
0.9745498  0.01947208   -0.1253473 -0.1848287
0.9745579  0.01952343   -0.1255318 -0.184655
0.9744923  0.01953906   -0.125779 -0.1848314
0.9745541  0.01961048   -0.1258827 -0.1844267
0.974596  0.01934952   -0.1257509 -0.1843234
0.9746309  0.01928418   -0.1255851 -0.1842586
0.9746505  0.01913662   -0.1254417 -0.1842674
0.9746493  0.0190715   -0.125472 -0.1842603
0.9746621  0.01895962   -0.12532 -0.1843074
0.9746962  0.01880049   -0.1252303 -0.1842046
0.9745755  0.01880175   -0.125476 -0.1846753
0.9745815  0.01870326   -0.1253954 -0.1847083
0.9745986  0.01871276   -0.1252179 -0.1847373
0.9746338  0.01848863   -0.1250275 -0.1847031
0.9745811  0.01835736   -0.1252515 -0.1848428
0.9745912  0.01839996   -0.125195 -0.1848233
0.9747388  0.01867365   -0.12413 -0.1847356
0.9753106  0.01957441   -0.1194358 -0.1847189
0.9746676  0.02347867   -0.1153491 -0.1901746
0.9724715  0.03101655   -0.09879223 -0.2087517
0.9702386  0.03955388   -0.07320999 -0.2274047
0.9644071  0.05209874   -0.04539622 -0.2552328
0.9541634  0.06437237   -0.01204776 -0.2920329
0.9442822  0.07019413   0.01940419 -0.3209789
0.9377146  0.0702963   0.03173681 -0.3387367
0.9363301  0.06778239   0.03374936 -0.3428592
0.9348513  0.06419808   0.0359565 -0.3473308
0.933343  0.06119741   0.03808926 -0.3516743
0.9322805  0.05868146   0.04034464 -0.3546576
0.9314873  0.05606153   0.04204118 -0.3569608
0.9314189  0.05322852   0.04288077 -0.3574727
0.9318046  0.05061411   0.04360957 -0.3567585
0.9327207  0.04814247   0.04407687 -0.3546428
0.9339523  0.04552161   0.04413959 -0.3517278
0.9353399  0.04293374   0.04384527 -0.3483869
0.9369448  0.04045986   0.04375546 -0.3443584
0.9385205  0.03802316   0.04342759 -0.340364
0.9399204  0.0357128   0.04328099 -0.3367507
0.9409834  0.03361322   0.04320239 -0.3339967
0.9419374  0.03177576   0.04355183 -0.3314322
0.9427168  0.02997225   0.04395694 -0.3293241
0.9431925  0.02839614   0.04459566 -0.3280134
0.9436954  0.0268281   0.04537303 -0.3265893
0.9441587  0.02527543   0.04597826 -0.3252865
0.9444231  0.02404247   0.04719786 -0.3244371
0.9449327  0.02233934   0.04733333 -0.3230523
0.9452929  0.02087839   0.04771564 -0.3220382
0.9458238  0.0193917   0.04768002 -0.3205744
0.9464505  0.01791198   0.04789242 -0.3187743
0.9470342  0.01670287   0.04837912 -0.3170279
0.9476601  0.01534988   0.04819342 -0.3152494
0.9482353  0.01417383   0.04824137 -0.3135632
0.9488276  0.01302694   0.048437 -0.3117857
0.9492844  0.01186612   0.04831485 -0.3104579
0.9498422  0.01070358   0.04815624 -0.3088141
0.9502956  0.009813474   0.04837341 -0.3074116
0.950597  0.008985991   0.04892702 -0.3064159
0.9509415  0.008232443   0.04948561 -0.3052765
0.9512141  0.007294575   0.04948382 -0.3044504
0.9514425  0.006281545   0.04967454 -0.3037271
0.9517121  0.005595542   0.05025623 -0.3027988
0.9518834  0.004935921   0.05056095 -0.3022203
0.9522346  0.004083908   0.05050232 -0.3011345
0.95253  0.00342724   0.05083588 -0.3001508
0.9528248  0.002957622   0.0514036 -0.2991218
0.9530368  0.002361703   0.0513415 -0.2984617
0.9532998  0.001851316   0.05213773 -0.2974858
0.9535821  0.00133587   0.05254937 -0.2965098
0.9537411  0.0008467592   0.05279207 -0.2959564
0.9540448  0.0002776234   0.05284864 -0.2949669
0.9541684  -0.0004131157   0.0534655 -0.2944552
0.9543718  -0.000823517   0.05399271 -0.2936983
0.9546539  -0.001470306   0.05404503 -0.2927676
0.9548076  -0.001881583   0.05411907 -0.2922497
0.9550787  -0.00238112   0.05438919 -0.2913085
0.9552552  -0.002881353   0.05451747 -0.290701
0.9553683  -0.003338052   0.05475794 -0.2902788
0.955433  -0.003372726   0.05597027 -0.2898339
0.9554338  -0.005306679   0.05618121 -0.2897613
0.9548518  -0.006966481   0.05618528 -0.2916379
0.9537257  -0.007627512   0.05810351 -0.2949118
0.9524893  -0.007984318   0.06067142 -0.2983612
0.9510076  -0.008413224   0.06216459 -0.3027363
0.9488745  -0.008158524   0.06665943 -0.3084269
0.9468109  -0.007476971   0.07158676 -0.3136376
0.9444042  -0.00715867   0.07599217 -0.3198041
0.9415039  -0.006789427   0.08132085 -0.3269728
0.9355838  -0.006947264   0.09226738 -0.3407658
0.9307941  -0.006569392   0.09738816 -0.3522708
0.9201295  -0.01026893   0.108211 -0.3762268
0.9080091  -0.0153272   0.1203258 -0.4010067
0.8941833  -0.01742433   0.1340945 -0.4267918
0.8765681  -0.02577333   0.1477137 -0.4573235
0.8595544  -0.03590675   0.1557668 -0.4854006
0.8436031  -0.04738493   0.1632628 -0.5093463
0.8301706  -0.05873016   0.1656269 -0.529089
0.8353598  -0.07058603   0.1463321 -0.5251462
0.8375754  -0.0740342   0.1436314 -0.5218776
0.8347895  -0.07118896   0.1497604 -0.5250053
0.8325589  -0.06516098   0.1590004 -0.5266104
0.8321908  -0.06199439   0.1616142 -0.5267788
0.8344268  -0.05788931   0.1635899 -0.5230861
0.8385175  -0.05508263   0.1615875 -0.5174395
0.8427854  -0.05302094   0.1610973 -0.5108318
0.8469475  -0.05210521   0.160534 -0.5041764
0.8524756  -0.0522299   0.1578096 -0.4956346
0.8574255  -0.05222308   0.155721 -0.4876938
0.8620234  -0.05176188   0.1541623 -0.4800732
0.8682731  -0.05271937   0.1514186 -0.4694624
0.8740857  -0.05409979   0.1478806 -0.4595421
0.8793749  -0.05516649   0.1438845 -0.4505038
0.8836835  -0.05612322   0.1413882 -0.4426771
0.8873885  -0.05722014   0.1391665 -0.4357754
0.8905722  -0.05793395   0.1378866 -0.4295486
0.8930073  -0.05818672   0.13706 -0.4246961
0.8947292  -0.05774657   0.13771 -0.4209051
0.8963029  -0.05667629   0.1395844 -0.4170673
0.8982322  -0.05628268   0.1392129 -0.413075
0.8995254  -0.05599426   0.1394529 -0.4102091
0.9008061  -0.05563365   0.1396783 -0.4073614
0.9020191  -0.05567924   0.139409 -0.4047549
0.9030564  -0.05549266   0.1390211 -0.4025951
0.9040078  -0.05607028   0.138869 -0.4004266
0.9051955  -0.0565908   0.138867 -0.3976615
0.9057671  -0.0573567   0.1393188 -0.3960887
0.9075351  -0.05690698   0.1396968 -0.391952
0.9082776  -0.05701277   0.1402626 -0.39001
0.90849  -0.05794247   0.140839 -0.3891696
0.9088032  -0.05879291   0.1420045 -0.3878852
0.9097018  -0.05832276   0.1429629 -0.3854902
0.9103952  -0.05768668   0.1438957 -0.3835973
0.9105271  -0.0577725   0.144436 -0.3830678
0.9112042  -0.05882386   0.1434341 -0.3816718
0.9126193  -0.05697887   0.1421254 -0.3790511
0.9146881  -0.05081442   0.1440959 -0.3741657
0.9198905  -0.04497364   0.1404079 -0.3634068
0.924521  -0.04254377   0.1340557 -0.3542315
0.9269215  -0.03888365   0.1349311 -0.3479918
0.92815  -0.03028367   0.1387012 -0.3440675
0.9299653  -0.03013074   0.1394024 -0.3388563
0.9306406  -0.02895813   0.1404393 -0.3366694
0.9311292  -0.02943753   0.1395589 -0.3356413
0.9311921  -0.0298865   0.1402935 -0.3351207
0.9313422  -0.03062297   0.1399467 -0.3347819
0.9322659  -0.03070696   0.139689 -0.3323015
0.9338523  -0.03032831   0.1392376 -0.3280442
0.9359256  -0.02961971   0.139117 -0.3221994
0.9381912  -0.02907797   0.1390173 -0.3156357
0.9402542  -0.02958557   0.1385141 -0.3096135
0.942946  -0.03072243   0.136545 -0.3021002
0.9447628  -0.03187266   0.1357488 -0.2966135
0.946084  -0.03300798   0.1347807 -0.2926939
0.9463246  -0.03450022   0.1349686 -0.2916555
0.9417014  -0.0384209   0.1481963 -0.2995998
0.9410623  -0.04284484   0.1483725 -0.3009183
0.9365702  -0.04798605   0.1535641 -0.3113706
0.934062  -0.05492464   0.1577991 -0.3156121
0.9280578  -0.06441289   0.1702259 -0.3249351
0.9228107  -0.07803388   0.1807605 -0.3311448
0.9175298  -0.09387042   0.1911057 -0.3358663
0.9120966  -0.109128   0.201223 -0.3401179
0.9077594  -0.1231352   0.2093669 -0.3420177
0.9031693  -0.1355827   0.2186866 -0.343626
0.8980942  -0.1478352   0.2275576 -0.3461055
0.8931381  -0.1609734   0.234989 -0.3480977
0.8869202  -0.1748741   0.2442713 -0.3508891
0.88028  -0.1905735   0.2533379 -0.3529995
0.8732603  -0.2060099   0.26336 -0.3544262
0.8666918  -0.2221051   0.2720984 -0.3542274
0.8597893  -0.2360303   0.282174 -0.3541609
0.8537532  -0.2468429   0.290241 -0.354872
0.8496473  -0.2554317   0.2949543 -0.3547618
0.8471749  -0.260878   0.2976587 -0.3544527
0.8457818  -0.263639   0.2999017 -0.3538453
0.84354  -0.2660166   0.3041485 -0.3537924
0.8414971  -0.2664922   0.3078322 -0.355111
0.839684  -0.267031   0.3113436 -0.3559357
0.8377149  -0.2666768   0.3151554 -0.3574832
0.8359234  -0.2655043   0.3192099 -0.358949
0.8350235  -0.2625485   0.3228025 -0.3600037
0.8340951  -0.2583849   0.3267765 -0.3615795
0.8336484  -0.2531047   0.3304045 -0.3630443
0.8327063  -0.2468915   0.3345102 -0.3657153
0.8314066  -0.2392009   0.3394493 -0.3692154
0.8315793  -0.227532   0.3410822 -0.3746572
0.8315671  -0.2165332   0.3433111 -0.3791396
0.8321934  -0.2046993   0.3449259 -0.3828556
0.8331028  -0.1922079   0.3464645 -0.3859511
0.8351272  -0.1778482   0.3470565 -0.3879231
0.8387656  -0.1607859   0.3446351 -0.3896752
0.8440644  -0.1391656   0.3398414 -0.3907634
0.8507712  -0.1119157   0.3321082 -0.3916215
0.8567281  -0.07680855   0.3246414 -0.3933513
0.8611327  -0.03627089   0.3177805 -0.3951587
0.8624211  0.004364751   0.3129941 -0.3978011
0.8627117  0.04085093   0.3055723 -0.4008558
0.8637871  0.07029688   0.2941538 -0.4029936
0.8663589  0.09231061   0.277791 -0.4046394
0.8707293  0.0996476   0.2583104 -0.4064192
0.8741049  0.1077679   0.2428958 -0.4066059
0.8768804  0.1156727   0.2323011 -0.4046439
0.8804493  0.1194859   0.2168645 -0.4043536
0.8832254  0.1214547   0.2071207 -0.4028182
0.8856193  0.1224947   0.197797 -0.4019328
0.8880618  0.122343   0.1894337 -0.4006161
0.8906131  0.1215775   0.1820319 -0.3986121
0.8923117  0.1208283   0.1769762 -0.3973157
0.8951941  0.1170058   0.1719443 -0.3941731
0.8982156  0.1124787   0.1670354 -0.3907127
0.9010326  0.1077124   0.1630197 -0.3872503
0.9037988  0.1026303   0.1593514 -0.383695
0.9068  0.0968468   0.1563426 -0.3793304
0.9113887  0.09011072   0.1526283 -0.3714232
0.9163298  0.08182218   0.1484127 -0.3627925
0.9223276  0.06955365   0.1433031 -0.3520485
0.9280659  0.05403102   0.1403593 -0.3406957
0.9314886  0.03547594   0.1420277 -0.3330145
0.9339  0.01263286   0.1474081 -0.3254877
0.9340091  -0.01631321   0.1601919 -0.3189035
0.9309727  -0.04961801   0.1790893 -0.3142527
0.9264936  -0.08826789   0.194141 -0.310045
0.9182961  -0.1233961   0.2145113 -0.3090156
0.9098977  -0.1556102   0.2309812 -0.30744
0.9007193  -0.1841973   0.2469405 -0.306262
0.8920736  -0.2112905   0.2603056 -0.3029883
0.8827803  -0.2298423   0.2779449 -0.3010282
0.8755884  -0.2446049   0.2898768 -0.2991401
0.8696112  -0.2510238   0.3023579 -0.298903
0.8659762  -0.2553104   0.3085351 -0.2995127
0.8629058  -0.2554313   0.3157063 -0.3007954
0.8602399  -0.2537163   0.3224095 -0.3027665
0.8582864  -0.2501536   0.3279061 -0.3053609
0.8575061  -0.2443424   0.3315575 -0.3083012
0.8569885  -0.2366989   0.3338045 -0.3132394
0.8563132  -0.2247585   0.337387 -0.3199712
0.8581961  -0.2084915   0.336447 -0.3268549
0.8619524  -0.1836017   0.3322215 -0.3360913
0.8671702  -0.1468365   0.324932 -0.3476694
0.8715918  -0.09946582   0.3165905 -0.3608389
0.8743235  -0.04706645   0.3071882 -0.3727982
0.8740798  0.00388826   0.3033901 -0.3793729
0.8779181  0.03517121   0.281875 -0.3854469
0.8800046  0.05974023   0.2641959 -0.3901585
0.883077  0.07889827   0.2438481 -0.39305
0.8848416  0.09413942   0.2304055 -0.3938357
0.8874991  0.1037274   0.2159523 -0.3936375
0.8906248  0.1088962   0.2036838 -0.3917167
0.8933243  0.1112866   0.193771 -0.3899231
0.8955797  0.1103732   0.1864206 -0.3885899
0.8981858  0.107297   0.1806179 -0.3861696
0.9003301  0.1023464   0.1777857 -0.3838269
0.902594  0.09601486   0.1758013 -0.3810499
0.9060577  0.08585018   0.1714579 -0.3772154
0.9104134  0.07486016   0.169358 -0.3699476
0.9150739  0.06107961   0.1656078 -0.362606
0.9184342  0.04431336   0.1656689 -0.3564672
0.9209582  0.02266702   0.1671484 -0.35126
0.9213808  -0.00192948   0.174834 -0.3471121
0.9205084  -0.03358058   0.186292 -0.3418069
0.9161493  -0.07407477   0.2048685 -0.3364702
0.9070842  -0.1138057   0.2286695 -0.3345993
0.8983506  -0.1448683   0.2523476 -0.3290898
0.8917915  -0.1683583   0.2673821 -0.3238366
0.8882484  -0.1885731   0.273371 -0.3173693
0.8852806  -0.199462   0.2814994 -0.3118514
0.8819093  -0.2061385   0.2897154 -0.3095286
0.8793446  -0.208472   0.2971336 -0.3082274
0.8778222  -0.2057184   0.3030297 -0.3086765
0.8781109  -0.2007174   0.30536 -0.3088512
0.8790455  -0.1929271   0.3060958 -0.3104248
0.879567  -0.1799306   0.3071758 -0.3156422
0.8823566  -0.1583613   0.304042 -0.3223768
0.8858146  -0.1264415   0.2982983 -0.3322096
0.8892985  -0.08467501   0.2885517 -0.3445523
0.8916652  -0.04107878   0.2767702 -0.3558709
0.8936415  -0.01249241   0.2545643 -0.3693856
0.8946893  0.01041491   0.2352162 -0.3795998
0.8970484  0.02337269   0.215645 -0.385039
0.8981651  0.03250238   0.2047453 -0.3877144
0.8995098  0.03373376   0.1958867 -0.3890661
0.9013327  0.03129485   0.1898672 -0.3880341
0.9026053  0.02620701   0.1855943 -0.3875199
0.9037982  0.01833785   0.1807741 -0.3874703
0.9045981  0.01033369   0.1776353 -0.3873514
0.9055525  0.001284853   0.1733777 -0.3871861
0.9061401  -0.006415727   0.1725695 -0.3861201
0.9068165  -0.01539315   0.1718664 -0.3845892
0.9071488  -0.02396867   0.1720176 -0.3832969
0.9072647  -0.0317345   0.1746875 -0.3812454
0.9093246  -0.04190233   0.1755699 -0.3748975
0.9129045  -0.05081223   0.175346 -0.3650715
0.9183205  -0.05816588   0.1736556 -0.3509244
0.9258991  -0.06331772   0.1657209 -0.333524
0.928669  -0.07264999   0.1563238 -0.3284185
0.9192786  -0.08410509   0.156835 -0.3510781
0.9152672  -0.08599259   0.1582616 -0.3603392
0.9125339  -0.08674204   0.1593195 -0.3665718
0.9111801  -0.08708874   0.1580446 -0.3703895
0.9107094  -0.08579704   0.1599821 -0.371016
0.9115207  -0.0848304   0.1596491 -0.3693861
0.9131821  -0.08384802   0.1592604 -0.3656559
0.9144821  -0.08233832   0.1606643 -0.3621187
0.9155785  -0.0809845   0.1617577 -0.3591544
0.9166121  -0.07942387   0.1624474 -0.356546
0.9169537  -0.07829041   0.1630425 -0.3556456
0.9169585  -0.07746337   0.1635242 -0.3555931
0.9167086  -0.07701065   0.1635797 -0.3563093
0.9164695  -0.07661469   0.1636453 -0.356979
0.9159693  -0.0759913   0.1641114 -0.3581804
0.9158483  -0.07524692   0.164674 -0.3583885
0.9159336  -0.07469205   0.1649957 -0.3581384
0.9163228  -0.07438753   0.1638929 -0.3577125
0.9165857  -0.07300609   0.1657226 -0.3564781
0.9168574  -0.07243107   0.1661225 -0.3557101
0.9169561  -0.07171876   0.166447 -0.3554481
0.9171976  -0.07131657   0.1664795 -0.3548901
0.9171451  -0.0707624   0.1667116 -0.3550278
0.9172591  -0.07033125   0.1666865 -0.3548307
0.9174535  -0.06980692   0.1668916 -0.354335
0.9175954  -0.06891765   0.1675901 -0.3538115
0.9177145  -0.06858113   0.1674515 -0.3536336
0.9178957  -0.06849849   0.1671393 -0.3533269
0.918094  -0.0679955   0.167044 -0.3529536
0.9181515  -0.06734399   0.1674615 -0.3527309
0.9183418  -0.06693693   0.167433 -0.3523265
0.9182231  -0.06648406   0.1681619 -0.3523745
0.9182873  -0.0661194   0.1683415 -0.3521899
0.9183891  -0.0656478   0.1686501 -0.3518649
0.9183073  -0.06523657   0.1690829 -0.3519473
0.918431  -0.06497758   0.1692019 -0.3516151
0.9185841  -0.06473718   0.1695108 -0.3511101
0.9186828  -0.06446386   0.1695706 -0.3508734
0.9187  -0.06428325   0.1696678 -0.3508146
0.9186698  -0.06407294   0.1699779 -0.3507821
0.9187819  -0.06390014   0.1700192 -0.3504999
0.918747  -0.06386811   0.1703678 -0.3504277
0.9189724  -0.06413867   0.1693179 -0.350296
0.9188361  -0.06363513   0.1703413 -0.3502495
0.9188878  -0.0637109   0.1698749 -0.3503264
0.9189449  -0.06340442   0.1703328 -0.3500099
0.9189684  -0.06349681   0.169599 -0.3502875
0.9189878  -0.06326235   0.1697305 -0.3502156
0.9190281  -0.06317836   0.1697781 -0.3501019
0.9190263  -0.0630522   0.1696708 -0.3501812
0.9192309  -0.06305689   0.1687883 -0.3500696
0.9194795  -0.06343671   0.1674059 -0.3500122
0.9194218  -0.06280383   0.1683931 -0.3498041
0.9193826  -0.06270763   0.1682083 -0.3500133
0.9196854  -0.06282146   0.1670351 -0.3497593
0.9195779  -0.06213548   0.1686526 -0.3493881
0.9197196  -0.06221433   0.1678121 -0.3494056
0.9198118  -0.06208061   0.1675953 -0.3492908
0.9197965  -0.06185945   0.1674883 -0.3494214
0.9197165  -0.06163264   0.1677985 -0.3495235
0.9197934  -0.06143354   0.1679311 -0.3492922
0.919774  -0.06123499   0.1679869 -0.3493516
0.9199079  -0.06105682   0.1678674 -0.3490877
0.9198402  -0.06085989   0.1683846 -0.3490511
0.9197637  -0.06080624   0.1682875 -0.3493087
0.9197347  -0.06090816   0.1681004 -0.3494574
0.9196425  -0.06076856   0.1684161 -0.3495725
0.9196756  -0.0605738   0.1687295 -0.3493679
0.9195415  -0.06051947   0.1689308 -0.3496328
0.9195561  -0.06028616   0.1688523 -0.3496729
0.9195501  -0.06018853   0.168991 -0.3496385
0.9195251  -0.06009768   0.1690047 -0.3497132
0.9194984  -0.06009437   0.169352 -0.3496159
0.9194732  -0.05997678   0.1697091 -0.3495291
0.9196382  -0.06009923   0.1693111 -0.349267
0.9195766  -0.06003582   0.1695645 -0.3493168
0.9193671  -0.05987464   0.1698568 -0.349754
0.9194953  -0.06009689   0.1693231 -0.3496373
0.9193626  -0.05989113   0.170151 -0.34962
0.9193044  -0.06003014   0.170963 -0.3493528
0.919358  -0.06021283   0.1705806 -0.3493672
0.9194261  -0.06003294   0.170189 -0.34941
0.9192412  -0.0596266   0.1714698 -0.3493398
0.9193648  -0.05972248   0.170919 -0.3492685
0.9195976  -0.05992937   0.1701685 -0.3489861
0.9193254  -0.0598762   0.1709753 -0.3493181
0.9195478  -0.0601568   0.1698222 -0.349247
0.9195836  -0.06039206   0.1695275 -0.3492552
0.9194982  -0.06034355   0.1697296 -0.3493904
0.9196245  -0.06033753   0.1696923 -0.3490768
0.9195759  -0.06036688   0.1696815 -0.3492052
0.9194635  -0.0602723   0.1699757 -0.3493744
0.9191885  -0.06004446   0.1705127 -0.349875
0.9192206  -0.0599701   0.1705752 -0.3497732
0.9192728  -0.05998053   0.1703019 -0.3497674
0.9193867  -0.06004151   0.1700112 -0.3495985
0.9194806  -0.05994559   0.1701151 -0.3493178
0.9193325  -0.05970745   0.1704226 -0.3495982
0.919323  -0.05973846   0.1704456 -0.3496068
0.9194136  -0.06016529   0.1698717 -0.3495746
0.9194028  -0.06019926   0.1695527 -0.3497517
0.9195234  -0.06035808   0.169429 -0.3494673
0.9195747  -0.06022026   0.1695287 -0.3493078
0.9195344  -0.06009182   0.169676 -0.3493645
0.9194892  -0.06007352   0.1700935 -0.3492834
0.9195836  -0.06017382   0.1699167 -0.3491036
0.9194121  -0.0601553   0.1703489 -0.3493477
0.919283  -0.06025193   0.1704584 -0.3496175
0.9193063  -0.06011455   0.1705852 -0.3495179
0.9191781  -0.06013362   0.1707819 -0.349756
0.9191083  -0.05993758   0.171113 -0.3498111
0.9190869  -0.05992721   0.1712472 -0.3498035
0.9191116  -0.05996925   0.1709872 -0.3498583
0.9193873  -0.05991571   0.1703749 -0.3494417
0.9193704  -0.06019042   0.1697976 -0.3497196
0.9193016  -0.06002757   0.1696856 -0.349983
0.9194049  -0.06001743   0.1697024 -0.3497052
0.9194018  -0.06015253   0.1693337 -0.3498686
0.9193915  -0.06014585   0.1694189 -0.3498558
0.9192985  -0.06017899   0.1695781 -0.3500171
0.9194799  -0.06023175   0.1690761 -0.3497743
0.9193918  -0.06038425   0.1691164 -0.3499604
0.9192104  -0.06010133   0.1697079 -0.3501991
0.9192214  -0.05993345   0.1700727 -0.3500217
0.9189838  -0.05976255   0.1707772 -0.3503319
0.9190469  -0.05984189   0.1706631 -0.3502082
0.9190021  -0.05984981   0.170545 -0.350382
0.9189373  -0.05981746   0.1705899 -0.3505355
0.9189676  -0.05981226   0.1707049 -0.350401
0.9188864  -0.05988181   0.1709266 -0.3504938
0.9188613  -0.05968073   0.1716567 -0.3502373
0.9185622  -0.05949647   0.172525 -0.3506261
0.9185103  -0.05950027   0.1727936 -0.3506293
0.9183002  -0.0594129   0.1737614 -0.3507162
0.9181922  -0.05930318   0.1744875 -0.350657
0.9184307  -0.05949626   0.1735584 -0.3504608
0.918147  -0.05907343   0.1750139 -0.3505517
0.9181215  -0.05917684   0.1749158 -0.3506501
0.9180769  -0.05919216   0.1749588 -0.350743
0.9180024  -0.0593445   0.1751465 -0.3508185
0.9180309  -0.05955165   0.1752913 -0.3506362
0.9179134  -0.05950931   0.1753904 -0.3509013
0.917881  -0.05968785   0.1753383 -0.3509822
0.917984  -0.05995871   0.1749628 -0.3508536
0.9179397  -0.06004802   0.1751351 -0.3508685
0.9177678  -0.05989549   0.1755764 -0.3511236
0.9178174  -0.06018803   0.1752664 -0.3510985
0.9178485  -0.06016942   0.1752633 -0.3510224
0.9178396  -0.06035328   0.1749699 -0.3511603
0.9178987  -0.06039815   0.1750591 -0.3509536
0.9178976  -0.06054752   0.1748764 -0.3510216
0.9179265  -0.06068503   0.1746691 -0.3510255
0.9178585  -0.06060445   0.1752575 -0.3509238
0.9177644  -0.06100952   0.1746335 -0.3514105
0.9177282  -0.06095989   0.1749479 -0.3513573
0.9177803  -0.06120655   0.1743919 -0.3514551
0.9177762  -0.06110629   0.1743487 -0.3515043
0.9180056  -0.06121343   0.1738985 -0.3511094
0.918088  -0.06143536   0.173515 -0.3510451
0.9181073  -0.06153982   0.1734636 -0.3510016
0.918039  -0.06153444   0.1735399 -0.3511436
0.9181858  -0.06163436   0.1732878 -0.3508666
0.9182793  -0.0617585   0.1727357 -0.3508725
0.9182108  -0.06167874   0.1728119 -0.3510282
0.91817  -0.06161553   0.1730552 -0.3510259
0.9180995  -0.06139851   0.1733613 -0.3510976
0.9181108  -0.06132728   0.1732269 -0.3511466
0.9181183  -0.06125825   0.1732483 -0.3511287
0.9180543  -0.06116139   0.1735093 -0.3511836
0.9182643  -0.06121196   0.1731396 -0.3508085
0.9182624  -0.06141722   0.1729267 -0.3508825
0.9183275  -0.06140141   0.1726632 -0.3508446
0.918255  -0.06141048   0.1727792 -0.3509758
0.9183521  -0.06130565   0.172851 -0.3507042
0.9184844  -0.06137167   0.1726445 -0.3504479
0.9184242  -0.06128005   0.1725469 -0.3506697
0.9184183  -0.06130617   0.1728661 -0.3505233
0.918228  -0.0610625   0.1734272 -0.3507872
0.9182491  -0.06121008   0.1731961 -0.3508206
0.9182557  -0.06121231   0.1732739 -0.3507645
0.9182615  -0.06127632   0.1729787 -0.3508838
0.9182863  -0.06125773   0.1729157 -0.350853
0.9182615  -0.06136395   0.1731129 -0.3508023
0.9181809  -0.06138935   0.1730985 -0.3510159
0.9179869  -0.0614675   0.1738374 -0.3511445
0.9179433  -0.06125693   0.174144 -0.3511431
0.9180859  -0.06157349   0.1732584 -0.3511532
0.9178904  -0.06147057   0.1736552 -0.3514861
