-8.7  -27.3   -6.3
-7.2  -33.6   -1.2
-9  -33.6   -0.6
-8.4  -34.2   -2.4
-7.8  -34.2   -1.2
-7.8  -34.8   -2.4
-8.4  -34.8   -2.4
-7.8  -33.6   -1.8
-6.6  -34.8   -1.8
-8.7  -33.9   -1.5
-7.2  -34.2   -1.2
-6.6  -31.2   -3
-7.2  -31.8   -3
-8.1  -33.3   -2.7
-9  -32.4   -3
-7.2  -32.4   -4.2
-8.1  -32.7   -2.7
-8.7  -32.7   -0.9
-6.3  -33.3   -2.7
-7.5  -32.7   -2.7
-7.2  -31.8   -3.6
-7.5  -32.7   -3.9
-6.9  -32.7   -2.1
-7.8  -33   -3.6
-8.4  -32.4   -1.8
-8.7  -32.7   -2.7
-7.5  -33.3   -3.9
-8.1  -32.7   -1.5
-6  -32.4   -1.8
-6.9  -33.3   -3.3
-7.2  -33   -0.6
-6.9  -32.7   -1.5
-7.8  -31.8   -3
-6.9  -33.3   -0.9
-7.8  -33   -1.8
-5.7  -33.9   -2.1
-7.8  -33   -1.2
-6.3  -32.1   -2.1
-7.2  -33.6   -3.6
-7.5  -33.9   -3.9
-7.2  -32.4   -1.8
-6.6  -34.2   -3.6
-6.6  -31.8   -3.6
-8.4  -33.6   -2.4
-7.2  -31.8   -3
-8.4  -32.4   -3
-9.3  -32.1   -3.9
-6.6  -32.4   -2.4
-8.1  -31.5   -2.7
-8.7  -32.1   -6.3
-6.6  -33   -3.6
-7.5  -32.7   -5.1
-7.8  -32.4   -5.4
-7.5  -32.7   -4.5
-7.8  -31.8   -4.8
-8.1  -32.1   -5.7
-7.8  -32.4   -5.4
-8.1  -32.7   -4.5
-9  -33.6   -4.8
-8.4  -33.6   -5.4
-8.1  -32.1   -4.5
-6.3  -31.5   -5.7
-8.7  -33.3   -5.7
-8.4  -33.6   -5.4
-8.1  -31.5   -5.7
-7.5  -31.5   -6.3
-8.4  -32.4   -7.2
-7.5  -31.5   -6.9
-6.6  -32.4   -6
-6.6  -32.4   -4.2
-9  -32.4   -6
-8.4  -31.2   -6.6
-6.3  -31.5   -5.1
-7.2  -31.2   -5.4
-7.2  -31.2   -6
-7.8  -30.6   -5.4
-8.1  -32.1   -4.5
-6.3  -32.7   -6.9
-7.2  -30.6   -5.4
-8.1  -31.5   -4.5
-7.2  -31.2   -4.8
-6.6  -32.4   -4.2
-7.2  -31.8   -4.2
-8.7  -33.3   -5.7
-6.9  -32.7   -6.9
-8.1  -32.7   -6.3
-6.6  -33   -5.4
-7.8  -32.4   -5.4
-6.3  -32.1   -5.1
-8.1  -32.1   -6.3
-6.6  -31.2   -4.8
-7.2  -31.2   -6
-7.8  -33   -3.6
-7.5  -32.7   -4.5
-6.9  -32.7   -4.5
-6.6  -33.6   -5.4
-6.6  -33.6   -5.4
-6.9  -32.1   -3.3
-6.6  -32.4   -4.8
-6.3  -32.7   -4.5
-5.7  -30.9   -5.7
-7.8  -33   -4.8
-8.4  -31.8   -4.2
-7.5  -31.5   -4.5
-7.8  -31.8   -4.2
-7.2  -32.4   -4.8
-8.7  -30.3   -4.5
-6.3  -32.1   -5.1
-5.7  -31.5   -5.1
-7.8  -32.4   -6
-6.9  -33.9   -5.7
-8.1  -33.9   -3.3
-6.6  -31.8   -6
-6.6  -30   -3.6
-8.1  -32.1   -5.7
-6.6  -31.8   -4.8
-6.3  -31.5   -4.5
-6.9  -32.7   -4.5
-8.7  -32.7   -4.5
-7.2  -32.4   -4.8
-6.6  -33   -4.2
-6.6  -31.8   -4.2
-7.8  -31.2   -4.2
-7.8  -31.8   -5.4
-6.9  -32.7   -5.1
-6  -31.2   -4.8
-7.2  -30.6   -4.8
-6.3  -32.1   -5.7
-6.3  -32.7   -3.9
-6  -32.4   -4.8
-7.2  -33   -4.2
-8.1  -32.1   -4.5
-5.4  -31.2   -4.8
-6.9  -32.7   -4.5
-5.4  -32.4   -4.2
-7.2  -31.2   -3.6
-6  -31.8   -4.2
-5.7  -30.9   -3.3
-7.2  -32.4   -4.8
-6  -31.8   -4.2
-6.6  -33   -4.8
-7.5  -32.1   -4.5
-6  -33.6   -4.2
-5.4  -33.6   -4.8
-5.4  -32.4   -4.2
-6.9  -33.3   -3.9
-6.9  -31.5   -2.7
-7.2  -33   -4.2
-6.9  -32.7   -2.7
-6.3  -32.7   -3.9
-8.4  -31.8   -6
-6.3  -30.9   -3.9
-6.9  -31.5   -5.7
-6.9  -31.5   -4.5
-7.2  -31.8   -4.8
-6.6  -33   -5.4
-7.2  -31.8   -6
-7.2  -33   -6.6
-8.4  -31.2   -5.4
-8.1  -31.5   -6.3
-9.6  -31.2   -6.6
-7.5  -31.5   -8.1
-8.4  -30.6   -9.6
-9.3  -30.9   -9.3
-8.7  -31.5   -11.1
-6.9  -30.3   -11.7
-8.4  -31.8   -11.4
-9.3  -31.5   -12.9
-9.9  -31.5   -12.9
-10.2  -30.6   -15.6
-10.2  -28.2   -13.8
-10.2  -32.4   -15
-9  -30   -16.2
-10.5  -30.9   -14.7
-9.3  -31.5   -15.3
-8.7  -32.1   -14.7
-9.3  -32.7   -14.7
-8.7  -30.3   -15.9
-8.1  -30.9   -14.1
-8.7  -31.5   -15.3
-9  -30   -15
-7.5  -30.9   -14.7
-8.1  -31.5   -14.7
-9.3  -32.7   -15.9
-7.8  -30.6   -16.2
-8.4  -33   -16.2
-8.4  -31.8   -15
-7.2  -30.6   -14.4
-7.5  -32.7   -15.9
-9  -31.2   -15
-8.7  -31.5   -15.3
-8.1  -31.5   -14.7
-9.6  -31.2   -15.6
-6.9  -31.5   -14.7
-6.9  -31.5   -14.7
-8.1  -30.9   -14.7
-9.6  -32.4   -15
-7.2  -31.2   -17.4
-7.8  -31.8   -15.6
-10.5  -30.3   -13.5
-7.2  -30   -16.2
-7.8  -30   -16.8
-9.6  -31.2   -15
-6.9  -32.1   -16.5
-8.4  -29.4   -13.8
-7.8  -30.6   -16.8
-7.8  -30   -16.8
-8.7  -31.5   -14.7
-8.7  -31.5   -15.9
-7.5  -30.9   -14.1
-8.1  -32.1   -15.9
-9.3  -31.5   -15.3
-9  -31.8   -15
-9.9  -31.5   -15.3
-8.4  -31.8   -15.6
-7.5  -30.9   -14.7
-7.8  -31.2   -14.4
-7.5  -32.1   -15.9
-9  -33.6   -15
-6.9  -32.7   -16.5
-7.5  -31.5   -15.9
-6.9  -31.5   -15.9
-9.3  -32.1   -14.7
-9.3  -32.1   -14.1
-8.7  -30.3   -15.3
-8.7  -32.1   -15.9
-9.6  -31.8   -15
-8.7  -31.5   -14.7
-7.5  -30.3   -15.3
-7.8  -31.8   -13.8
-8.4  -30.6   -16.2
-9.3  -31.5   -16.5
-9  -30.6   -15.6
-7.8  -32.4   -15.6
-8.4  -32.4   -15.6
-6.6  -32.4   -16.8
-8.7  -30.9   -15.3
-7.2  -30.6   -13.8
-10.2  -30.6   -15
-9.6  -30   -13.8
-7.5  -32.1   -15.9
-8.1  -30.9   -15.3
-8.1  -30.9   -16.5
-9.6  -30.6   -15
-8.4  -31.8   -15
-9.3  -32.1   -15.3
-9  -31.2   -15
-8.7  -32.1   -14.7
-9.3  -32.7   -14.1
-7.5  -32.7   -14.7
-8.1  -30.9   -15.3
-8.4  -30.6   -15
-8.7  -30.3   -16.5
-7.2  -31.2   -16.2
-8.7  -32.7   -14.1
-7.5  -32.1   -14.7
-8.4  -32.4   -15.6
-9.9  -32.1   -15.9
-9.3  -33.3   -16.5
-8.7  -32.1   -15.9
-9.6  -30.6   -15
-9.3  -31.5   -16.5
-9  -31.8   -15
-8.7  -30.9   -14.7
-7.8  -32.4   -15
-8.1  -31.5   -15.3
-9  -30.6   -14.4
-7.5  -30.9   -15.3
-8.4  -31.8   -16.2
-7.2  -31.2   -15.6
-8.1  -29.7   -15.9
-9.3  -30.9   -15.9
-9.3  -30.3   -14.7
-10.5  -30.9   -16.5
-8.4  -33   -15.6
-8.4  -31.2   -15
-10.8  -31.2   -16.2
-8.4  -31.8   -13.8
-9.3  -34.5   -14.7
-8.1  -33.3   -14.1
-9  -31.8   -16.8
-7.2  -31.2   -14.4
-7.8  -30.6   -15
-7.8  -31.8   -15.6
-7.8  -30.6   -15
-9.9  -32.1   -14.1
-9.9  -30.9   -14.1
-8.7  -30.3   -15.3
-8.4  -32.4   -15.6
-8.7  -32.1   -14.1
-7.2  -30   -15.6
-7.5  -31.5   -14.7
-7.5  -30.3   -14.1
-8.4  -31.2   -14.4
-7.5  -30.3   -15.3
-8.4  -30.6   -14.4
-7.8  -30   -14.4
-8.4  -31.8   -14.4
-8.4  -29.4   -15
-8.7  -31.5   -15.9
-9.6  -30.6   -16.2
-8.1  -30.9   -16.5
-8.1  -31.5   -16.5
-9  -30.6   -17.4
-8.1  -30.9   -18.3
-8.1  -30.3   -18.3
-8.4  -30.6   -20.4
-9.9  -29.7   -19.5
-7.8  -30.6   -21
-8.1  -32.7   -21.9
-7.5  -30.3   -22.5
-9  -30   -19.8
-8.7  -30.9   -21.9
-7.5  -29.7   -21.3
-8.7  -27.9   -21.9
-8.7  -29.1   -22.5
-7.2  -30.6   -22.2
-9.3  -29.7   -24.3
-8.1  -29.1   -23.1
-9  -29.4   -25.2
-8.1  -30.3   -23.7
-10.2  -28.8   -25.2
-8.7  -29.1   -24.9
-9.9  -28.5   -25.5
-9.3  -28.5   -25.5
-9  -29.4   -27
-8.7  -27.9   -25.5
-8.7  -29.1   -26.1
-9  -30.6   -26.4
-9.6  -30.6   -27.6
-9.3  -29.1   -26.7
-8.7  -29.7   -27.3
-8.1  -28.5   -27.9
-6.9  -31.5   -27.9
-9.3  -30.3   -27.9
-9.3  -29.1   -27.9
-9.3  -30.9   -28.5
-7.2  -28.8   -30
-9.3  -29.1   -30.3
-7.2  -30.6   -32.4
-8.4  -30.6   -30.6
-7.8  -30.6   -34.2
-8.1  -30.9   -35.7
-7.2  -29.4   -34.2
-6  -29.4   -33
-9.3  -29.1   -34.5
-6.6  -30   -34.2
-5.7  -30.9   -33.9
-7.2  -31.8   -32.4
-6  -31.2   -33.6
-6.3  -32.1   -33.9
-5.7  -34.5   -32.1
-6.3  -33.9   -30.3
-4.8  -34.2   -31.2
-5.7  -33.3   -28.5
-4.2  -34.8   -30.6
-5.4  -34.2   -30
-4.2  -33   -27.6
-5.1  -33.9   -27.9
-5.1  -32.7   -27.3
-3.9  -32.1   -24.9
-4.8  -33   -25.2
-5.1  -33.3   -26.1
-6  -34.2   -27
-4.8  -33   -26.4
-4.5  -32.1   -27.9
-3.3  -32.7   -25.5
-1.5  -33.3   -23.1
-0.3  -33.9   -24.3
1.5  -35.7   -22.5
3.6  -34.2   -19.8
4.8  -35.4   -18.6
5.4  -37.2   -18.6
4.8  -34.8   -18
3.6  -30.6   -20.4
3.6  -30   -24.6
2.7  -27.9   -25.5
3  -27   -25.8
5.7  -27.3   -26.1
5.7  -26.7   -24.9
7.2  -26.4   -26.4
7.8  -27   -26.4
7.2  -28.8   -26.4
6.9  -28.5   -26.1
6  -29.4   -25.2
6.3  -29.7   -23.7
6  -29.4   -25.8
4.5  -27.9   -26.7
3  -29.4   -27
2.1  -28.5   -27.9
2.4  -27   -27.6
1.2  -27   -27.6
3.3  -29.1   -28.5
3  -28.2   -27.6
1.8  -29.4   -26.4
2.1  -29.1   -26.1
2.7  -27.9   -27.3
1.5  -26.1   -26.7
0.6  -27   -27.6
-1.2  -28.8   -24
0.3  -28.5   -24.3
-0.6  -28.2   -26.4
-0.6  -27.6   -24
-0.9  -28.5   -23.7
-1.2  -28.2   -24
-1.5  -28.5   -22.5
-2.1  -29.1   -21.9
-3.3  -29.7   -20.1
-5.4  -30.6   -19.8
-3.9  -32.1   -18.3
-4.8  -30.6   -18.6
-3.3  -32.7   -17.1
-5.1  -33.3   -18.3
-4.2  -33.6   -16.2
-4.8  -36   -16.8
-5.1  -33.3   -14.7
-5.1  -35.7   -13.5
-4.2  -35.4   -15
-6  -34.2   -13.8
-6  -34.2   -16.2
-5.1  -35.7   -15.3
-5.4  -36   -14.4
-4.5  -35.7   -15.3
-4.8  -34.8   -16.2
-4.5  -35.1   -13.5
-5.7  -36.3   -15.3
-4.8  -34.8   -13.8
-3.9  -33.3   -13.5
-3.3  -33.9   -14.7
-2.4  -33.6   -16.8
-3  -33   -14.4
-2.4  -33.6   -13.2
-3.3  -32.7   -15.9
-0.6  -35.4   -15.6
0  -34.2   -15.6
-0.6  -33   -14.4
-0.6  -34.8   -14.4
0.9  -34.5   -12.3
2.7  -35.1   -11.1
2.4  -37.8   -10.2
4.8  -36.6   -11.4
5.1  -33.3   -13.5
3.6  -34.2   -12
4.2  -34.2   -12.6
5.4  -33.6   -13.2
5.4  -33.6   -12.6
4.5  -34.5   -14.1
5.4  -34.2   -13.2
5.1  -35.1   -14.1
4.2  -34.8   -14.4
3.9  -35.1   -12.9
3.3  -34.5   -12.3
3.9  -34.5   -12.3
3.3  -35.1   -13.5
3.9  -34.5   -11.7
3.6  -34.8   -13.8
4.2  -33   -12.6
4.8  -34.2   -15
3.6  -35.4   -11.4
4.2  -34.2   -14.4
6  -33   -13.2
3.3  -34.5   -12.9
4.8  -33.6   -12.6
4.8  -33.6   -12.6
4.5  -33.9   -11.7
6  -31.8   -13.2
4.8  -36   -12.6
3.3  -33.3   -12.9
5.1  -33.3   -12.9
3.9  -35.1   -12.3
3  -32.4   -13.2
2.1  -33.3   -13.5
3  -34.8   -12.6
0.9  -34.5   -15.3
0.3  -35.1   -16.5
-2.4  -35.4   -16.2
-4.5  -34.5   -18.3
-4.8  -35.4   -18
-7.8  -34.2   -21.6
-12.3  -33.3   -25.5
-14.7  -30.3   -32.7
-18.3  -29.1   -33.9
-20.4  -27.6   -36.6
-23.7  -26.1   -36.9
-27.9  -24.3   -37.5
-30.3  -20.7   -39.3
-33.3  -17.1   -35.7
-35.1  -15.3   -36.3
-38.1  -10.5   -36.9
-41.1  -6.3   -34.5
-40.2  -3.6   -33
-40.8  1.2   -31.8
-41.4  1.8   -29.4
-43.8  6.6   -27.6
-41.7  9.9   -26.1
-41.4  13.2   -22.8
-40.5  14.7   -20.1
-41.1  17.7   -16.5
-38.1  16.5   -11.1
-39.3  18.3   -6.3
-39.3  18.9   -2.7
-36.3  18.9   0.9
-34.8  18   1.8
-33.9  17.1   5.1
-30.9  17.7   6.9
-29.4  16.8   9.6
-27  18   13.2
-23.7  18.3   14.7
-21.6  18.6   16.2
-19.8  18   16.8
-18.3  14.7   18.9
-16.8  14.4   18.6
-15  13.8   19.8
-11.7  12.9   21.3
-8.4  11.4   21
-7.2  10.8   21.6
-4.5  10.5   21.3
-4.8  8.4   20.4
-0.6  10.2   20.4
0.6  9.6   21
2.1  9.3   19.5
3  8.4   20.4
6.9  10.5   20.7
7.8  9.6   19.8
9.3  8.1   18.9
11.4  7.8   18
12.9  8.1   15.9
14.7  8.7   14.7
15.3  8.7   14.7
18.3  8.1   12.9
21  6   13.2
21  6   10.2
21.3  5.7   10.5
21.6  3.6   9.6
24  4.8   10.8
23.7  2.1   8.7
25.2  1.2   8.4
26.1  -0.3   7.5
25.5  0.3   6.9
27  -1.8   6
27.6  -1.8   3
27  -3   4.2
27.9  -3.3   2.7
29.1  -3.9   0.9
28.2  -4.8   -1.8
29.1  -3.9   -3.3
28.8  -7.2   -4.2
30.9  -6.9   -5.7
29.4  -10.2   -6.6
29.4  -9   -8.4
30.3  -9.9   -9.9
28.8  -10.8   -9.6
27.9  -12.9   -10.5
27.6  -13.8   -13.8
29.4  -15   -15
25.8  -16.2   -16.2
25.5  -18.3   -17.7
24.6  -19.2   -18
22.2  -19.8   -19.8
20.7  -21.9   -19.5
21.3  -21.3   -21.3
20.7  -22.5   -23.7
17.1  -24.3   -24.9
16.8  -24.6   -24
15  -25.2   -25.8
12.6  -27   -27
12.9  -26.1   -26.7
9.9  -26.7   -29.1
9.9  -27.9   -29.7
8.7  -28.5   -29.7
6.6  -28.2   -31.8
6  -28.8   -30.6
1.8  -27.6   -33
2.1  -26.1   -34.5
0.3  -26.1   -33.9
-2.1  -26.7   -35.1
-3  -27   -35.4
-5.7  -27.3   -34.5
-5.4  -27   -34.2
-5.4  -26.4   -33
-6.3  -25.5   -33.9
-4.5  -26.1   -34.5
-4.2  -24   -35.4
-4.2  -21.6   -34.8
-3.3  -21.3   -36.3
-5.7  -18.9   -36.9
-7.8  -17.4   -37.8
-3.9  -16.5   -38.1
-6.6  -14.4   -37.2
-4.2  -14.4   -40.8
-1.8  -11.4   -39
-1.5  -9.9   -38.1
0.9  -11.1   -38.7
-0.9  -9.9   -39.9
2.4  -7.2   -39
2.4  -7.2   -39.6
3.6  -5.4   -39.6
6.6  -3.6   -39
8.1  -0.9   -37.5
9.6  1.2   -37.2
8.7  2.1   -36.9
11.1  3.3   -36.3
12  2.4   -35.4
14.1  6.3   -35.1
14.4  6   -34.8
15.3  6.9   -33.3
16.5  7.5   -32.1
17.7  7.5   -32.1
18.3  8.1   -30.9
18.9  6.9   -30.9
21  7.2   -30.6
22.5  6.9   -29.7
22.2  9   -28.8
24.3  6.3   -27.3
25.5  6.9   -26.1
24  6.6   -25.2
26.4  6.6   -23.4
28.2  5.4   -23.4
28.5  6.3   -22.5
28.8  7.2   -21
27.9  4.5   -20.7
30.3  5.1   -20.7
29.7  4.5   -18.9
29.7  0.9   -17.7
31.2  3   -18.6
33  1.2   -18
32.7  -0.3   -15.9
31.5  -1.5   -16.5
32.1  -2.7   -13.5
32.4  -4.2   -14.4
31.5  -5.1   -14.1
30.6  -7.2   -13.8
31.2  -7.2   -13.8
29.7  -12.3   -13.5
29.7  -12.3   -14.1
28.5  -15.9   -15.9
25.8  -18   -17.4
25.2  -22.2   -19.2
21.3  -23.1   -17.7
17.1  -24.9   -20.1
15.9  -26.7   -20.7
12.6  -27.6   -22.8
8.1  -31.5   -23.1
6  -31.2   -25.2
1.5  -31.5   -25.5
-2.4  -31.2   -25.8
-5.7  -29.7   -26.1
-9.6  -28.8   -27.6
-13.2  -28.8   -26.4
-16.2  -26.4   -26.4
-20.7  -25.5   -25.5
-22.8  -25.2   -24
-25.8  -22.2   -23.4
-27.9  -20.1   -21.9
-30  -17.4   -21.6
-32.4  -16.8   -18.6
-33  -12   -19.8
-36  -8.4   -16.8
-37.8  -7.2   -13.2
-38.4  -5.4   -12.6
-39.3  -2.7   -9.3
-39.6  0   -8.4
-39.6  0.6   -6
-40.5  3.3   -5.1
-39.9  3.9   -5.1
-40.8  7.2   -3.6
-39.6  6.6   -1.2
-38.7  7.5   -0.9
-38.4  10.2   2.4
-39  11.4   3.6
-37.5  11.1   7.5
-34.8  14.4   10.8
-33.6  15   12
-31.5  16.5   12.3
-28.8  17.4   15.6
-27.6  18.6   17.4
-25.8  18.6   18.6
-25.5  18.3   21.9
-21.3  17.7   23.1
-19.8  17.4   25.8
-16.8  17.4   26.4
-13.8  17.4   28.2
-9.9  17.7   30.3
-8.1  17.7   28.5
-4.8  17.4   29.4
-1.5  18.3   29.7
2.1  17.7   30.3
5.4  19.2   28.8
7.5  20.7   29.1
8.7  17.7   26.7
13.2  16.8   27
14.1  16.5   26.1
16.2  16.8   26.4
20.1  15.9   23.7
22.5  14.7   20.1
24  12.6   19.8
25.2  12.6   19.2
25.5  9.9   18.9
26.4  8.4   17.4
25.5  7.5   15.9
26.7  6.9   15.3
28.2  4.2   14.4
28.8  4.8   13.2
30.9  2.7   12.9
29.7  2.1   11.1
32.1  1.5   11.7
32.1  0.9   11.1
32.1  0.3   8.1
32.4  -0.6   8.4
33.3  -2.1   8.7
33  -4.2   7.8
34.8  -4.8   6.6
33  -4.8   6
32.4  -6.6   5.4
33.9  -9.3   3.9
33.9  -9.9   3.3
34.5  -10.5   2.1
33.6  -12   1.8
34.8  -13.2   1.2
34.5  -15.3   -0.9
32.7  -14.7   -2.7
33  -16.8   -3
31.5  -17.7   -2.7
31.2  -19.2   -4.2
31.8  -19.8   -5.4
28.5  -21.9   -6.3
28.5  -22.5   -6.3
27.9  -23.7   -7.5
27.6  -25.2   -7.2
24.3  -25.5   -7.5
23.4  -28.2   -9
22.2  -28.8   -9.6
19.8  -30   -8.4
18.6  -31.2   -10.2
19.5  -32.7   -9.3
16.5  -32.1   -8.7
15  -32.4   -9.6
14.7  -35.1   -8.7
13.8  -36.6   -7.2
13.5  -36.3   -7.5
11.7  -36.3   -9.3
10.2  -36   -6.6
12  -37.8   -7.8
9.9  -36.3   -8.1
10.5  -35.7   -8.1
8.4  -36.6   -9
8.1  -37.5   -9.3
7.8  -36.6   -9.6
8.4  -36   -10.2
8.7  -37.5   -10.5
6  -36   -10.8
6.3  -36.3   -11.1
8.4  -37.2   -12
8.4  -36.6   -10.2
9  -35.4   -10.8
8.7  -35.1   -11.7
10.5  -35.1   -11.1
9.9  -36.9   -12.3
11.4  -34.8   -11.4
10.5  -35.1   -11.7
11.1  -34.5   -11.7
12.6  -36   -10.8
12.3  -33.9   -11.7
13.5  -33.9   -11.7
13.5  -32.7   -9.3
14.7  -33.9   -9.3
13.2  -33.6   -7.8
15.3  -33.3   -8.1
13.2  -36   -7.8
14.7  -33.3   -7.5
13.5  -35.1   -7.5
14.4  -34.2   -8.4
15  -34.2   -9
13.2  -36   -7.8
13.5  -37.5   -6.9
14.1  -36.3   -4.5
11.7  -35.7   -4.5
11.4  -35.4   -4.8
11.4  -36   -3.6
12.9  -36.3   -2.7
10.8  -37.2   -1.2
9.6  -36.6   -3
7.8  -34.8   -1.8
8.7  -36.9   0.3
8.7  -36.3   -0.9
8.1  -37.5   -2.1
6.9  -37.5   0.3
6.9  -38.7   -2.1
5.4  -39.6   -1.8
7.8  -36.6   -1.2
5.7  -38.7   -1.5
7.5  -38.7   -0.9
5.7  -38.7   -0.9
6  -38.4   -1.2
3.9  -38.7   -0.3
4.5  -38.7   -0.9
5.1  -39.3   -0.9
3.3  -39.3   0.3
5.7  -38.1   -0.3
4.5  -38.7   0.3
4.5  -38.7   -0.3
3  -40.2   0.6
3.3  -39.3   0.9
3  -39   2.4
3.3  -39.9   -0.3
4.2  -37.8   -1.2
3  -39.6   1.2
4.2  -39.6   0.6
5.1  -38.7   0.9
5.4  -39.6   2.4
3  -39.6   0
5.1  -38.7   1.5
3.6  -39   2.4
5.1  -39.3   2.1
5.7  -39.9   1.5
5.7  -39.9   3.3
6  -39   1.8
6  -39.6   3
6.3  -39.3   1.5
6.3  -39.3   2.7
6.3  -38.1   0.9
6.9  -40.5   2.1
7.5  -38.7   3.3
7.5  -38.7   3.3
9.9  -38.1   2.1
9.3  -40.5   2.1
8.1  -39.3   1.5
7.8  -38.4   0
8.4  -39   0.6
9  -37.2   1.2
10.8  -38.4   1.8
12  -37.2   0
12.9  -37.5   0.3
12.9  -36.3   0.3
13.5  -38.7   0.9
13.2  -37.8   -0.6
14.1  -38.1   -2.1
13.8  -37.8   -2.4
12.9  -38.1   -4.5
13.2  -38.4   -3.6
12.6  -36.6   -3
14.1  -38.7   -3.9
13.2  -36   -4.8
13.5  -37.5   -4.5
14.1  -38.1   -6.3
12.9  -36.9   -6.9
14.4  -36.6   -7.8
13.5  -36.9   -8.1
12  -37.2   -9
11.7  -37.5   -8.1
11.1  -37.5   -9.3
12.6  -36.6   -9.6
10.8  -37.8   -9
9.6  -37.2   -10.2
11.7  -37.5   -10.5
11.7  -38.1   -10.5
11.1  -36.9   -9.3
10.2  -38.4   -10.8
7.5  -36.3   -10.5
9  -37.2   -12.6
8.1  -38.1   -12.3
8.7  -35.7   -11.1
9.3  -36.3   -11.7
7.8  -37.2   -12
8.1  -37.5   -14.1
8.7  -36.9   -14.1
8.7  -35.7   -11.7
9.9  -36.3   -12.3
8.1  -37.5   -12.9
8.4  -39   -14.4
8.1  -38.1   -14.1
8.7  -37.5   -12.9
7.8  -38.4   -13.2
9.3  -38.1   -12.3
8.1  -36.3   -13.5
9.3  -36.3   -12.9
10.8  -37.2   -13.8
9  -34.8   -13.8
7.5  -36.3   -11.7
10.2  -35.4   -13.2
6.9  -36.9   -13.5
9.9  -33.9   -12.3
10.2  -36.6   -12.6
9.9  -36.9   -12.3
9.6  -36.6   -13.8
10.8  -34.8   -13.2
10.8  -35.4   -12
12.6  -35.4   -12
10.8  -34.2   -12.6
12.6  -33.6   -13.8
13.2  -34.8   -12.6
11.7  -35.7   -11.7
11.7  -36.3   -13.5
10.2  -34.8   -13.2
11.1  -35.7   -13.5
10.5  -35.7   -13.5
12.3  -34.5   -13.5
10.8  -34.8   -13.2
12.3  -36.9   -12.3
10.2  -35.4   -12.6
11.1  -36.9   -12.9
10.5  -36.3   -11.7
12  -37.2   -10.8
11.4  -37.8   -11.4
11.7  -38.1   -10.5
10.8  -37.8   -11.4
11.1  -36.9   -11.1
10.2  -37.8   -10.2
9.3  -38.1   -10.5
8.1  -38.7   -9.3
8.7  -39.3   -11.1
8.4  -39.6   -10.8
9.9  -37.5   -10.5
9.3  -38.7   -11.1
8.1  -37.5   -11.1
8.7  -39.3   -11.7
8.4  -39   -11.4
7.2  -39.6   -12
6  -37.8   -12.6
7.2  -39   -13.2
6.3  -38.7   -12.3
5.7  -37.5   -12.9
6  -39   -14.4
6.6  -36   -15
5.1  -36.3   -16.5
6.6  -34.2   -16.2
6.6  -34.2   -18.6
6.3  -34.5   -18.9
6.6  -32.4   -19.8
7.2  -31.8   -21
8.4  -30.6   -21
8.7  -29.7   -21.3
7.8  -30.6   -23.4
9  -26.4   -24
9.3  -28.5   -24.3
9.3  -26.7   -24.9
11.4  -24.6   -25.2
11.1  -25.5   -26.1
12  -23.4   -26.4
10.5  -23.7   -28.5
12.9  -23.1   -25.5
12.3  -21.9   -26.7
14.7  -20.7   -27.9
15.3  -21.3   -27.3
17.7  -21.9   -25.5
15.9  -19.5   -27.9
15.9  -19.5   -27.3
17.1  -20.7   -24.9
18.3  -19.5   -27.3
20.4  -19.2   -26.4
20.4  -18.6   -24
21  -18.6   -25.2
20.7  -20.1   -25.5
21.9  -19.5   -25.5
25.2  -19.8   -23.4
25.8  -19.2   -24
24.6  -19.8   -22.8
24.3  -19.5   -21.3
27.3  -20.1   -21.9
27.9  -18.9   -20.7
27.6  -20.4   -21
26.1  -18.3   -19.5
28.2  -19.8   -18.6
28.8  -20.4   -18.6
30  -19.8   -16.2
31.5  -19.5   -15.9
30.6  -19.8   -15.6
31.8  -22.2   -13.2
31.2  -21.6   -15
31.5  -21.9   -12.9
30.9  -21.9   -12.3
32.1  -21.9   -12.9
32.1  -23.1   -12.9
31.5  -20.7   -14.1
30.9  -20.7   -13.5
31.8  -21   -12.6
31.2  -19.2   -13.2
32.1  -17.7   -13.5
33.3  -17.7   -14.7
32.4  -17.4   -14.4
29.4  -14.4   -17.4
30.3  -11.7   -20.1
28.8  -12   -19.8
28.2  -10.8   -20.4
27.3  -9.9   -23.1
26.4  -8.4   -21.6
24.3  -7.5   -24.3
23.7  -6.3   -27.3
21.6  -4.2   -27.6
17.7  -3.9   -27.9
16.5  -1.5   -30.9
15  -1.8   -31.2
12  -0.6   -31.2
11.4  0   -31.8
9.3  0.9   -31.5
8.1  0.9   -31.5
7.2  3.6   -32.4
4.5  2.1   -32.7
3.9  2.7   -32.1
1.2  2.4   -32.4
0.6  3.6   -31.8
-2.7  4.5   -32.7
-3  4.2   -31.8
-2.7  4.5   -32.7
-5.1  5.1   -32.7
-5.1  4.5   -32.1
-9  3.6   -32.4
-9.3  2.1   -31.5
-11.4  4.2   -30.6
-12.3  4.5   -29.1
-12.3  4.5   -30.3
-13.8  4.2   -29.4
-14.4  4.8   -28.8
-17.7  3.3   -27.9
-17.4  4.2   -28.2
-18.6  4.2   -27.6
-18.9  5.7   -26.7
-18.9  4.5   -26.1
-20.4  3   -25.8
-19.2  3   -25.2
-21.3  2.7   -24.9
-21.3  2.1   -24.9
-20.4  3   -25.2
-22.8  3.6   -25.2
-23.4  1.8   -25.2
-21.3  5.1   -24.3
-22.8  1.8   -24.6
-22.5  2.1   -22.5
-22.5  3.3   -24.3
-23.7  2.7   -21.9
-22.8  3   -23.4
-24.9  2.7   -22.5
-23.4  3   -22.2
-24.3  2.1   -23.1
-26.4  1.2   -22.8
-23.7  -0.3   -21.9
-24.3  -0.9   -23.1
-24.6  -1.2   -21.6
-24.3  -2.7   -21.9
-24.9  -2.1   -21.3
-25.5  -5.7   -21.9
-25.2  -6   -21.6
-25.5  -9.3   -21.9
-24.3  -11.1   -20.1
-23.7  -12.9   -20.7
-24.3  -14.7   -20.7
-24.6  -18   -19.2
-22.8  -20.4   -18
-20.7  -22.5   -18.9
-21.6  -24   -16.8
-21  -28.8   -16.2
-18  -30.6   -15
-18.3  -30.9   -14.1
-14.4  -35.4   -12
-13.8  -36   -9
-14.1  -36.9   -7.5
-9.3  -38.7   -6.3
-9  -41.4   -4.2
-6.6  -42   -1.2
-3.6  -42   1.8
-2.1  -41.7   1.5
-1.8  -42.6   4.2
0.6  -42.6   6
3.9  -39.9   9.3
5.7  -41.1   10.5
8.1  -41.1   12.3
9.9  -39.3   14.7
10.5  -39.3   15.9
13.8  -38.4   17.4
13.5  -36.9   20.1
15.9  -35.1   18.3
16.2  -32.4   19.2
19.2  -30   18.6
20.4  -30   21
21.6  -28.8   21.6
23.1  -27.3   20.7
24  -26.4   23.4
27  -25.8   22.2
25.8  -22.2   22.8
27.6  -21   23.4
30  -18.6   21.6
28.8  -16.8   21
32.1  -15.3   21.9
30.6  -13.2   21.6
31.5  -12.9   21.9
33  -10.8   19.8
32.7  -8.1   21.3
33  -7.2   19.2
35.7  -4.5   18.9
36.9  -3.3   20.1
33  0   18
33.9  -0.3   16.5
35.4  1.2   18
35.1  3.9   16.5
33.6  4.8   17.4
33.9  5.7   14.1
33.3  8.7   14.7
33.6  7.8   15
34.2  9.6   12.6
36.3  11.1   12.3
34.8  11.4   12
33.3  11.7   12.3
31.5  12.9   14.1
31.8  13.8   12
31.2  13.8   13.8
31.5  14.7   14.1
30.6  13.2   14.4
32.4  15.6   14.4
31.8  13.8   15.6
34.2  14.4   13.8
31.2  14.4   15.6
31.8  15   15
31.2  16.8   16.8
30.6  14.4   17.4
31.5  15.9   17.1
30  17.4   18
28.8  15.6   17.4
27  18   19.8
28.2  18.6   19.8
28.8  19.2   19.2
27.3  18.9   20.1
26.4  18.6   22.8
26.7  18.3   22.5
25.5  18.9   22.5
25.8  18.6   24
23.7  17.7   24.3
22.8  18.6   26.4
23.4  18   27.6
20.7  17.7   28.5
18.3  18.9   27.9
18.3  16.5   29.7
14.1  16.5   29.7
13.2  15.6   33
10.2  12.6   33.6
6.3  11.1   33.9
1.8  10.2   35.4
-0.9  9.9   35.1
-3.6  7.2   34.8
-8.7  6.9   34.5
-9.3  5.1   33.3
-13.8  3   34.2
-16.2  1.2   31.8
-20.1  -0.3   32.1
-22.2  -2.4   32.4
-23.4  -5.4   27.6
-23.1  -10.5   26.1
-25.5  -13.5   25.5
-26.7  -15.9   21.9
-25.8  -21   21
-26.7  -24.3   17.7
-25.8  -27.6   16.8
-23.4  -31.2   12.6
-23.7  -33.9   9.9
-20.7  -35.1   7.5
-16.8  -38.4   4.2
-16.5  -38.7   2.1
-12.9  -39.9   0.3
-8.7  -41.1   -1.5
-6.9  -41.1   -2.1
-3.3  -42.3   -5.7
-0.6  -41.4   -7.2
0  -40.8   -8.4
2.4  -41.4   -8.4
3.3  -40.5   -9.9
6  -40.2   -10.8
5.1  -39.9   -11.1
6.6  -38.4   -12
6.6  -39.6   -13.2
6.9  -38.1   -13.5
6.9  -38.1   -14.7
6.6  -36.6   -15.6
6.6  -39   -15
5.1  -39.3   -14.1
5.1  -37.5   -14.7
6.6  -36.6   -13.8
5.4  -38.4   -12.6
6.6  -39.6   -12
5.4  -40.2   -11.4
5.4  -40.8   -10.2
5.7  -38.7   -8.7
6  -40.8   -10.2
7.8  -40.8   -8.4
8.1  -40.5   -5.1
10.8  -40.2   -4.8
11.7  -41.1   -0.9
12.3  -40.5   0.3
16.5  -40.5   3.9
17.4  -38.4   7.8
17.4  -40.8   9.6
20.1  -35.1   11.1
21.9  -33.9   14.1
24.6  -31.2   16.2
26.7  -29.7   20.1
27  -25.2   20.4
27.3  -22.5   25.5
29.7  -18.9   24.3
28.2  -14.4   25.8
29.7  -12.3   26.7
29.1  -6.9   26.7
29.4  -4.2   27
29.1  -1.5   27.3
28.8  -1.2   27.6
28.8  3   27
24.9  2.1   29.1
24.6  2.4   30.6
22.2  5.4   31.8
21  6.6   32.4
18.6  6   34.2
14.7  6.3   33.9
12  4.2   35.4
11.1  5.1   36.9
9  4.2   35.4
6.3  3.9   36.9
3.3  0.9   38.1
1.2  -4.2   37.8
-2.4  -6.6   39
-5.7  -11.7   36.3
-5.7  -17.1   35.1
-6  -21.6   32.4
-5.7  -25.5   30.9
-3.9  -26.7   27.3
-2.1  -33.3   26.1
-0.3  -33.9   24.3
2.7  -37.5   23.1
4.8  -37.2   22.2
6.9  -37.5   19.5
9.6  -37.8   19.8
9.9  -37.5   18.3
10.8  -39   17.4
12.6  -39.6   15.6
12.6  -37.8   15.6
15.6  -37.8   13.8
16.8  -39   15.6
18.6  -37.8   15.6
18.3  -35.7   12.3
20.7  -36.3   12.3
20.4  -37.2   12
19.5  -39.3   11.1
19.5  -36.9   10.5
19.8  -39   7.2
18.3  -38.7   5.1
15.9  -40.5   5.7
16.8  -39.6   3
16.5  -39.9   1.5
14.7  -41.1   -1.5
12.6  -42   -4.2
12.6  -40.8   -3
11.7  -41.1   -6.3
11.1  -40.5   -6.3
9.3  -40.5   -6.9
8.4  -40.2   -10.2
8.4  -40.8   -10.2
6.9  -39.3   -9.9
7.2  -39   -11.4
6.9  -38.7   -11.1
5.1  -38.7   -11.1
7.8  -37.8   -12.6
6  -38.4   -12
5.4  -40.2   -13.2
6  -37.2   -10.8
5.4  -37.2   -13.2
5.1  -39.9   -13.5
3.3  -40.5   -12.9
5.7  -39.3   -12.9
3.9  -39.3   -11.7
3.9  -38.7   -11.1
4.8  -42   -10.2
3.9  -40.5   -9.3
3.3  -38.7   -9.9
5.7  -42.3   -8.7
4.8  -41.4   -8.4
6.9  -42.3   -8.7
6.3  -42.3   -5.7
4.8  -40.8   -6.6
5.4  -43.2   -9
3.6  -43.2   -7.8
0.9  -42.9   -7.5
-1.2  -42.6   -9
-3.9  -41.7   -6.9
-4.5  -41.1   -6.9
-8.1  -39.9   -5.1
-13.2  -37.8   -5.4
-14.7  -37.5   -3.9
-18.3  -35.7   -2.7
-19.8  -33.6   -1.8
-22.2  -30.6   0
-27.3  -26.1   3.3
-28.8  -21   3.6
-31.8  -16.8   7.8
-30  -12.6   9
-31.5  -8.1   11.7
-30.3  -4.5   15.9
-27.6  -1.2   18
-27.3  0.9   20.7
-25.5  3.9   24.3
-23.7  2.7   26.1
-20.7  1.5   29.1
-16.5  0.9   31.5
-12.6  0.6   35.4
-11.4  1.8   37.2
-5.1  0.9   36.3
-3  1.8   39
0  1.8   37.2
4.5  0.3   38.7
7.5  0.9   37.5
12  1.2   37.2
17.7  2.1   38.1
17.7  2.1   33.9
22.2  0.6   33
23.4  1.2   30.6
26.4  3   29.4
27.6  2.4   27.6
28.2  2.4   27
30  0.6   27
31.2  0   25.8
30.3  -2.1   23.7
33.3  -4.5   23.7
30  -6   23.4
31.8  -6.6   25.2
30  -10.2   24.6
29.7  -9.9   24.3
30  -12.6   24
31.2  -15.6   25.2
29.4  -18   23.4
29.1  -20.7   22.5
28.2  -22.2   22.2
27.6  -25.8   22.2
25.5  -27.9   21.3
23.1  -30.3   20.1
21.3  -34.5   18.3
17.1  -35.7   18.3
14.4  -36.6   17.4
13.5  -37.5   15.3
10.8  -40.8   14.4
8.7  -41.7   13.5
8.7  -42.3   11.1
4.8  -42   11.4
4.8  -42   9.6
0.9  -41.7   6.3
-1.8  -43.2   6.6
-5.4  -43.8   3
-4.8  -41.4   1.2
-7.8  -40.2   -2.4
-4.2  -40.8   -1.2
-5.4  -40.2   -2.4
-6  -40.8   -3.6
-3.3  -40.5   -3.9
-3  -42   -4.8
-1.2  -41.4   -4.2
-0.6  -42.6   -3.6
0.3  -39.3   -5.7
-0.3  -40.5   -6.3
0  -40.8   -8.4
1.5  -39.9   -8.7
0.9  -39.3   -9.9
3.3  -39.3   -9.9
3.6  -39.6   -10.8
5.1  -39.3   -9.3
6.9  -39.9   -8.7
6.3  -40.5   -8.1
9.6  -40.2   -8.4
11.1  -39.9   -6.3
12.3  -40.5   -7.5
15.6  -40.2   -5.4
13.5  -38.7   -6.3
15.6  -38.4   -5.4
16.5  -39.3   -6.3
17.1  -38.7   -4.5
17.1  -38.1   -5.7
16.8  -38.4   -4.8
16.5  -39.9   -3.9
17.4  -39   -3.6
17.7  -40.5   -3.3
18.3  -39.3   -3.3
18.6  -40.8   -3
16.8  -39   -2.4
15.3  -40.5   -4.5
15  -41.4   -6
13.8  -42   -5.4
9.6  -41.4   -7.2
6.6  -40.8   -9.6
2.4  -40.8   -10.2
-1.8  -39.6   -10.2
-2.4  -37.8   -13.8
-8.7  -35.7   -13.5
-12.9  -35.1   -12.9
-15.3  -30.9   -14.7
-20.4  -28.2   -12
-24.9  -21.3   -14.7
-26.7  -16.5   -11.7
-29.4  -10.8   -10.2
-30.6  -6   -8.4
-30.3  -2.1   -7.5
-31.2  4.2   -6
-30.3  8.1   -5.1
-30.6  13.2   -4.2
-31.2  12.6   -0.6
-28.8  16.2   2.4
-26.7  18.3   6.3
-25.5  18.9   9.3
-23.4  20.4   12.6
-23.1  21.3   15.3
-23.1  19.5   17.7
-19.5  18.9   21.9
-17.7  18.3   24.9
-15.9  17.7   27.9
-11.7  16.5   30.9
-7.5  15.3   32.1
-4.5  15.9   34.5
-0.6  13.8   35.4
3.6  10.2   36.6
7.2  11.4   35.4
9.9  10.5   36.9
14.7  9.9   36.3
17.7  9.9   35.1
19.8  7.2   33.6
22.5  7.5   34.5
25.2  5.4   31.2
25.2  4.2   31.8
27.6  3.6   29.4
28.8  1.8   28.8
30.9  0.9   26.7
33.6  1.8   25.8
34.5  -3.3   24.3
35.1  -4.5   22.5
36.3  -6.3   20.7
36  -7.2   20.4
36.9  -8.7   19.5
37.8  -7.8   17.4
35.7  -11.7   17.1
37.5  -11.7   15.9
36.6  -13.2   15.6
39  -12.6   16.2
37.8  -15   13.2
37.8  -16.8   10.8
37.8  -20.4   12
37.2  -20.4   9.6
36.6  -21.6   9.6
35.7  -23.7   9.3
36.3  -25.5   8.7
34.2  -25.8   4.8
33.3  -28.5   4.5
32.1  -29.1   2.7
30.3  -31.5   1.5
27  -33   -0.6
27.6  -35.4   0
25.2  -36   -3.6
20.7  -38.7   -2.7
17.7  -38.1   -5.1
15.3  -41.1   -5.7
12.3  -39.3   -8.7
10.2  -39.6   -6.6
9.9  -39.9   -9.9
6.9  -41.7   -7.5
5.7  -40.5   -9.9
4.8  -40.8   -9
0.9  -39.9   -12.9
1.8  -38.4   -13.2
3  -37.2   -15
0.9  -33.9   -17.1
3.3  -31.5   -18.9
3.3  -32.1   -20.1
5.1  -31.5   -22.5
8.7  -29.7   -22.5
10.5  -29.7   -22.5
11.1  -27.9   -23.7
15.3  -26.1   -21.9
16.5  -25.5   -22.5
17.7  -24.9   -20.7
21.3  -23.7   -21.9
22.2  -21   -22.2
22.8  -21.6   -21
25.2  -19.2   -19.2
28.5  -17.7   -19.5
29.7  -16.5   -19.5
31.5  -12.9   -17.7
31.8  -13.2   -16.8
33.9  -9.9   -17.7
34.2  -10.2   -17.4
35.4  -9.6   -16.2
36.3  -8.1   -15.9
37.2  -7.2   -13.8
37.2  -6   -14.4
37.5  -6.9   -12.3
39.3  -5.1   -11.1
39.9  -4.5   -12.3
40.5  -5.1   -8.7
39.9  -5.1   -8.7
39  -3.6   -6.6
39.3  -4.5   -6.9
40.2  -6   -8.4
39.6  -6.6   -12
39.9  -6.9   -9.9
39.3  -8.7   -14.1
36.3  -10.5   -13.5
36.9  -11.7   -16.5
35.1  -14.7   -17.7
31.8  -13.2   -21
29.4  -15   -24
25.2  -14.4   -26.4
20.7  -16.5   -27.9
17.1  -14.1   -29.7
13.5  -11.7   -30.9
11.7  -9.9   -32.7
9.6  -6.6   -33
8.7  -3.9   -33.3
7.8  -1.8   -31.8
5.1  2.7   -30.3
4.5  5.1   -32.7
3.3  10.5   -30.3
0.6  13.2   -29.4
-2.7  15.9   -27.9
-4.2  17.4   -25.8
-6.9  19.5   -20.7
-9  23.4   -18.6
-10.8  24.6   -16.2
-14.1  25.5   -12.3
-17.4  24.6   -10.2
-19.8  24   -4.8
-23.7  20.7   -0.9
-25.5  20.1   3.3
-28.2  16.2   9
-27.9  12.3   9.3
-30  10.2   13.2
-30  7.2   18
-30  3.6   21.6
-28.8  -0.6   23.4
-27.6  -6   25.2
-26.4  -9.6   28.2
-21  -14.4   30
-20.1  -18.3   31.5
-15.3  -22.5   32.7
-12  -24   32.4
-8.4  -27   33.6
-3.6  -30.6   32.4
-1.8  -32.4   29.4
1.2  -34.2   30
5.4  -36   28.8
9  -36   26.4
14.4  -38.4   25.2
15.3  -38.1   20.7
20.4  -37.8   21.6
22.5  -36.3   17.7
25.8  -34.8   16.8
29.1  -34.5   13.5
30  -32.4   10.2
31.5  -33.3   6.9
34.5  -31.5   4.5
36  -30.6   1.8
34.2  -30.6   -0.6
35.1  -27.3   -2.1
33.6  -28.8   -5.4
33  -29.4   -5.4
30.9  -29.7   -6.9
32.1  -30.3   -6.9
30.9  -30.3   -6.9
29.1  -32.1   -6.9
29.1  -32.1   -8.7
28.2  -32.4   -7.8
27.6  -31.8   -9.6
24.9  -35.1   -8.7
21.6  -33   -12
19.8  -36   -12
19.8  -34.2   -12
17.7  -34.5   -10.5
18.6  -35.4   -12
18.9  -35.7   -12.9
17.1  -33.9   -14.1
16.5  -33.3   -14.1
14.1  -34.5   -14.7
14.7  -32.7   -17.1
13.8  -30.6   -19.2
13.5  -30.3   -21.3
13.8  -27   -21.6
14.7  -27.3   -23.7
14.4  -27.6   -23.4
16.5  -27.9   -22.5
17.1  -27.3   -20.7
16.8  -25.8   -21
16.5  -24.3   -20.7
18.6  -23.4   -19.8
19.2  -24.6   -21
21.3  -22.5   -18.9
21.9  -21.9   -20.1
24  -22.2   -19.8
23.7  -24.3   -18.9
26.7  -23.1   -17.7
28.2  -23.4   -17.4
29.7  -23.7   -14.1
30.9  -22.5   -15.3
30.9  -23.7   -12.9
32.7  -24.9   -12.3
30.9  -24.3   -12.3
32.7  -25.5   -12.3
33.3  -23.7   -9.9
36  -23.4   -9
33.9  -23.1   -7.5
33.6  -23.4   -8.4
33.6  -24   -8.4
33.3  -23.7   -8.7
34.2  -24   -8.4
30.6  -23.4   -10.2
30.6  -23.4   -10.8
29.1  -24.3   -12.9
27  -26.4   -15
24.3  -26.1   -17.1
21.9  -26.1   -20.7
19.5  -26.7   -23.1
14.4  -28.2   -22.2
9.3  -26.7   -26.7
3.3  -24.3   -27.9
-0.9  -21.9   -27.9
-6.3  -15.9   -28.5
-11.4  -12.6   -28.2
-15.3  -10.5   -26.1
-19.2  -6   -25.8
-22.5  -2.1   -20.7
-25.2  -0.6   -16.8
-28.2  4.8   -13.2
-29.7  6.9   -8.1
-30  6.6   -1.8
-31.8  6.6   4.2
-32.1  5.7   8.1
-30.6  4.2   14.4
-29.7  3.9   19.5
-27.9  2.7   25.5
-23.7  2.1   28.5
-19.5  0.3   31.5
-17.1  -2.1   35.7
-13.8  -4.8   37.2
-9  -6.6   39.6
-5.7  -10.5   39.9
0.9  -13.5   41.1
3.9  -15.3   39.9
7.8  -18.6   40.2
14.4  -20.4   37.2
17.7  -21.9   36.3
20.4  -24.6   33.6
23.7  -24.9   30.3
25.5  -26.7   28.5
29.1  -26.7   26.7
31.5  -24.9   23.7
33.9  -24.3   19.5
35.1  -24.3   16.5
35.4  -26.4   12
37.2  -24.6   9
37.2  -25.2   7.8
36.9  -24.3   6.9
38.1  -24.3   4.5
37.8  -27   2.4
35.4  -27.6   1.2
35.1  -29.7   0.3
33  -28.8   -1.2
30.9  -30.3   -2.1
30  -32.4   -4.2
29.7  -33.3   -5.1
26.4  -33   -7.2
25.5  -36.3   -7.5
24  -35.4   -11.4
20.4  -36.6   -12.6
19.8  -36.6   -13.2
17.1  -36.3   -14.1
16.2  -37.2   -13.2
15.6  -36.6   -13.2
12.9  -35.7   -12.3
15  -35.4   -13.8
12.9  -34.5   -14.7
15.3  -32.1   -18.3
15.6  -32.4   -18
16.8  -30.6   -20.4
19.2  -30   -18.6
20.7  -28.5   -18.9
21.9  -25.5   -18.9
24.6  -25.8   -19.2
27  -25.2   -18
28.8  -22.8   -15.6
30.6  -22.2   -15.6
30.3  -23.7   -13.5
31.2  -22.8   -13.2
31.8  -24.6   -11.4
30.6  -27   -10.2
30.6  -26.4   -10.2
30.9  -27.3   -6.9
31.2  -28.2   -5.4
30  -28.8   -4.8
28.2  -30.6   -4.2
27  -30   -4.2
27  -31.2   -6.6
23.7  -33.9   -6.3
21.3  -33.3   -11.1
17.4  -33.6   -10.8
14.7  -33.9   -12.9
9.3  -32.7   -14.1
5.1  -33.3   -16.5
2.1  -31.5   -18.9
-3.6  -30.6   -19.8
-8.1  -27.3   -20.7
-13.5  -22.5   -21.3
-17.7  -19.5   -20.1
-21.3  -15.3   -18.9
-24.9  -11.1   -15.9
-27.3  -5.7   -9.9
-30.6  -3   -6.6
-32.1  0.3   0.3
-31.5  0.9   6.9
-32.1  0.3   11.7
-31.8  1.2   17.4
-28.2  0.6   24.6
-24.9  -1.5   27.3
-18.6  -1.2   34.2
-15  -1.8   36.6
-9.9  -2.7   39.9
-6  -3   39.6
-0.3  -3.9   41.1
3.3  -3.3   42.9
7.2  -4.2   42
10.2  -4.8   40.2
14.1  -8.1   39.9
16.2  -9   39
20.7  -12.9   36.9
23.1  -14.1   34.5
24.9  -17.1   32.1
27.9  -18.3   29.7
27.9  -21.3   27.9
31.8  -24.6   27
31.8  -25.2   22.2
33  -25.8   21
33.3  -25.5   18.3
33.3  -26.7   15.9
36.3  -27.3   12.3
34.8  -28.2   10.8
33.9  -29.1   9.3
33.3  -32.1   6.9
31.2  -32.4   5.4
29.7  -35.1   3.9
28.2  -33.6   1.8
28.5  -35.7   0.9
24.9  -37.5   -0.3
23.4  -37.8   -1.2
21  -38.4   -3
20.1  -38.7   -6.3
16.8  -38.4   -6.6
15  -39   -9
13.5  -37.5   -11.7
11.7  -37.5   -12.9
11.1  -35.7   -15.9
10.5  -34.5   -18.3
9  -34.8   -19.2
9.3  -32.1   -20.1
9.9  -30.9   -21.9
9.9  -27.3   -22.5
11.7  -24.9   -23.7
13.5  -23.1   -23.1
15.6  -21   -24.6
19.5  -20.7   -24.3
22.5  -20.7   -21.9
24  -20.4   -21
24.6  -19.8   -20.4
25.2  -20.4   -19.2
26.7  -23.1   -18.3
27.3  -21.3   -17.1
27.9  -24.3   -16.5
28.5  -25.5   -15.9
28.5  -23.7   -14.7
27.6  -27.6   -14.4
27.3  -27.3   -13.5
27.6  -25.8   -12
27  -25.2   -13.8
24.9  -29.1   -15.3
26.1  -29.7   -15.3
23.7  -27.3   -15.3
24.3  -24.9   -15.3
23.4  -25.2   -16.8
21.3  -25.5   -20.1
20.1  -24.3   -20.1
20.7  -23.1   -22.5
20.1  -22.5   -22.5
16.8  -20.4   -22.8
16.8  -21.6   -24.6
16.8  -19.8   -24.6
13.5  -16.5   -27.3
12.6  -13.2   -27.6
11.4  -12.6   -27
14.1  -11.1   -29.7
10.8  -8.4   -29.4
12.3  -8.7   -31.5
10.5  -5.7   -30.3
12  -3.6   -31.2
9.9  -3.3   -31.5
11.1  -0.9   -30.9
9  1.2   -30
10.5  0.9   -30.3
9.6  0.6   -30
10.8  1.8   -31.8
10.2  1.8   -28.8
10.8  3.6   -31.8
10.8  5.4   -30
10.5  3.9   -29.1
10.5  5.1   -29.1
10.2  5.4   -30
9.3  8.1   -29.7
8.1  9.9   -31.5
8.7  11.1   -30.3
4.5  13.5   -29.1
5.1  14.7   -27.3
1.5  17.1   -27.3
-0.9  18.3   -27.3
-3.6  19.2   -23.4
-6.3  21.3   -22.5
-10.8  22.2   -20.4
-12  22.8   -17.4
-14.7  23.1   -14.7
-16.8  22.8   -10.2
-19.8  22.8   -9
-23.7  23.1   -2.7
-23.7  20.1   -0.9
-24  19.2   4.2
-27.9  18.3   7.5
-26.7  15.3   8.1
-28.2  12.6   7.8
-29.1  11.7   9.9
-31.2  7.2   12
-32.4  3.6   12.6
-31.5  1.5   12.3
-32.1  -2.1   11.7
-32.1  -7.5   10.5
-33.6  -8.4   12
-31.8  -10.2   10.2
-31.2  -13.8   10.2
-30  -16.8   7.8
-32.1  -15.9   5.7
-30  -19.8   4.8
-28.2  -20.4   3.6
-28.8  -22.8   2.4
-27.9  -19.5   3.3
-28.8  -21   1.2
-28.5  -23.1   -0.3
-27.6  -22.2   0.6
-27.9  -22.5   -1.5
-27  -22.8   -2.4
-26.4  -22.8   -2.4
-25.8  -24.6   -3.6
-25.5  -23.7   -2.1
-26.4  -22.8   -3.6
-25.2  -24   -4.8
-25.5  -23.7   -5.1
-25.2  -24.6   -6
-26.7  -25.5   -7.5
-24.9  -25.5   -5.1
-26.1  -24.9   -6.9
-27.6  -21.6   -7.8
-27.6  -22.2   -7.8
-27.6  -20.4   -8.4
-27.3  -22.5   -8.7
-26.1  -21.3   -7.5
-28.2  -19.8   -7.8
-30.9  -18.3   -8.1
-33.3  -17.7   -9.3
-34.2  -14.4   -10.2
-33.9  -14.7   -11.1
-33.6  -13.8   -10.8
-34.5  -14.1   -12.9
-33.3  -13.5   -13.5
-32.1  -11.7   -14.1
-32.1  -15.3   -16.5
-30.3  -12.9   -17.1
-31.2  -12   -17.4
-30.3  -14.1   -18.9
-29.4  -12.6   -19.8
-30.3  -12.9   -19.5
-30.3  -10.5   -22.5
-28.2  -9.6   -25.8
-28.2  -9.6   -26.4
-28.5  -8.7   -27.3
-27  -10.2   -27
-27.9  -9.9   -29.1
-26.7  -12.9   -27.3
-25.8  -12.6   -26.4
-25.2  -13.2   -26.4
-27.3  -14.1   -25.5
-27  -14.4   -24.6
-26.7  -14.7   -24.3
-25.8  -15   -25.2
-25.8  -16.2   -25.8
-25.2  -15.6   -28.2
-24.3  -14.7   -30.3
-21.6  -13.2   -33.6
-18.3  -13.5   -38.1
-19.5  -11.1   -37.5
-18.6  -11.4   -39
-20.7  -9.3   -38.1
-20.4  -8.4   -36.6
-20.7  -11.7   -34.5
-23.1  -14.7   -29.7
-22.2  -16.2   -28.8
-21.3  -17.1   -26.7
-18.6  -18.6   -28.8
-16.8  -17.4   -28.8
-18.6  -19.8   -27.6
-16.5  -16.5   -29.1
-16.5  -17.7   -30.3
-14.7  -17.7   -30.9
-12.9  -18.9   -30.9
-11.1  -18.9   -31.5
-9.6  -18.6   -31.8
-7.2  -20.4   -31.8
-4.2  -21   -30.6
-4.5  -22.5   -30.3
-3.9  -23.1   -30.3
-0.9  -22.5   -32.1
-1.2  -21.6   -31.2
-2.1  -20.1   -30.3
0.6  -20.4   -32.4
1.8  -17.4   -32.4
1.8  -17.4   -33.6
2.7  -21.3   -30.9
6.3  -19.5   -33.3
4.5  -18.3   -32.1
7.5  -20.1   -32.7
9.3  -20.7   -30.9
12  -21.6   -31.8
12.6  -23.4   -32.4
16.5  -23.1   -30.9
17.4  -24.6   -28.8
20.4  -24   -28.8
21.9  -23.7   -26.7
23.1  -26.1   -27.9
23.7  -24.9   -28.5
24.3  -24.3   -27.3
23.7  -26.7   -26.7
24.3  -25.5   -25.5
24.9  -24.9   -24.9
24.6  -26.4   -24.6
25.8  -26.4   -25.8
24.9  -26.1   -25.5
25.2  -26.4   -28.8
25.2  -24.6   -26.4
25.8  -24.6   -27.6
27  -25.2   -27.6
26.1  -26.1   -28.5
26.4  -27   -25.2
27  -28.2   -24
23.4  -29.4   -25.8
26.1  -30.3   -24.3
24.9  -29.7   -24.9
23.4  -29.4   -24
22.5  -29.7   -23.1
24  -31.2   -24
25.5  -30.9   -23.1
26.1  -30.3   -23.7
24.6  -30   -24
25.5  -30.3   -22.5
26.4  -31.2   -22.8
28.8  -30.6   -23.4
28.2  -30   -22.8
28.5  -31.5   -23.1
28.2  -31.8   -22.8
30  -31.8   -23.4
29.1  -30.9   -23.1
29.1  -29.1   -22.5
30.3  -31.5   -23.1
30.3  -32.7   -22.5
29.1  -32.1   -21.9
28.2  -31.8   -22.2
29.1  -33.3   -22.5
27.6  -31.8   -21.6
29.1  -33.9   -21.9
26.4  -34.2   -21
28.2  -33.6   -21
27.6  -35.4   -19.8
27.9  -33.9   -18.3
27.6  -35.4   -20.4
29.7  -33.3   -20.1
28.8  -34.8   -19.2
27.3  -33.3   -19.5
27  -34.8   -22.8
27.3  -33.9   -24.3
29.1  -35.7   -22.5
28.8  -36   -24
29.7  -37.5   -24.9
27.9  -33.9   -24.9
28.5  -33.3   -24.9
28.5  -33.9   -26.1
29.7  -32.7   -26.7
28.2  -32.4   -27.6
29.1  -32.7   -27.3
29.4  -31.8   -26.4
30.3  -33.3   -26.7
27  -32.4   -25.8
29.7  -33.9   -26.7
30.9  -32.7   -24.9
30.3  -32.1   -24.3
30.3  -33.3   -24.9
28.5  -32.7   -23.1
29.1  -32.7   -23.1
29.1  -33.3   -23.1
30.6  -33.6   -21
28.5  -33.3   -21.3
29.4  -34.2   -20.4
28.2  -34.2   -20.4
27.6  -34.2   -21
25.2  -33.6   -20.4
27  -34.2   -18
25.8  -35.4   -19.2
24.6  -36.6   -19.2
26.1  -34.5   -20.1
26.1  -35.7   -18.3
27.9  -37.5   -18.3
27.3  -36.9   -18.9
28.2  -36.6   -19.2
27.6  -36.6   -18
27.3  -36.3   -15.9
28.8  -38.4   -17.4
27.9  -38.1   -16.5
27.9  -37.5   -17.1
29.7  -36.9   -17.7
28.2  -39   -16.8
29.7  -36.9   -17.1
29.7  -38.1   -17.1
28.5  -38.7   -15.3
29.4  -39.6   -13.8
31.8  -38.4   -15.6
29.7  -39.3   -15.9
32.7  -38.1   -14.7
30.3  -40.5   -15.3
30.6  -39.6   -16.8
31.8  -41.4   -14.4
30.9  -41.1   -15.9
29.4  -41.4   -15
28.5  -44.1   -13.5
27.6  -41.4   -13.8
27  -42   -14.4
27  -43.2   -15
27  -43.2   -13.2
27  -43.2   -15
29.7  -42.9   -13.5
27.9  -41.7   -14.1
29.1  -42.9   -13.5
25.8  -45   -14.4
26.4  -43.2   -13.8
22.5  -43.5   -14.1
20.7  -43.5   -12.9
20.4  -41.4   -13.8
18.3  -43.5   -14.7
16.8  -43.8   -16.2
15.3  -42.9   -15.3
15.3  -41.7   -13.5
14.7  -42.3   -15.3
11.7  -41.1   -15.3
12.9  -39.3   -14.7
10.5  -39.9   -15.3
8.7  -39.3   -15.3
8.4  -38.4   -16.2
6.3  -38.1   -17.1
6.9  -36.3   -18.9
5.7  -33.9   -20.7
4.5  -33.3   -21.9
3.9  -31.5   -20.7
3  -28.8   -22.2
1.5  -29.7   -22.5
0  -28.8   -23.4
-0.6  -28.2   -22.2
-0.3  -27.3   -20.1
-2.7  -27.3   -20.1
-4.2  -25.2   -18
-3.9  -23.7   -19.5
-6.3  -21.9   -18.9
-5.4  -23.4   -18.6
-4.5  -22.5   -18.9
-3.9  -19.5   -20.1
-4.2  -21.6   -20.4
-3.3  -21.9   -20.1
-1.5  -22.5   -21.9
-2.4  -22.8   -21.6
-2.1  -23.7   -21.9
-0.3  -22.5   -23.1
0.6  -24.6   -22.8
0.3  -25.5   -24.9
0  -23.4   -23.4
0  -23.4   -21.6
1.8  -26.4   -22.2
1.5  -26.7   -21.3
2.7  -29.1   -20.7
2.4  -30.6   -19.2
2.7  -32.7   -17.7
2.4  -36.6   -17.4
4.2  -39.6   -16.8
5.7  -38.1   -16.5
9.3  -40.5   -14.7
7.8  -43.8   -13.8
9.9  -44.7   -9.9
12.6  -48   -10.2
14.7  -46.5   -7.5
15.9  -47.1   -5.1
17.4  -49.2   -2.4
17.1  -49.5   -2.7
14.7  -50.7   -2.7
14.4  -49.2   -1.2
14.7  -50.1   -3.9
9  -49.8   -3.6
7.2  -49.8   -2.4
6.3  -49.5   -1.5
4.5  -48.3   -3.3
5.1  -47.1   0.3
2.1  -46.5   -0.9
1.2  -45.6   0
-1.2  -46.8   0.6
-1.5  -45.3   2.7
-1.2  -45.6   3
-4.2  -45.6   0.6
-4.2  -43.2   0.6
-6  -41.4   1.2
-6.9  -41.1   0.3
-8.1  -41.1   0.9
-11.1  -38.1   0.3
-9.6  -37.8   0.6
-9.9  -37.5   -1.5
-9.9  -35.7   -2.1
-10.5  -36.3   -2.7
-10.2  -34.8   -3.6
-11.1  -33.3   -3.9
-11.7  -31.5   -7.5
-10.8  -31.2   -7.2
-11.1  -28.5   -8.7
-9.6  -28.8   -9.6
-8.4  -29.4   -12.6
-8.4  -28.2   -13.8
-4.2  -27   -14.4
-3.6  -26.4   -17.4
-3.3  -25.5   -17.1
-2.7  -26.1   -19.5
-0.9  -26.1   -18.3
3.6  -27   -20.4
5.4  -27   -20.4
6.6  -27   -21
8.4  -30   -19.8
10.5  -29.1   -21.3
14.1  -30.9   -21.3
15.9  -30.3   -21.9
15.9  -32.1   -21.9
17.7  -33.9   -20.1
17.7  -32.7   -19.5
19.2  -34.8   -21
20.4  -36.6   -18
22.8  -35.4   -19.2
20.4  -37.2   -19.8
23.1  -39.9   -17.1
21.9  -41.7   -14.7
21.3  -43.5   -14.7
22.5  -43.5   -14.1
22.8  -44.4   -12
21.3  -46.5   -9.3
21.3  -47.1   -11.7
20.1  -46.5   -7.5
18.9  -51.3   -6.3
16.8  -49.2   -3
14.7  -49.5   -2.7
14.1  -51.9   -2.1
15.6  -52.2   1.2
13.8  -52.8   6
10.2  -54   6.6
6.9  -51.3   9.9
6  -51   14.4
3.9  -49.5   17.7
4.2  -46.8   19.2
0.9  -44.1   22.5
-1.2  -43.2   23.4
-1.8  -40.2   28.2
-2.4  -37.8   29.4
-2.1  -33.9   33.3
-3.3  -29.1   35.1
-3.6  -25.8   35.4
-2.4  -23.4   37.8
-3.3  -20.1   39.3
-3  -18.6   39.6
-3  -14.4   39.6
-2.1  -11.7   39.9
-0.6  -8.4   38.4
-1.2  -6.6   39.6
2.1  -4.5   39.9
1.8  -1.8   40.2
2.7  -0.3   40.5
3.9  2.1   41.1
8.7  3.3   40.5
8.7  5.7   39.9
11.4  5.4   41.4
13.8  4.8   39
18  4.8   42.6
21.6  1.8   43.2
23.1  2.1   43.5
27.6  0.6   43.2
29.1  -0.9   43.5
32.4  -4.8   42.6
37.8  -7.8   42
40.8  -10.2   40.8
43.8  -14.4   37.8
45.6  -17.4   35.4
48.6  -19.2   31.2
49.8  -24.6   27
50.4  -27   23.4
50.4  -30   19.2
49.5  -33.9   13.5
47.1  -37.5   9.9
43.8  -40.8   5.4
39.9  -44.7   0.9
34.2  -46.8   -3.6
27.9  -47.7   -7.5
24  -45.6   -11.4
18.9  -42.9   -14.7
12.9  -38.1   -17.1
10.5  -33.9   -21.3
7.2  -27   -20.4
4.2  -22.8   -22.2
3.6  -16.8   -21.6
1.5  -11.1   -23.1
1.8  -8.4   -19.8
2.1  -2.1   -18.3
3.9  -0.3   -18.3
4.5  2.7   -17.7
5.7  4.5   -17.1
6  7.8   -16.8
8.7  9.9   -16.5
9.9  11.1   -14.1
13.2  13.2   -14.4
12.9  16.5   -13.5
15.3  16.5   -11.7
18  16.2   -12.6
19.5  18.9   -9.9
22.5  18.9   -9.3
23.7  18.3   -8.7
25.8  18.6   -7.8
27  19.8   -7.2
28.8  18   -6
30.9  19.5   -5.1
30.6  19.8   -3.6
33.3  17.7   -3.9
34.8  18   -3
36.6  17.4   -3.6
37.2  18   -1.2
38.4  16.2   -1.2
39.3  16.5   -0.9
40.2  16.2   0.6
44.4  13.8   -0.6
45.3  13.5   -0.3
46.2  11.4   -1.8
45.9  10.5   -1.5
46.2  6.6   -1.2
48.9  6.3   -3.3
48  3   -4.8
48.6  2.4   -5.4
47.4  -1.2   -6.6
48.9  -6.3   -8.7
47.7  -9.9   -12.3
48  -15   -9.6
48.9  -18.3   -11.1
45.6  -23.4   -9.6
46.2  -28.2   -8.4
44.1  -32.7   -8.1
42.9  -37.5   -7.5
42.3  -41.7   -3.3
40.8  -41.4   0
39.9  -42.3   3.9
37.8  -46.2   6
37.8  -46.2   11.4
39  -47.4   13.8
35.7  -46.5   17.7
37.2  -46.2   21.6
36.6  -44.4   26.4
37.2  -43.8   27.6
36  -41.4   30
37.5  -39.3   32.1
37.5  -37.5   33.3
34.8  -35.4   35.4
38.1  -32.1   36.3
38.1  -30.9   37.5
36.9  -29.1   38.1
38.4  -28.2   38.4
39.3  -28.5   38.1
42.3  -26.1   36.9
40.5  -25.5   36.9
41.1  -23.7   38.7
41.1  -23.1   38.1
42  -21.6   37.2
41.1  -22.5   36.3
45.9  -21.9   34.5
47.1  -22.5   30.9
49.5  -23.7   27.9
50.1  -25.5   23.7
52.2  -30   20.4
51  -30.6   18
49.5  -31.5   16.5
49.8  -34.2   13.2
50.4  -32.4   12
50.7  -34.5   9.9
48.9  -36.3   6.9
46.5  -37.5   2.7
42.9  -39.3   0.3
40.2  -42   -3.6
35.1  -45.3   -5.7
33  -46.8   -5.4
26.7  -48.9   -6.9
22.2  -48.6   -6.6
17.1  -47.7   -6.3
11.4  -46.2   -7.2
6.6  -45.6   -6
3  -44.4   -6
0  -42.6   -6
-2.1  -41.7   -3.9
-4.5  -40.5   -3.3
-6.3  -40.5   -2.1
-7.8  -37.8   -0.6
-7.5  -37.5   0.3
-8.7  -35.7   0.9
-10.2  -36.6   1.2
-9.6  -37.8   1.2
-9.9  -37.5   1.5
-9.6  -39.6   1.8
-6.3  -40.5   2.7
-4.2  -44.4   3
0.3  -46.5   2.1
-0.3  -46.5   3.3
5.4  -50.4   4.2
10.2  -51.6   6.6
15.3  -50.7   5.7
18.9  -51.9   8.1
24.9  -53.1   9.3
31.2  -50.4   13.2
37.2  -48   15.6
44.1  -46.5   16.5
47.4  -42   21
49.2  -36.6   24.6
48.3  -32.7   26.1
48.9  -31.5   28.5
48.3  -28.5   30.3
46.2  -25.8   33
48  -24.6   34.8
46.2  -21.6   37.8
43.8  -22.8   37.8
42  -21   40.8
40.2  -19.2   40.8
38.4  -17.4   42.6
38.4  -16.2   42.6
37.5  -17.1   45.3
33.9  -15.3   45.9
33.6  -13.8   46.2
29.7  -15.3   46.5
29.1  -14.7   47.1
25.8  -15   47.4
24.6  -16.8   47.4
22.5  -18.3   48.3
21.6  -18   47.4
19.8  -18.6   49.8
18.9  -17.7   50.1
15.9  -19.5   49.5
16.2  -18.6   49.2
14.4  -18.6   49.8
12.6  -21   48.6
11.1  -20.1   48.9
10.5  -20.7   47.7
9.9  -22.5   48.3
9.6  -20.4   48.6
8.1  -21.3   49.5
9.9  -20.7   47.7
10.2  -19.2   48.6
9.9  -20.7   47.7
9.6  -21.6   49.8
10.5  -20.7   48.9
13.8  -21.6   49.8
14.4  -22.8   51
14.4  -19.8   49.2
15.3  -20.1   47.7
17.4  -19.2   49.8
18.3  -18.3   49.5
19.5  -16.5   49.5
21.6  -16.2   49.2
23.1  -16.5   49.5
24.3  -16.5   48.9
26.4  -14.4   49.2
24.6  -11.4   49.8
27.3  -9.9   48.9
30.9  -8.7   48.3
31.2  -9   48.6
34.2  -7.2   46.2
34.2  -6.6   45.6
36  -5.4   45.6
37.2  -4.8   43.8
38.1  -3.3   42.3
41.1  -2.7   40.5
42.6  -2.4   39.6
42.9  0.3   37.5
45  1.8   35.4
45.3  2.1   33.3
47.4  1.8   30
49.5  2.1   29.1
50.4  2.4   25.2
51.6  3.6   23.4
54  3   21.6
54  0.6   15.6
54.3  0.9   12.9
54  -3   7.8
54.6  -8.4   7.2
53.7  -8.7   2.7
54  -10.8   -1.2
53.4  -15   -2.4
51.3  -17.1   -6.3
47.7  -18.3   -6.3
47.1  -22.5   -9.9
46.5  -24.9   -9.9
43.2  -26.4   -13.2
39.9  -30.9   -14.1
36.9  -29.7   -14.7
34.8  -30.6   -12.6
30.6  -30.6   -17.4
28.5  -34.5   -15.9
25.5  -36.3   -15.3
23.4  -38.4   -15.6
19.5  -41.1   -15.3
16.2  -39.6   -13.8
10.5  -41.1   -12.3
6.6  -40.2   -10.8
5.4  -41.4   -10.8
4.2  -40.8   -12.6
2.4  -40.2   -8.4
-0.3  -40.5   -6.9
-2.7  -40.5   -6.3
-3  -40.2   -6.6
-3.9  -38.1   -6.9
-6  -38.4   -3.6
-7.8  -37.8   -3.6
-7.2  -38.4   -4.8
-6.6  -38.4   -1.2
-6  -37.8   -2.4
-8.4  -38.4   -1.8
-7.5  -39.9   -0.9
-9.6  -40.8   1.2
-7.2  -41.4   1.8
-7.8  -41.4   1.8
-5.4  -42.6   1.8
-3.6  -45   3
-2.7  -46.5   4.5
-0.9  -47.7   4.5
2.4  -49.2   6
3  -51   6.6
6.9  -51.3   8.1
8.7  -54.3   9.3
10.8  -54   10.2
14.7  -53.7   11.7
16.8  -55.2   15.6
20.7  -57.3   17.7
22.2  -54.6   20.4
24.3  -53.7   21.3
27.6  -52.2   24
31.2  -49.2   27.6
31.2  -48   29.4
31.8  -45.6   33
35.4  -43.8   35.4
37.8  -39   38.4
38.4  -36.6   41.4
38.4  -29.4   42.6
36  -27.6   42.6
34.5  -20.7   43.5
34.5  -16.5   44.1
29.7  -13.5   44.7
25.5  -11.7   44.7
24  -8.4   45
19.5  -6.3   45.3
17.7  -4.5   45.3
15.9  -5.1   43.5
12.9  -3.3   45.3
14.7  -1.5   43.5
11.4  -1.8   45.6
12  -3.6   43.8
12.3  -2.7   44.1
12.6  -2.4   45
12  -3.6   45
11.7  -2.7   45.9
11.1  -3.9   44.1
12.6  -2.4   44.4
12  -1.8   44.4
13.8  -2.4   45
14.7  -0.9   45.3
16.2  -2.4   45
15  -2.4   44.4
16.8  -3   47.4
17.7  -2.1   44.7
19.5  -2.7   44.1
21  -3.6   45.6
21.9  -2.7   44.1
22.8  -4.2   45
26.1  -5.1   44.7
27.3  -5.7   45.9
30.9  -9.3   44.1
33  -12   42.6
33.6  -12.6   42
38.1  -15.9   39.9
39.6  -21   39.6
39.9  -24.3   36.9
40.8  -28.2   34.8
42.3  -31.5   29.7
43.5  -35.7   27.9
40.8  -39   21.6
42.3  -40.5   18.3
40.8  -44.4   12.6
41.1  -43.5   6.9
41.1  -42.9   0.9
41.4  -41.4   -3
40.2  -37.8   -6
43.5  -35.1   -9.9
45.3  -32.1   -11.1
43.2  -25.8   -10.8
45.3  -20.7   -12.3
45.6  -19.2   -12
46.2  -14.4   -13.8
46.8  -10.2   -12
48  -6.6   -11.4
47.7  -4.5   -11.1
51.3  -2.1   -8.7
51  -1.8   -4.8
52.5  -0.3   -3.9
53.4  2.4   1.2
52.5  2.1   3.3
52.8  2.4   4.2
56.4  2.4   5.4
54  2.4   7.8
53.7  0.3   8.1
55.2  0.6   10.2
54.6  -3   12.6
55.2  -3.6   13.2
54.9  -3.9   15.3
56.7  -2.7   15.9
55.8  -4.8   15.6
56.7  -5.1   16.5
56.7  -8.1   15.9
55.8  -6.6   15.6
57  -10.8   15
57  -12.6   13.8
56.7  -12.9   14.7
55.8  -15   12
55.5  -19.5   9.9
54.9  -21.3   10.5
54.6  -24   9.6
52.8  -26.4   10.2
52.5  -30.3   9.3
51.6  -33.6   9
49.8  -37.8   9.6
45.3  -41.7   11.7
44.4  -42.6   13.2
41.1  -45.3   15.3
40.2  -47.4   18
36  -49.8   20.4
36  -48   24
31.2  -47.4   27.6
26.4  -46.8   30.6
24.6  -45   31.2
21.9  -44.7   33.9
20.4  -41.4   36.6
19.2  -40.8   39
16.5  -38.1   39.3
13.2  -35.4   40.8
10.5  -33.9   42.3
7.5  -30.9   42.3
6.6  -29.4   43.8
6.3  -24.9   42.9
4.2  -24   42.6
0.6  -22.2   43.2
0.6  -18.6   42.6
0  -16.2   42.6
-3.3  -14.7   41.1
-2.7  -12.3   40.5
-4.5  -10.5   39.3
-4.2  -8.4   39.6
-4.2  -4.8   38.4
-6.3  -3.3   36.3
-6.9  -3.3   36.3
-6.6  0   35.4
-6.6  3   34.8
-6.9  2.7   35.1
-5.1  0.9   36.3
-3.9  2.7   35.1
-4.5  3.9   36.9
-2.4  4.2   34.8
-1.5  5.7   36.3
0.6  4.8   38.4
0.6  5.4   38.4
2.7  3.9   41.1
5.4  3   41.4
10.2  2.4   43.8
13.5  -2.1   44.1
16.2  -2.4   46.2
19.5  -5.1   47.1
24  -7.8   45.6
26.7  -9.9   45.9
30  -10.2   45
35.7  -11.7   43.5
39.9  -12.3   41.1
42  -15.6   38.4
48  -14.4   34.2
50.4  -16.8   30
51  -17.4   27
53.4  -18   21
54  -18.6   16.8
54.3  -19.5   12.9
54.3  -20.1   6.3
52.8  -24.6   1.8
49.5  -25.5   -3.3
46.5  -26.7   -7.5
44.1  -29.7   -10.5
39.3  -32.7   -15.9
33  -33   -18
29.7  -35.1   -20.7
21.3  -34.5   -23.1
16.5  -30.3   -21.3
10.2  -28.2   -22.8
6.3  -25.5   -23.1
3  -19.8   -22.2
-1.2  -15.6   -21
-2.7  -8.7   -18.9
-5.1  -5.1   -18.9
-4.2  -1.2   -16.2
-3.6  1.8   -14.4
-4.5  4.5   -15.3
-4.8  6   -13.2
-3.3  7.5   -12.3
0  7.8   -13.8
1.5  8.1   -12.9
3  9   -15.6
4.5  8.7   -14.7
6.6  10.2   -15.6
8.1  11.7   -15.3
12.3  10.5   -15.9
14.4  13.2   -16.8
18  12.6   -15
23.1  12.3   -14.7
26.1  11.7   -13.5
31.5  10.5   -13.5
34.8  7.8   -13.2
39  7.2   -13.2
40.8  3   -10.2
44.4  1.2   -11.4
45.6  -1.8   -11.4
46.2  -2.4   -12
45.6  -4.8   -9.6
46.8  -5.4   -10.2
48  -9.6   -10.8
48.3  -10.5   -9.3
48.3  -12.9   -8.7
48.6  -16.2   -9
49.2  -19.8   -9
50.4  -22.8   -6.6
48.9  -26.1   -7.5
46.5  -30.9   -5.1
45.9  -32.7   -5.1
45.3  -36.3   -1.5
45.6  -38.4   -1.8
43.2  -42   1.8
40.5  -42.9   3.3
39.3  -45.3   5.7
39.9  -45.9   9.9
37.5  -48.9   14.1
37.5  -47.1   17.7
36.9  -47.1   20.1
36.9  -45.9   24.9
35.4  -43.8   27.6
34.8  -40.8   30.6
34.8  -38.4   33
32.7  -36.3   35.7
36.6  -31.2   38.4
35.7  -30.9   38.1
39.6  -28.8   39.6
39.9  -27.3   38.7
39  -22.8   40.2
41.1  -22.5   38.7
39.9  -21.9   39.3
41.7  -20.7   38.1
41.7  -17.1   39.3
43.5  -15.3   38.1
44.4  -15   38.4
45.9  -15.3   36.3
45.9  -13.5   35.7
45.3  -13.5   33.9
47.7  -11.1   31.5
47.1  -11.1   30.9
50.7  -9.9   29.1
51.3  -9.3   27.3
54.3  -10.5   25.5
52.8  -7.2   24
51.6  -7.2   21
54  -6   18
54  -6.6   14.4
55.2  -8.4   10.2
54  -9   6.6
54.9  -10.5   4.5
55.2  -10.2   1.8
52.5  -11.1   0.3
51.3  -12.3   -1.5
51.6  -13.8   -5.4
51.9  -15.9   -5.7
48.9  -14.7   -6.3
48.6  -18.6   -7.2
46.2  -21.6   -11.4
44.7  -21.9   -10.5
44.7  -26.1   -12.9
44.4  -25.8   -12
43.5  -28.5   -11.7
42.9  -29.1   -11.7
42.9  -29.7   -11.1
42.3  -29.1   -12.3
45  -28.8   -9.6
47.1  -27.3   -8.1
48.9  -26.7   -7.5
51.3  -24.3   -5.7
51.9  -24.9   -2.7
51.6  -23.4   -2.4
52.2  -25.2   1.2
53.7  -24.3   2.1
53.7  -23.7   2.7
54  -24.6   4.8
54.3  -24.3   4.5
54.9  -26.7   5.1
56.4  -24   7.2
54.9  -23.7   9.3
53.4  -22.8   10.8
55.2  -24   12.6
53.1  -23.1   12.9
53.1  -24.3   12.3
53.4  -26.4   12.6
53.4  -27   12
51.9  -29.1   11.1
51  -31.8   12
48.9  -35.7   11.1
45.6  -39.6   10.2
42.9  -41.1   8.7
40.5  -44.7   6.3
37.5  -47.7   2.7
32.4  -48   2.4
28.2  -49.2   -1.8
24.9  -48.3   -6.3
22.2  -47.4   -7.2
20.1  -45.3   -9.9
17.1  -42.9   -11.7
15.9  -41.7   -14.1
15.9  -39.9   -17.7
15.6  -35.4   -18
16.2  -33.6   -21
18  -28.8   -21
19.5  -27.3   -23.7
21  -25.2   -24
23.7  -21.3   -23.7
26.4  -19.2   -23.4
27  -17.4   -22.8
29.4  -15.6   -22.8
31.2  -12.6   -21
34.2  -9.6   -19.8
36.6  -8.4   -19.2
38.7  -8.1   -20.1
41.7  -8.1   -15.9
43.5  -8.1   -15.3
44.7  -6.9   -13.5
46.5  -7.5   -11.1
49.8  -9   -9
50.4  -9.6   -8.4
49.8  -9   -8.4
52.8  -10.2   -6
51.9  -10.5   -3.9
52.2  -11.4   -3.6
51.6  -9   -2.4
54.9  -9.9   -2.1
54.3  -9.3   -0.9
56.7  -11.7   1.5
55.2  -9.6   1.8
55.8  -7.8   1.8
55.2  -5.4   2.4
56.7  -5.7   3.9
56.4  -3.6   3
54.9  -3.3   3.3
54  0   4.2
53.7  2.1   1.5
52.2  3   3.6
54  4.2   3
49.5  4.5   0.9
48.3  7.5   0.3
48  7.8   -0.6
46.2  7.8   -2.4
43.2  7.8   -3.6
42.9  9.9   -5.1
39.6  10.8   -5.4
36.9  11.7   -8.7
33.3  14.1   -10.5
29.4  11.4   -12.6
24.3  14.1   -14.1
20.7  12.3   -14.1
17.7  12.9   -16.5
15.9  11.7   -16.5
12  9   -19.2
9.3  8.7   -17.7
8.1  5.1   -16.5
5.4  2.4   -18
2.7  0.9   -17.1
-0.9  -1.5   -15.3
-1.2  -0.6   -15.6
-5.4  -3   -14.4
-6.6  -5.4   -13.2
-7.2  -7.8   -14.4
-9.3  -8.1   -12.3
-9.9  -10.5   -11.7
-12.9  -11.1   -9.3
-13.2  -15.6   -10.2
-11.7  -18.9   -8.7
-11.4  -19.2   -6.6
-11.7  -23.1   -8.1
-12.3  -25.5   -6.9
-10.8  -25.8   -7.8
-9.9  -29.1   -6.3
-7.5  -31.5   -5.7
-7.2  -32.4   -4.8
-9  -35.4   -5.4
-7.2  -36   -4.8
-7.5  -38.1   -1.5
-6.3  -39.9   -0.3
-5.1  -42.3   0.3
-5.4  -42.6   0.6
-2.7  -44.7   2.7
-2.1  -44.7   3.3
-2.1  -45.9   5.7
-0.3  -47.1   6.9
0.3  -46.5   8.1
2.7  -49.5   8.7
5.7  -50.7   9.3
7.8  -51.6   11.4
9.6  -50.4   12.6
12.6  -53.4   13.8
13.2  -51   13.8
15.3  -53.7   15.3
18.9  -54.3   17.1
20.7  -51.3   20.1
24  -54.6   18
25.8  -52.8   20.4
29.7  -50.7   21.9
30.9  -51.9   24.9
31.2  -49.8   26.4
34.2  -46.8   25.8
33.3  -45.3   29.1
35.1  -44.1   30.9
36  -41.4   32.4
39.6  -39   33.6
39  -36.6   33.6
38.4  -33   36.6
36.9  -31.5   38.7
34.5  -29.1   41.7
33.3  -27.9   42.3
31.5  -28.5   41.1
30.6  -28.2   43.2
28.8  -27.6   42
27  -26.4   42.6
25.2  -25.8   43.2
23.1  -23.7   45.3
20.4  -24   44.4
16.8  -21.6   46.8
15.6  -21   44.4
12.9  -20.1   44.7
13.5  -21.3   45.9
10.8  -21.6   46.2
10.8  -24.6   43.8
9.9  -24.9   44.7
8.4  -26.4   42.6
7.5  -27.9   44.1
6  -28.8   42
4.8  -28.8   42.6
3.9  -30.9   41.7
5.1  -29.7   40.5
4.2  -33.6   40.8
1.8  -33   39
1.5  -35.1   38.1
2.4  -36.6   34.8
2.4  -38.4   34.8
1.8  -40.2   31.2
0.9  -42.3   29.7
3.3  -44.1   29.1
3.3  -47.1   26.7
2.1  -48.3   24.3
3.3  -47.7   20.7
5.7  -48.9   20.1
6  -49.8   17.4
7.2  -51.6   15.6
9.3  -51.9   14.1
12  -51   10.8
15.3  -51.9   9.3
18.3  -52.5   7.5
20.7  -51.3   3.9
22.5  -53.1   2.7
24.9  -50.7   0.9
29.4  -48.6   -3.6
30.3  -45.3   -5.1
32.4  -43.2   -9
33  -39.6   -9.6
35.7  -38.7   -12.9
36.9  -33.3   -14.7
33.6  -30.6   -16.8
35.7  -28.5   -18.9
33  -25.8   -19.8
33.3  -21.3   -20.7
29.1  -18.3   -23.1
26.7  -14.7   -26.1
23.7  -12.9   -24.3
22.2  -8.4   -24.6
19.5  -9.3   -24.3
16.2  -8.4   -25.2
14.7  -6.9   -23.7
12  -3.6   -24.6
6  -3   -23.4
4.2  -3   -22.8
2.1  -2.7   -20.7
-0.9  -1.5   -18.9
-0.6  -3   -18
-3.3  -2.1   -18.3
-6  -3.6   -16.8
-6.9  -5.7   -14.7
-9.6  -4.8   -16.2
-8.1  -6.3   -14.1
-10.5  -9.9   -12.9
-10.8  -10.8   -13.2
-12.6  -12   -10.8
-12.3  -17.1   -10.5
-11.4  -21.6   -11.4
-11.4  -25.2   -11.4
-8.4  -31.2   -9
-5.7  -35.7   -7.5
-1.5  -39.9   -6.9
0.6  -42.6   -3
4.2  -47.4   -2.4
7.8  -48.6   -1.2
13.2  -50.4   2.4
18.3  -50.7   4.5
25.2  -52.8   6
28.5  -50.7   8.1
32.1  -49.5   12.9
36.6  -48   13.2
39.9  -47.1   15.9
44.7  -43.5   18.9
45.3  -39.3   23.1
47.1  -35.7   24.9
49.2  -28.2   28.8
47.4  -23.4   33.6
48  -21.6   34.8
47.4  -17.4   35.4
46.2  -14.4   37.8
41.4  -12.6   37.8
41.7  -12.3   40.5
39.6  -10.8   40.8
36.9  -9.3   42.3
34.2  -7.2   42.6
27.6  -3.6   45.6
26.7  -2.1   44.1
23.1  -2.1   44.7
21.6  0   43.8
20.4  0   43.8
16.5  2.7   42.9
15.9  2.1   42.3
15.6  3.6   43.2
14.4  6.6   40.8
13.8  5.4   40.2
11.7  7.5   39.9
13.2  10.2   39.6
13.2  11.4   39
13.2  9   38.4
14.7  12.3   36.9
14.1  11.1   36.3
16.5  10.5   36.3
18.3  12.3   36.3
22.2  13.8   37.8
24.3  11.1   36.9
30.3  11.7   36.9
35.1  9.9   35.1
37.5  6.9   36.9
42.9  3.9   33.3
47.1  1.5   29.1
50.1  -2.7   28.5
53.7  -6.9   24.9
55.2  -15   22.2
54.6  -20.4   16.8
54.6  -25.2   13.2
52.5  -30.3   6.9
49.2  -36   3
44.7  -39.3   0.9
38.1  -43.5   -3.9
33.9  -42.9   -8.1
29.4  -45.6   -9.6
26.1  -45.3   -12.3
21  -44.4   -13.2
17.4  -42   -17.4
15.3  -38.7   -18.3
12.6  -36   -18.6
9.3  -30.3   -21.3
9  -25.8   -21
9  -22.8   -22.2
12.3  -18.9   -23.1
11.7  -15.3   -22.5
15.3  -11.7   -23.7
17.1  -11.1   -25.5
18  -9   -24.6
20.1  -6.3   -26.1
22.5  -3.9   -23.7
24.3  -3.9   -22.5
27.9  -3.3   -21.9
31.5  -3.9   -21.9
32.4  -3   -19.8
35.1  -4.5   -19.5
39  -4.8   -18.6
42.6  -8.4   -18
43.8  -8.4   -18
43.2  -12   -16.8
44.4  -12   -15.6
45.6  -15   -14.4
46.2  -17.4   -13.2
44.4  -18.6   -12
47.4  -22.2   -12.6
48.3  -24.3   -11.1
46.8  -29.4   -10.8
47.1  -33.3   -8.7
47.4  -36   -5.4
43.5  -38.7   -5.1
40.8  -41.4   -3
38.4  -45.6   1.2
39  -46.2   4.2
36.9  -48.9   8.1
36.3  -48.9   12.9
33.3  -49.5   17.1
32.7  -47.7   22.5
31.5  -46.5   26.1
29.7  -45.3   30.9
29.1  -39.9   33.9
28.5  -37.5   38.7
26.4  -32.4   42
27.6  -28.2   41.4
26.7  -25.5   42.3
28.2  -23.4   45
28.5  -20.7   44.7
27.3  -18.3   45.9
29.4  -16.8   45
31.5  -14.1   43.5
32.4  -12   44.4
34.5  -12.3   43.5
36  -12   41.4
38.4  -9.6   40.8
39  -7.2   39
40.8  -9.6   39
42.9  -8.1   37.5
45  -9   39
48.9  -11.7   35.7
49.2  -10.2   33.6
49.2  -12.6   30
51.6  -9.6   27.6
52.5  -11.7   23.7
54.3  -11.7   22.5
53.7  -15.3   20.1
54.6  -16.2   18.6
53.1  -17.1   13.5
54.6  -24   10.2
54.6  -25.8   7.2
53.7  -28.5   4.5
51.3  -30.3   -0.3
48.3  -30.9   -1.5
46.2  -34.2   -5.4
42.9  -34.5   -5.7
41.4  -37.2   -9.6
39.3  -37.5   -9.3
33.3  -39.3   -11.1
30  -42   -13.2
26.4  -42   -13.2
22.8  -45   -13.8
16.5  -44.7   -12.9
11.1  -42.9   -14.1
5.4  -42.6   -13.2
-0.3  -39.9   -13.5
-5.4  -36.6   -12
-9.9  -29.1   -10.5
-12  -24.6   -7.2
-14.1  -19.5   -4.5
-16.8  -10.8   -3.6
-14.7  -7.5   -0.9
-15.9  0.9   -0.3
-15  4.2   1.2
-13.5  5.7   -0.3
-12.9  6.3   -0.9
-13.8  9.6   -1.8
-10.8  10.8   -0.6
-8.7  11.7   -0.9
-6.6  13.2   -1.8
-4.5  14.1   -2.7
-3.6  14.4   -4.8
0.3  14.7   -4.5
0  16.2   -7.2
3.3  15.3   -6.9
6.3  17.7   -6.9
8.1  16.5   -9.9
11.4  18   -9.6
14.1  15.9   -11.7
17.7  16.5   -10.5
22.8  14.4   -10.8
24.6  13.8   -10.8
28.2  14.4   -12
30  13.8   -10.2
32.7  12.9   -10.5
36  7.8   -11.4
36.3  6.9   -11.7
38.4  5.4   -12.6
40.8  4.8   -12
42.9  1.5   -10.5
41.4  -0.6   -10.8
44.7  -2.7   -11.1
45.9  -4.5   -9.9
46.5  -7.5   -9.9
47.4  -9.6   -10.8
47.1  -12.9   -9.9
47.7  -16.5   -9.9
47.7  -22.5   -8.1
47.4  -24.6   -8.4
46.8  -28.2   -9
45.6  -31.2   -6.6
44.4  -36   -7.2
43.2  -37.8   -3
41.7  -42.3   -0.9
39.6  -45   1.8
37.2  -48   3
33.9  -50.1   8.7
31.5  -50.1   10.5
28.8  -52.8   15
25.8  -50.4   21
24.9  -51.3   22.5
22.5  -48.9   27.3
17.7  -45.9   29.1
18.6  -42.6   35.4
16.5  -39.9   38.7
13.8  -37.8   38.4
13.2  -32.4   42
12.3  -28.5   42.3
10.8  -25.2   43.8
9.3  -20.1   44.7
8.7  -17.1   47.7
8.7  -12.3   44.1
7.5  -8.7   44.7
7.2  -6.6   45.6
6.9  -3.9   42.9
4.2  -0.6   42
5.1  1.5   42.9
5.7  3.3   40.5
4.5  7.5   39.9
4.2  4.2   38.4
4.2  7.8   37.2
4.5  6.3   35.7
3.3  8.7   35.7
3  10.8   37.2
4.2  10.8   34.8
6  12.6   36
6.3  13.5   35.1
7.5  13.5   35.7
7.5  12.9   35.1
10.2  15   33.6
12  16.2   34.8
13.5  14.1   36.9
15  16.8   38.4
17.7  14.7   36.3
18.3  13.5   37.5
22.2  12   37.2
24  12   39
26.1  10.5   39.9
31.8  7.8   40.2
35.1  6.3   39.9
39  3.6   39
42  1.8   36
47.7  -0.9   31.5
49.2  -3.6   29.4
51.9  -5.1   27.9
53.4  -7.2   21.6
55.5  -9.9   20.1
57.3  -11.1   15.3
55.2  -15.6   11.4
55.5  -20.1   6.3
52.8  -28.2   0.6
49.8  -33   -5.4
42.9  -35.1   -8.7
38.7  -38.1   -12.3
31.8  -40.2   -13.2
30  -38.4   -16.2
23.4  -38.4   -17.4
18.6  -37.2   -21
16.8  -34.8   -22.2
12.6  -30.6   -21.6
8.7  -29.7   -21.9
6.6  -26.4   -21
2.7  -21.3   -20.7
1.8  -18.6   -21
0.3  -14.1   -20.7
-0.3  -9.9   -20.1
-1.2  -9   -18.6
-0.6  -5.4   -19.2
-1.5  -2.7   -18.9
0  -0.6   -16.8
0  0   -18
0.6  4.2   -16.8
0.9  5.1   -15.3
5.4  7.2   -18.6
5.1  6.9   -15.9
8.4  12   -16.8
11.4  11.4   -16.8
13.8  11.4   -16.8
15.9  14.7   -15.3
19.5  13.5   -15.9
21.9  15.3   -15.3
24.6  14.4   -15.6
27.9  14.1   -13.5
30  13.2   -13.8
31.8  13.8   -13.2
34.2  13.8   -10.8
34.8  13.2   -12.6
36.9  14.1   -9.9
41.1  12.9   -9.3
40.8  12.6   -9
43.2  10.8   -6
43.8  10.2   -6.6
47.1  9.3   -5.7
47.4  8.4   -6
49.5  8.1   -2.7
47.7  6.3   -2.1
49.2  7.2   -3.6
51.3  5.1   -1.5
52.5  5.1   -1.5
51.6  3   -1.2
53.7  1.5   -0.3
54  0.6   -1.8
54.3  -0.9   -0.9
55.5  -2.1   0.3
54.9  -2.7   -0.9
53.4  -4.8   -1.8
54  -6.6   -1.2
54  -8.4   -3.6
54.6  -9.6   -4.2
53.7  -12.9   -3.3
53.7  -14.7   -5.7
52.8  -19.2   -6.6
52.5  -22.5   -3.9
51.3  -25.5   -2.7
50.1  -29.1   -4.5
50.4  -32.4   -0.6
49.2  -37.8   0
49.2  -36.6   4.2
48.3  -39.9   8.1
47.1  -41.1   11.1
45.9  -41.1   14.7
46.5  -41.7   20.1
44.7  -38.7   23.1
43.2  -36   29.4
44.1  -33.9   32.1
40.8  -31.8   34.8
39.3  -29.1   37.5
39.9  -28.5   38.1
37.2  -25.8   39
37.8  -23.4   39.6
35.7  -23.7   41.7
33.6  -22.2   42
29.7  -21.3   42.9
31.2  -19.8   43.8
29.4  -18.6   43.8
25.5  -17.1   42.9
22.5  -14.7   45.3
21  -15.6   44.4
20.7  -13.5   45.9
18  -13.8   45.6
16.8  -13.8   45
13.2  -12.6   45
12.6  -12.6   46.2
9.6  -12.6   43.2
9.9  -9.9   42.3
7.8  -10.2   43.8
4.5  -6.9   42.9
3.6  -7.2   42
0.9  -6.3   41.7
2.1  -6.9   40.5
2.1  -4.5   40.5
1.8  -6.6   39
1.5  -4.5   39.3
3.6  -4.2   40.2
3.6  -3   40.8
4.8  -3.6   42
6.9  -2.1   42.3
6.9  -3.3   41.7
8.4  -2.4   42.6
12  -2.4   44.4
14.7  -1.5   44.1
18  -2.4   46.2
21.3  -2.1   45.9
28.8  -4.2   44.4
29.7  -4.5   42.9
34.5  -6.3   42.9
38.1  -7.5   42.3
40.5  -9.3   40.5
45  -10.8   37.2
45.3  -11.1   33.3
49.2  -16.8   31.8
50.7  -17.1   26.1
51.6  -19.2   22.8
52.8  -21   19.2
54.3  -24.3   16.5
53.7  -26.7   9.3
52.2  -27.6   8.4
50.7  -29.1   2.7
50.4  -32.4   0.6
47.7  -33.3   -0.9
44.1  -36.3   -5.7
40.2  -39   -7.8
36.9  -41.1   -9.9
30.9  -41.1   -14.1
25.2  -41.4   -14.4
19.5  -40.5   -15.3
11.1  -38.7   -18.3
7.5  -35.1   -19.5
3.6  -29.4   -21
1.8  -22.2   -19.2
1.5  -17.7   -21.9
0.9  -11.7   -21.3
2.1  -6.3   -20.1
3.3  -3.9   -21.3
5.1  -0.9   -21.3
9.6  3   -22.8
11.1  3.9   -20.7
13.8  5.4   -19.8
15.6  6   -21.6
20.7  5.1   -20.1
25.5  5.7   -20.7
29.1  5.1   -20.1
33.9  1.5   -17.7
36.6  1.8   -18
38.7  -0.3   -17.1
40.5  -3.3   -17.1
39.3  -5.1   -17.1
41.7  -8.7   -15.3
41.7  -10.5   -17.7
40.8  -12   -16.8
41.7  -12.3   -17.1
41.7  -12.3   -17.7
39  -14.4   -18.6
41.4  -18.6   -18
40.8  -22.2   -16.8
40.2  -24   -16.2
39.6  -25.8   -13.8
41.7  -31.5   -11.7
39.3  -35.1   -11.1
38.7  -38.1   -9.3
37.2  -40.8   -7.8
34.8  -43.8   -4.8
32.7  -45.3   -0.3
32.4  -48   3
30  -48.6   6.6
30  -49.8   11.4
27.3  -47.7   15.3
29.4  -47.4   19.8
29.1  -45.3   23.7
30  -46.2   26.4
29.7  -41.1   31.5
28.8  -39   34.2
31.2  -37.8   33.6
32.7  -36.3   35.7
32.1  -34.5   36.9
33.3  -32.7   39.9
35.7  -30.9   38.1
36  -30   37.2
36.9  -27.9   37.5
39.9  -29.1   35.7
41.1  -26.7   35.7
43.8  -24   33.6
46.5  -24.3   33.9
47.4  -24   28.8
48.3  -20.7   29.1
48.9  -22.5   26.1
48.6  -21   24
50.4  -20.4   22.8
50.1  -20.1   20.7
52.5  -18.3   14.1
53.4  -19.2   12
54  -19.8   8.4
50.7  -20.1   6.9
52.8  -20.4   3
52.2  -21   -0.6
50.1  -24.3   -0.9
48  -26.4   -5.4
44.4  -28.2   -7.2
41.7  -33.3   -8.7
37.8  -35.4   -7.8
33  -38.4   -9
28.5  -41.1   -12.3
21.3  -41.1   -11.7
16.8  -40.8   -13.2
9.3  -41.7   -12.9
3  -39.6   -12.6
0  -33   -11.4
-6  -28.8   -12.6
-9  -23.4   -12.6
-10.5  -17.1   -10.5
-11.1  -11.7   -12.3
-10.5  -5.7   -10.5
-12  0.6   -10.8
-10.8  1.8   -10.2
-9.9  5.1   -11.1
-8.1  6.3   -11.1
-7.2  7.2   -10.8
-4.5  9.9   -11.7
-3.9  10.5   -13.5
-2.1  9.9   -13.5
-0.6  9.6   -13.2
-0.3  9.9   -15.9
1.8  11.4   -15.6
3.3  11.7   -17.7
4.2  8.4   -18
7.5  8.1   -20.7
8.4  6.6   -21.6
12.3  4.5   -21.3
14.7  2.1   -22.5
18.6  0.6   -22.2
18.3  -5.7   -24.9
24.3  -9.9   -21.9
24  -15   -19.2
25.2  -21.6   -19.2
27.9  -26.1   -14.1
27.9  -32.7   -11.7
28.2  -34.8   -10.8
26.7  -38.7   -8.7
32.1  -38.7   -6.9
32.1  -42.9   -3.9
32.1  -45.3   -1.5
33.3  -45.9   1.5
31.8  -46.2   4.2
33.3  -47.1   7.5
33.9  -47.7   11.1
34.5  -48.3   13.5
34.5  -48.9   15.9
33.3  -48.3   18.9
33  -46.8   22.2
33.6  -47.4   25.2
33  -44.4   26.4
33  -45.6   27
33.3  -44.7   27.3
32.7  -43.5   31.5
31.8  -43.8   32.4
32.7  -44.1   32.7
32.7  -41.1   36.3
33.3  -40.5   35.1
34.5  -40.5   36.9
34.8  -40.8   36.6
35.1  -37.5   37.5
36.9  -37.5   37.5
38.7  -36.3   35.7
38.1  -35.1   35.1
39.9  -34.5   33.9
39.3  -33.3   34.5
40.2  -35.4   31.2
40.8  -34.8   29.4
40.2  -36.6   25.8
42.6  -36   18.6
42.6  -36   16.8
45.3  -35.1   14.1
43.8  -33   12.6
44.7  -32.1   11.7
44.1  -32.1   8.7
43.5  -32.1   7.5
42.9  -33.9   6.9
41.4  -35.4   2.4
39.6  -37.8   1.2
36.9  -39.3   -1.5
35.1  -38.7   -1.5
32.7  -42.3   -2.7
30.6  -42.6   -4.2
27.6  -42.6   -4.8
25.2  -44.4   -7.2
21.3  -47.7   -8.1
17.4  -45.6   -7.2
14.7  -45.3   -7.5
11.7  -48.9   -6.9
9.3  -47.7   -3.9
8.7  -48.3   -3.3
4.2  -46.8   -4.2
1.5  -45.9   -3.9
-0.6  -42.6   -3.6
0  -42   -3.6
-1.8  -42.6   -3
-3  -42   -3
-2.4  -40.8   -3.6
-3  -42   -3.6
-0.9  -41.7   -3.3
-0.9  -40.5   -3.9
-1.5  -41.1   -5.7
-3  -40.2   -3.6
-3.3  -40.5   -3.3
-3.6  -40.8   -1.2
-3  -41.4   -1.8
-4.2  -40.8   -1.8
-4.5  -41.7   -2.7
-3  -41.4   -2.4
-0.6  -41.4   -1.8
-0.9  -41.7   -2.7
-2.1  -44.1   -1.5
-1.5  -42.3   -1.5
-0.3  -41.1   -2.7
0.3  -39.9   -0.9
-0.9  -41.1   -0.9
-1.8  -41.4   -1.2
-0.6  -41.4   -1.8
-0.9  -41.7   -2.1
0  -40.8   -0.6
1.5  -42.3   0.3
0.9  -43.5   0.3
1.2  -40.2   -0.6
2.1  -41.1   -0.3
0.3  -42.3   -1.5
-0.3  -42.3   -2.1
0.3  -42.3   0.3
0.6  -41.4   -1.8
0.6  -40.8   -2.4
3  -42.6   -3
2.4  -42   -2.4
2.1  -42.9   -1.5
0.6  -39.6   -3.6
0.3  -40.5   -1.5
0.9  -39.9   -3.3
1.5  -39.9   -2.1
1.2  -40.2   -2.4
1.5  -39.3   -1.5
1.5  -39.9   -0.9
0  -39.6   -1.2
0.6  -39.6   -2.4
2.4  -40.2   -1.8
0.9  -39.9   -1.5
1.8  -38.4   -3.6
0.6  -39   -1.8
0.9  -39.9   -2.7
1.5  -39.9   -2.1
1.5  -41.1   -0.9
0.9  -39.3   -2.7
3.3  -41.7   -0.3
1.8  -41.4   -1.8
3  -42   0
