-0.2583984  9.823926   -1.646094
-0.2249023  9.761719   -1.574316
-0.2871094  9.756933   -1.454687
-0.2249023  9.80957   -1.53125
-0.2727539  9.862207   -1.607813
-0.2344727  9.828711   -1.555176
-0.2823242  9.828711   -1.497754
-0.2249023  9.828711   -1.512109
-0.3206055  9.795215   -1.588672
-0.2679687  9.847852   -1.502539
-0.244043  9.80957   -1.536035
-0.2727539  9.795215   -1.435547
-0.2871094  9.838282   -1.507324
-0.2775391  9.785645   -1.449902
-0.2966797  9.804785   -1.430762
-0.2009766  9.761719   -1.454687
-0.1961914  9.843066   -1.536035
-0.2009766  9.866992   -1.483398
-0.2488281  9.814356   -1.473828
-0.2536133  9.833496   -1.449902
-0.2296875  9.766504   -1.555176
-0.2201172  9.79043   -1.435547
-0.2583984  9.771289   -1.469043
-0.30625  9.866992   -1.54082
-0.2775391  9.81914   -1.526465
-0.1818359  9.823926   -1.512109
-0.2392578  9.847852   -1.430762
-0.2631836  9.823926   -1.445117
-0.1961914  9.795215   -1.507324
-0.2536133  9.852636   -1.502539
-0.2583984  9.8   -1.459473
-0.244043  9.776074   -1.516895
-0.2105469  9.771289   -1.53125
-0.2966797  9.814356   -1.52168
-0.2679687  9.814356   -1.497754
-0.2679687  9.828711   -1.469043
-0.2871094  9.804785   -1.464258
-0.2679687  9.866992   -1.497754
-0.2536133  9.8   -1.411621
-0.2392578  9.785645   -1.564746
-0.2488281  9.814356   -1.397266
-0.2823242  9.785645   -1.536035
-0.2392578  9.80957   -1.421191
-0.2536133  9.823926   -1.536035
-0.2057617  9.828711   -1.516895
-0.2488281  9.752149   -1.430762
-0.2727539  9.785645   -1.483398
-0.2775391  9.771289   -1.425977
-0.1961914  9.843066   -1.488184
-0.2823242  9.795215   -1.435547
-0.2583984  9.785645   -1.516895
-0.2823242  9.814356   -1.502539
-0.2488281  9.823926   -1.435547
-0.2871094  9.814356   -1.555176
-0.2775391  9.8   -1.512109
-0.2583984  9.828711   -1.516895
-0.30625  9.814356   -1.435547
-0.2057617  9.843066   -1.464258
-0.2296875  9.81914   -1.536035
-0.2871094  9.838282   -1.416406
-0.2249023  9.823926   -1.469043
-0.2105469  9.828711   -1.469043
-0.2727539  9.8   -1.459473
-0.2105469  9.79043   -1.37334
-0.3206055  9.833496   -1.497754
-0.2344727  9.843066   -1.516895
-0.2536133  9.81914   -1.445117
-0.2105469  9.838282   -1.435547
-0.2679687  9.8   -1.507324
-0.2631836  9.81914   -1.569531
-0.1961914  9.81914   -1.579102
-0.2679687  9.838282   -1.349414
-0.2631836  9.795215   -1.536035
-0.2488281  9.81914   -1.507324
-0.2631836  9.828711   -1.483398
-0.2871094  9.79043   -1.52168
-0.2823242  9.804785   -1.507324
-0.2536133  9.838282   -1.435547
-0.2392578  9.766504   -1.559961
-0.2871094  9.8   -1.488184
-0.244043  9.862207   -1.507324
-0.1914063  9.823926   -1.483398
-0.2775391  9.823926   -1.406836
-0.215332  9.828711   -1.311133
-0.3301758  9.843066   -1.536035
-0.2105469  9.823926   -1.38291
-0.1722656  9.761719   -1.459473
-0.244043  9.866992   -1.425977
-0.2823242  9.79043   -1.516895
-0.2536133  9.8   -1.464258
-0.2105469  9.828711   -1.497754
-0.2392578  9.857422   -1.469043
-0.2392578  9.866992   -1.473828
-0.2727539  9.761719   -1.478613
-0.2105469  9.728223   -1.406836
-0.2823242  9.881348   -1.459473
-0.3014649  9.828711   -1.507324
-0.2392578  9.886133   -1.483398
-0.2009766  9.747363   -1.564746
-0.2536133  9.766504   -1.507324
-0.2009766  9.8   -1.488184
-0.2583984  9.780859   -1.425977
-0.2392578  9.847852   -1.459473
-0.2918945  9.843066   -1.545605
-0.2296875  9.771289   -1.469043
-0.2631836  9.776074   -1.588672
-0.2057617  9.847852   -1.473828
-0.2583984  9.823926   -1.459473
-0.2536133  9.847852   -1.516895
-0.2631836  9.81914   -1.54082
-0.2631836  9.761719   -1.36377
-0.2105469  9.81914   -1.516895
-0.2727539  9.766504   -1.435547
-0.2249023  9.838282   -1.459473
-0.2918945  9.838282   -1.435547
-0.2296875  9.804785   -1.507324
-0.2536133  9.804785   -1.449902
-0.215332  9.8   -1.421191
-0.2775391  9.761719   -1.536035
-0.244043  9.795215   -1.555176
-0.2105469  9.838282   -1.526465
-0.1961914  9.81914   -1.54082
-0.2296875  9.795215   -1.488184
-0.2536133  9.785645   -1.483398
-0.2871094  9.843066   -1.478613
-0.3014649  9.828711   -1.512109
-0.2344727  9.8   -1.593457
-0.1770508  9.838282   -1.488184
-0.2201172  9.79043   -1.52168
-0.2823242  9.80957   -1.440332
-0.244043  9.823926   -1.402051
-0.2536133  9.79043   -1.39248
-0.2679687  9.81914   -1.469043
-0.2105469  9.81914   -1.358984
-0.2679687  9.852636   -1.425977
-0.2871094  9.838282   -1.483398
-0.2488281  9.814356   -1.416406
-0.2918945  9.890918   -1.464258
-0.2249023  9.79043   -1.512109
-0.244043  9.881348   -1.502539
-0.2823242  9.814356   -1.469043
-0.2727539  9.814356   -1.421191
-0.2536133  9.795215   -1.536035
-0.2631836  9.804785   -1.526465
-0.3014649  9.814356   -1.473828
-0.2823242  9.843066   -1.507324
-0.2057617  9.756933   -1.416406
-0.2249023  9.776074   -1.502539
-0.244043  9.733007   -1.397266
-0.2775391  9.838282   -1.512109
-0.2296875  9.838282   -1.39248
-0.2631836  9.785645   -1.593457
-0.2392578  9.833496   -1.440332
-0.2488281  9.828711   -1.459473
-0.1914063  9.776074   -1.473828
-0.1914063  9.80957   -1.354199
-0.2296875  9.80957   -1.425977
-0.2775391  9.862207   -1.488184
-0.2918945  9.795215   -1.411621
-0.2583984  9.81914   -1.454687
-0.244043  9.838282   -1.445117
-0.2296875  9.8   -1.559961
-0.2392578  9.80957   -1.402051
-0.215332  9.780859   -1.445117
-0.2249023  9.814356   -1.36377
-0.2918945  9.80957   -1.325488
-0.2536133  9.81914   -1.478613
-0.3349609  9.828711   -1.469043
-0.3206055  9.843066   -1.502539
-0.2871094  9.776074   -1.555176
-0.2727539  9.847852   -1.449902
-0.2631836  9.8   -1.53125
-0.2631836  9.81914   -1.507324
-0.2536133  9.79043   -1.54082
-0.2488281  9.81914   -1.459473
-0.244043  9.804785   -1.516895
-0.2775391  9.81914   -1.416406
-0.2823242  9.823926   -1.507324
-0.2536133  9.828711   -1.52168
-0.2536133  9.804785   -1.512109
-0.244043  9.780859   -1.473828
-0.2727539  9.776074   -1.502539
-0.2392578  9.852636   -1.52168
-0.244043  9.81914   -1.516895
-0.2536133  9.828711   -1.464258
-0.2871094  9.733007   -1.459473
-0.2536133  9.79043   -1.445117
-0.215332  9.771289   -1.445117
-0.2631836  9.80957   -1.53125
-0.2392578  9.804785   -1.454687
-0.2631836  9.828711   -1.449902
-0.244043  9.80957   -1.507324
-0.244043  9.80957   -1.526465
-0.3301758  9.828711   -1.54082
-0.244043  9.828711   -1.483398
-0.2536133  9.823926   -1.416406
-0.2536133  9.804785   -1.469043
-0.2871094  9.838282   -1.459473
-0.2823242  9.761719   -1.459473
-0.2009766  9.80957   -1.497754
-0.2536133  9.804785   -1.469043
-0.2727539  9.8   -1.459473
-0.1914063  9.81914   -1.526465
-0.2488281  9.776074   -1.512109
-0.2631836  9.833496   -1.440332
-0.2727539  9.8   -1.464258
-0.2344727  9.828711   -1.502539
-0.2296875  9.795215   -1.449902
-0.2631836  9.833496   -1.53125
-0.2583984  9.766504   -1.440332
-0.2536133  9.852636   -1.406836
-0.30625  9.823926   -1.445117
-0.2392578  9.838282   -1.574316
-0.3110352  9.761719   -1.459473
-0.2631836  9.847852   -1.492969
-0.2727539  9.814356   -1.559961
-0.2392578  9.843066   -1.378125
-0.2536133  9.79043   -1.497754
-0.2631836  9.756933   -1.52168
-0.2918945  9.771289   -1.636523
-0.2679687  9.79043   -1.445117
-0.1866211  9.814356   -1.473828
-0.1626953  9.766504   -1.574316
-0.2823242  9.8   -1.492969
-0.2871094  9.823926   -1.339844
-0.2536133  9.795215   -1.416406
-0.244043  9.79043   -1.411621
-0.30625  9.79043   -1.454687
-0.2296875  9.776074   -1.459473
-0.2631836  9.847852   -1.473828
-0.2488281  9.795215   -1.449902
-0.2631836  9.752149   -1.507324
-0.2296875  9.823926   -1.526465
-0.3206055  9.857422   -1.425977
-0.2392578  9.795215   -1.440332
-0.2966797  9.742579   -1.445117
-0.2344727  9.814356   -1.526465
-0.2823242  9.795215   -1.435547
-0.2536133  9.8   -1.473828
-0.215332  9.761719   -1.478613
-0.2583984  9.795215   -1.473828
-0.2249023  9.833496   -1.387695
-0.2201172  9.843066   -1.411621
-0.2536133  9.79043   -1.445117
-0.2536133  9.895703   -1.454687
-0.2583984  9.847852   -1.502539
-0.2488281  9.761719   -1.459473
-0.2296875  9.862207   -1.512109
-0.30625  9.780859   -1.459473
-0.244043  9.795215   -1.459473
-0.2918945  9.795215   -1.473828
-0.2679687  9.79043   -1.454687
-0.2296875  9.80957   -1.483398
-0.1866211  9.871778   -1.53125
-0.2536133  9.81914   -1.464258
-0.2057617  9.780859   -1.39248
-0.2871094  9.780859   -1.512109
-0.244043  9.80957   -1.483398
-0.2631836  9.852636   -1.445117
-0.2727539  9.866992   -1.440332
-0.244043  9.828711   -1.492969
-0.2488281  9.814356   -1.320703
-0.2823242  9.910059   -1.478613
-0.215332  9.752149   -1.507324
-0.2823242  9.828711   -1.425977
-0.2727539  9.843066   -1.555176
-0.244043  9.780859   -1.512109
-0.2631836  9.876562   -1.402051
-0.2296875  9.8   -1.454687
-0.2918945  9.866992   -1.430762
-0.2201172  9.785645   -1.406836
-0.30625  9.766504   -1.497754
-0.2871094  9.718653   -1.335059
-0.2775391  9.8   -1.559961
-0.3014649  9.838282   -1.469043
-0.1914063  9.852636   -1.502539
-0.2344727  9.8   -1.454687
-0.2823242  9.80957   -1.445117
-0.2631836  9.804785   -1.445117
-0.2727539  9.843066   -1.469043
-0.2105469  9.776074   -1.378125
-0.2392578  9.857422   -1.387695
-0.244043  9.804785   -1.507324
-0.2536133  9.852636   -1.469043
-0.2727539  9.823926   -1.464258
-0.2536133  9.8   -1.536035
-0.244043  9.823926   -1.502539
-0.244043  9.81914   -1.378125
-0.2488281  9.756933   -1.502539
-0.3110352  9.814356   -1.545605
-0.2727539  9.862207   -1.445117
-0.2392578  9.79043   -1.416406
-0.2679687  9.785645   -1.411621
-0.2871094  9.814356   -1.430762
-0.244043  9.828711   -1.492969
-0.2057617  9.833496   -1.512109
-0.2631836  9.780859   -1.526465
-0.2536133  9.8   -1.488184
-0.2727539  9.828711   -1.411621
-0.2918945  9.852636   -1.425977
-0.2249023  9.804785   -1.37334
-0.2631836  9.838282   -1.435547
-0.2201172  9.833496   -1.53125
-0.2392578  9.847852   -1.488184
-0.2344727  9.785645   -1.421191
-0.2775391  9.81914   -1.574316
-0.2727539  9.857422   -1.492969
-0.2679687  9.79043   -1.583887
-0.2679687  9.828711   -1.402051
-0.2488281  9.823926   -1.492969
-0.2392578  9.866992   -1.435547
-0.2296875  9.847852   -1.425977
-0.2344727  9.737793   -1.516895
-0.2966797  9.857422   -1.497754
-0.2344727  9.833496   -1.497754
-0.2105469  9.857422   -1.397266
-0.2201172  9.81914   -1.430762
-0.2249023  9.80957   -1.492969
-0.3014649  9.814356   -1.507324
-0.2966797  9.823926   -1.559961
-0.2249023  9.804785   -1.454687
-0.2536133  9.776074   -1.36377
-0.244043  9.785645   -1.550391
-0.2296875  9.795215   -1.545605
-0.2631836  9.795215   -1.435547
-0.2679687  9.8   -1.425977
-0.2727539  9.81914   -1.492969
-0.215332  9.761719   -1.459473
-0.2105469  9.804785   -1.478613
-0.2583984  9.804785   -1.52168
-0.2488281  9.804785   -1.435547
-0.2488281  9.847852   -1.536035
-0.1961914  9.814356   -1.397266
-0.2249023  9.833496   -1.459473
-0.2775391  9.843066   -1.488184
-0.3110352  9.862207   -1.397266
-0.2296875  9.814356   -1.449902
-0.2871094  9.771289   -1.421191
-0.2679687  9.814356   -1.478613
-0.2727539  9.814356   -1.435547
-0.2249023  9.833496   -1.478613
-0.2201172  9.814356   -1.516895
-0.2823242  9.862207   -1.478613
-0.1914063  9.814356   -1.492969
-0.2392578  9.823926   -1.54082
-0.2296875  9.847852   -1.416406
-0.2727539  9.843066   -1.483398
-0.2249023  9.785645   -1.464258
-0.2057617  9.838282   -1.39248
-0.2488281  9.828711   -1.497754
-0.2536133  9.833496   -1.492969
-0.215332  9.852636   -1.440332
-0.2727539  9.838282   -1.445117
-0.2583984  9.823926   -1.425977
-0.2583984  9.857422   -1.330273
-0.2679687  9.766504   -1.497754
-0.2249023  9.79043   -1.435547
-0.2727539  9.771289   -1.483398
-0.1914063  9.761719   -1.406836
-0.2583984  9.81914   -1.440332
-0.2296875  9.823926   -1.507324
-0.1579102  9.776074   -1.478613
-0.2727539  9.80957   -1.406836
-0.2871094  9.823926   -1.39248
-0.2488281  9.823926   -1.354199
-0.2727539  9.776074   -1.502539
-0.2918945  9.833496   -1.449902
-0.2823242  9.828711   -1.555176
-0.2918945  9.8   -1.512109
-0.2871094  9.833496   -1.473828
-0.2249023  9.847852   -1.402051
-0.2536133  9.838282   -1.39248
-0.244043  9.8   -1.478613
-0.2631836  9.833496   -1.579102
-0.2392578  9.780859   -1.387695
-0.2823242  9.828711   -1.435547
-0.2583984  9.838282   -1.397266
-0.2536133  9.8   -1.488184
-0.2296875  9.857422   -1.354199
-0.2057617  9.79043   -1.368555
-0.3301758  9.814356   -1.473828
-0.2296875  9.785645   -1.402051
-0.2727539  9.804785   -1.54082
-0.2679687  9.823926   -1.469043
-0.2727539  9.814356   -1.449902
-0.2775391  9.838282   -1.440332
-0.2727539  9.795215   -1.469043
-0.2966797  9.843066   -1.526465
-0.2009766  9.862207   -1.516895
-0.244043  9.79043   -1.39248
-0.2344727  9.804785   -1.440332
-0.2201172  9.838282   -1.454687
-0.2727539  9.81914   -1.354199
-0.2823242  9.81914   -1.459473
-0.2583984  9.862207   -1.416406
-0.2583984  9.8   -1.483398
-0.2392578  9.771289   -1.416406
-0.2344727  9.79043   -1.469043
-0.2823242  9.828711   -1.469043
-0.2201172  9.847852   -1.454687
-0.1914063  9.890918   -1.492969
-0.2488281  9.80957   -1.387695
-0.1579102  9.771289   -1.536035
-0.2009766  9.785645   -1.411621
-0.2488281  9.857422   -1.378125
-0.2249023  9.852636   -1.445117
-0.2775391  9.886133   -1.469043
-0.2871094  9.742579   -1.464258
-0.2105469  9.823926   -1.378125
-0.1961914  9.823926   -1.421191
-0.2918945  9.866992   -1.473828
-0.3158203  9.80957   -1.445117
-0.2488281  9.890918   -1.454687
-0.2392578  9.838282   -1.425977
-0.2296875  9.843066   -1.478613
-0.2296875  9.828711   -1.564746
-0.2966797  9.8   -1.330273
-0.2392578  9.80957   -1.435547
-0.3397461  9.833496   -1.411621
-0.30625  9.8   -1.411621
-0.2536133  9.833496   -1.445117
-0.1722656  9.833496   -1.492969
-0.2344727  9.81914   -1.411621
-0.2823242  9.857422   -1.397266
-0.244043  9.857422   -1.492969
-0.1914063  9.905273   -1.473828
-0.2823242  9.780859   -1.507324
-0.2105469  9.780859   -1.564746
-0.2296875  9.828711   -1.526465
-0.244043  9.871778   -1.425977
-0.2871094  9.871778   -1.406836
-0.2631836  9.823926   -1.473828
-0.1866211  9.828711   -1.421191
-0.2775391  9.766504   -1.416406
-0.2536133  9.857422   -1.469043
-0.215332  9.81914   -1.459473
-0.244043  9.852636   -1.440332
-0.2488281  9.785645   -1.449902
-0.2249023  9.828711   -1.425977
-0.2871094  9.814356   -1.421191
-0.2631836  9.80957   -1.478613
-0.2679687  9.771289   -1.497754
-0.2583984  9.838282   -1.440332
-0.2344727  9.79043   -1.502539
-0.2536133  9.814356   -1.449902
-0.2536133  9.838282   -1.425977
-0.3253906  9.733007   -1.425977
-0.2823242  9.752149   -1.402051
-0.2296875  9.804785   -1.358984
-0.2727539  9.833496   -1.483398
-0.2488281  9.895703   -1.445117
-0.2727539  9.8   -1.559961
-0.2488281  9.771289   -1.459473
-0.2105469  9.776074   -1.397266
-0.2679687  9.862207   -1.464258
-0.2392578  9.80957   -1.478613
-0.2488281  9.780859   -1.411621
-0.2249023  9.823926   -1.464258
-0.2392578  9.823926   -1.301563
-0.2009766  9.8   -1.435547
-0.2105469  9.886133   -1.478613
-0.2105469  9.804785   -1.469043
-0.2296875  9.828711   -1.425977
-0.2775391  9.81914   -1.502539
-0.2105469  9.857422   -1.449902
-0.2536133  9.8   -1.387695
-0.2631836  9.843066   -1.464258
-0.2105469  9.843066   -1.406836
-0.2201172  9.843066   -1.459473
-0.2727539  9.780859   -1.445117
-0.2775391  9.81914   -1.459473
-0.2583984  9.833496   -1.402051
-0.2392578  9.804785   -1.387695
-0.244043  9.823926   -1.488184
-0.2631836  9.838282   -1.502539
-0.2488281  9.843066   -1.39248
-0.2105469  9.823926   -1.488184
-0.244043  9.795215   -1.459473
-0.2583984  9.804785   -1.497754
-0.2392578  9.81914   -1.469043
-0.3301758  9.804785   -1.459473
-0.2392578  9.8   -1.425977
-0.2105469  9.828711   -1.579102
-0.2823242  9.828711   -1.449902
-0.2296875  9.862207   -1.516895
-0.2727539  9.823926   -1.473828
-0.2105469  9.80957   -1.430762
-0.2392578  9.866992   -1.54082
-0.244043  9.766504   -1.516895
-0.2631836  9.79043   -1.445117
-0.215332  9.871778   -1.555176
-0.2249023  9.847852   -1.492969
-0.244043  9.761719   -1.483398
-0.215332  9.8   -1.416406
-0.2536133  9.776074   -1.425977
-0.3253906  9.857422   -1.473828
-0.2296875  9.823926   -1.464258
-0.2392578  9.80957   -1.478613
-0.2201172  9.814356   -1.37334
-0.2583984  9.833496   -1.473828
-0.2583984  9.776074   -1.39248
-0.1914063  9.79043   -1.507324
-0.2249023  9.876562   -1.488184
-0.2488281  9.785645   -1.449902
-0.2057617  9.852636   -1.569531
-0.2201172  9.756933   -1.449902
-0.215332  9.713867   -1.502539
-0.2344727  9.814356   -1.473828
-0.2775391  9.847852   -1.421191
-0.244043  9.81914   -1.315918
-0.2536133  9.823926   -1.464258
-0.215332  9.866992   -1.526465
-0.2344727  9.833496   -1.478613
-0.244043  9.852636   -1.454687
-0.2966797  9.747363   -1.473828
-0.2679687  9.776074   -1.387695
-0.2536133  9.785645   -1.430762
-0.2918945  9.828711   -1.478613
-0.2679687  9.804785   -1.368555
-0.2679687  9.81914   -1.492969
-0.2488281  9.833496   -1.421191
-0.2296875  9.847852   -1.459473
-0.2488281  9.79043   -1.425977
-0.2488281  9.81914   -1.402051
-0.30625  9.776074   -1.354199
-0.2488281  9.780859   -1.402051
-0.2057617  9.823926   -1.454687
-0.2823242  9.823926   -1.502539
-0.2823242  9.785645   -1.464258
-0.2583984  9.771289   -1.516895
-0.2488281  9.752149   -1.454687
-0.2727539  9.8   -1.473828
-0.2727539  9.766504   -1.473828
-0.2344727  9.776074   -1.454687
-0.2679687  9.838282   -1.358984
-0.2249023  9.776074   -1.516895
-0.244043  9.833496   -1.430762
-0.2488281  9.81914   -1.397266
-0.2823242  9.766504   -1.37334
-0.2488281  9.81914   -1.454687
-0.2871094  9.838282   -1.454687
-0.2392578  9.823926   -1.411621
-0.2583984  9.81914   -1.421191
-0.3253906  9.823926   -1.502539
-0.2966797  9.857422   -1.483398
-0.2966797  9.742579   -1.430762
-0.1818359  9.804785   -1.545605
-0.2966797  9.843066   -1.397266
-0.2392578  9.852636   -1.430762
-0.2201172  9.852636   -1.449902
-0.2105469  9.823926   -1.406836
-0.2296875  9.81914   -1.430762
-0.2775391  9.81914   -1.38291
-0.2918945  9.80957   -1.459473
-0.2488281  9.780859   -1.38291
-0.2249023  9.8   -1.39248
-0.2631836  9.843066   -1.516895
-0.3014649  9.852636   -1.473828
-0.30625  9.79043   -1.483398
-0.2679687  9.804785   -1.425977
-0.2536133  9.871778   -1.421191
-0.2631836  9.785645   -1.449902
-0.2583984  9.766504   -1.459473
-0.2392578  9.756933   -1.435547
-0.2775391  9.838282   -1.469043
-0.2344727  9.828711   -1.411621
-0.2631836  9.804785   -1.306348
-0.2201172  9.80957   -1.473828
-0.2918945  9.823926   -1.478613
-0.2918945  9.804785   -1.526465
-0.2631836  9.785645   -1.416406
-0.2918945  9.823926   -1.559961
-0.2727539  9.814356   -1.430762
-0.2488281  9.857422   -1.435547
-0.3253906  9.833496   -1.435547
-0.2344727  9.895703   -1.478613
-0.244043  9.8   -1.564746
-0.2727539  9.785645   -1.445117
-0.2392578  9.81914   -1.473828
-0.2488281  9.847852   -1.473828
-0.2583984  9.795215   -1.411621
-0.2631836  9.795215   -1.37334
-0.2823242  9.823926   -1.416406
-0.2823242  9.771289   -1.440332
-0.2823242  9.838282   -1.440332
-0.2344727  9.833496   -1.425977
-0.2631836  9.8   -1.464258
-0.2631836  9.81914   -1.435547
-0.1914063  9.795215   -1.478613
-0.2296875  9.79043   -1.459473
-0.244043  9.814356   -1.406836
-0.2631836  9.81914   -1.416406
-0.2009766  9.747363   -1.36377
-0.2536133  9.847852   -1.512109
-0.2488281  9.80957   -1.425977
-0.2918945  9.785645   -1.473828
-0.1818359  9.847852   -1.430762
-0.2296875  9.838282   -1.421191
-0.2296875  9.814356   -1.574316
-0.2727539  9.814356   -1.39248
-0.2488281  9.852636   -1.402051
-0.2679687  9.8   -1.397266
-0.2631836  9.742579   -1.440332
-0.2009766  9.843066   -1.397266
-0.2823242  9.795215   -1.416406
-0.2249023  9.80957   -1.497754
-0.2536133  9.795215   -1.469043
-0.1914063  9.804785   -1.550391
-0.1866211  9.900488   -1.536035
-0.2631836  9.838282   -1.492969
-0.1961914  9.785645   -1.492969
-0.2201172  9.814356   -1.464258
-0.3110352  9.8   -1.478613
-0.2009766  9.828711   -1.449902
-0.3110352  9.823926   -1.430762
-0.2583984  9.857422   -1.430762
-0.1961914  9.8   -1.52168
-0.2201172  9.814356   -1.421191
-0.244043  9.79043   -1.449902
-0.2631836  9.823926   -1.516895
-0.244043  9.852636   -1.516895
-0.2105469  9.866992   -1.402051
-0.1770508  9.795215   -1.397266
-0.1818359  9.79043   -1.459473
-0.3110352  9.866992   -1.512109
-0.2631836  9.80957   -1.282422
-0.2392578  9.852636   -1.445117
-0.2344727  9.843066   -1.449902
-0.2488281  9.785645   -1.445117
-0.2583984  9.843066   -1.416406
-0.2631836  9.795215   -1.411621
-0.244043  9.776074   -1.416406
-0.2488281  9.833496   -1.483398
-0.2871094  9.828711   -1.387695
-0.2918945  9.847852   -1.612598
-0.2631836  9.804785   -1.492969
-0.2057617  9.886133   -1.478613
-0.30625  9.8   -1.507324
-0.2392578  9.838282   -1.459473
-0.3110352  9.785645   -1.469043
-0.2966797  9.80957   -1.449902
-0.2583984  9.80957   -1.37334
-0.2583984  9.766504   -1.469043
-0.2631836  9.876562   -1.430762
-0.2488281  9.804785   -1.406836
-0.2871094  9.80957   -1.38291
-0.2488281  9.871778   -1.516895
-0.2536133  9.828711   -1.368555
-0.2679687  9.79043   -1.39248
-0.2057617  9.823926   -1.358984
