-1.036585  0.06097561   -1.219512
-0.9756098  -0.06097561   -0.9756098
-0.8536586  0.1219512   -1.036585
-0.7926829  0.1829268   -1.158537
-0.9756098  0   -1.036585
-0.9756098  0   -0.9756098
-1.097561  0   -0.9756098
-0.9756098  0.06097561   -1.158537
-0.7926829  0   -1.097561
-1.036585  0.2439024   -1.280488
-1.036585  0.06097561   -1.036585
-1.158537  0.3658537   -0.9146342
-1.219512  -0.1219512   -1.036585
-1.036585  -0.1219512   -0.9756098
-0.9146342  0.06097561   -1.280488
-0.7317073  0.2439024   -1.097561
-1.036585  0   -0.8536586
-1.036585  0.1219512   -1.280488
-0.9756098  -0.06097561   -0.9756098
-1.158537  0   -1.097561
-0.9146342  0.06097561   -1.036585
-1.158537  0.1219512   -0.7926829
-1.036585  0.1219512   -1.097561
-0.9146342  0   -1.158537
-1.158537  0.1219512   -0.7926829
-1.219512  -0.1219512   -1.036585
-0.9756098  0   -1.036585
-0.8536586  0.06097561   -1.280488
-0.9756098  0.1829268   -1.097561
-0.8536586  0.1829268   -1.036585
-1.036585  0.1829268   -1.097561
-0.9756098  -0.1219512   -0.9146342
-1.280488  -0.06097561   -0.9146342
-0.9756098  0   -1.036585
-0.9756098  0.1219512   -1.036585
-0.9146342  0.06097561   -0.9146342
-1.036585  -0.06097561   -0.9146342
-1.097561  -0.06097561   -0.9756098
-1.036585  0.1219512   -1.097561
-0.8536586  0.06097561   -1.219512
-1.097561  0.1829268   -0.7926829
-1.158537  0   -0.9146342
-1.158537  0.06097561   -0.9146342
-0.8536586  0   -1.158537
-1.158537  0.1219512   -1.097561
-0.9756098  -0.1829268   -0.9146342
-1.097561  0.1829268   -1.036585
-1.097561  0.2439024   -0.9756098
-1.097561  -0.06097561   -0.8536586
-1.097561  -0.1219512   -1.097561
-1.158537  0   -0.9756098
-1.036585  0.1829268   -1.036585
-1.036585  0.06097561   -0.9756098
-1.219512  -0.06097561   -0.9756098
-1.219512  0.1829268   -0.9146342
-1.036585  0.06097561   -1.280488
-0.9756098  0.1829268   -0.9756098
-1.158537  0.1219512   -1.158537
-1.097561  0   -1.036585
-0.9756098  0.06097561   -1.036585
-1.097561  0.1829268   -0.9756098
-1.280488  0.1829268   -0.8536586
-1.097561  0.1829268   -0.8536586
-0.9146342  0.06097561   -1.036585
-0.8536586  0   -1.097561
-1.097561  -0.06097561   -1.036585
-1.280488  0.2439024   -1.036585
-1.036585  0.06097561   -0.9756098
-0.8536586  -0.06097561   -1.036585
-0.9756098  0.06097561   -1.158537
-1.097561  0.06097561   -1.158537
-0.9756098  0.1219512   -0.9756098
-1.097561  0.1219512   -0.9756098
-1.036585  -0.06097561   -0.9756098
-0.9146342  0   -0.9756098
-0.9146342  0.06097561   -1.097561
-0.8536586  0.06097561   -0.9146342
-1.097561  -0.06097561   -1.097561
-1.097561  0.1219512   -1.036585
-0.8536586  -0.06097561   -1.036585
-1.097561  -0.06097561   -0.9756098
-1.097561  -0.06097561   -0.9756098
-0.9146342  0.06097561   -1.219512
-1.036585  -0.1219512   -1.097561
-0.9756098  0.1829268   -1.097561
-1.158537  0.06097561   -0.9756098
-1.036585  0.1219512   -0.8536586
-0.9146342  0.06097561   -1.097561
-0.8536586  0.06097561   -0.9146342
-0.9146342  0.1219512   -0.9146342
-1.097561  0.06097561   -1.036585
-1.280488  0.1219512   -0.9756098
-1.036585  0.1829268   -1.036585
-0.9146342  -0.06097561   -1.036585
-0.7926829  -0.1219512   -1.036585
-1.036585  0.06097561   -1.097561
-1.158537  0   -0.9756098
-1.280488  0.1219512   -0.9146342
-1.280488  0.2439024   -0.9756098
-0.9756098  0.3048781   -1.036585
-0.7317073  0.1219512   -1.158537
-1.158537  -0.06097561   -0.8536586
-1.036585  0   -1.036585
-0.9146342  -0.06097561   -1.097561
-0.9146342  0.1219512   -1.097561
-1.036585  0.1829268   -0.9756098
-1.280488  0   -1.097561
-0.9756098  0.1829268   -1.158537
-0.9756098  0.2439024   -0.9756098
-1.341463  0.06097561   -1.036585
-1.097561  0.1219512   -0.9756098
-1.158537  0   -1.097561
-0.9756098  -0.1219512   -0.9756098
-0.8536586  0   -1.036585
-0.9756098  -0.06097561   -1.158537
-1.280488  -0.06097561   -0.8536586
-1.097561  -0.1219512   -0.9146342
-0.8536586  0.06097561   -1.036585
-1.280488  0   -1.158537
-1.036585  0.2439024   -1.158537
-0.8536586  0.06097561   -0.9146342
-0.9756098  0.1219512   -1.097561
-1.280488  -0.06097561   -0.9146342
-1.097561  -0.1219512   -1.036585
-1.036585  0.1829268   -1.036585
-0.9756098  -0.06097561   -1.036585
-0.9756098  0.1829268   -1.158537
-0.9756098  0   -1.219512
-1.036585  -0.06097561   -0.9146342
-0.9146342  0.1219512   -1.036585
-0.9146342  0.06097561   -1.036585
-1.341463  0   -0.9146342
-0.9146342  0.1219512   -0.8536586
-0.9146342  0.06097561   -1.097561
-0.9146342  0.06097561   -1.097561
-1.158537  0.1219512   -0.9756098
-1.219512  0   -1.036585
-1.158537  -0.06097561   -1.036585
-0.7926829  0.06097561   -1.280488
-1.341463  0.06097561   -1.036585
-1.280488  0.1219512   -0.9146342
-1.036585  0.06097561   -1.036585
-1.036585  0.1219512   -0.9756098
-0.7926829  -0.1219512   -0.9756098
-0.8536586  0.2439024   -1.036585
-1.036585  0.06097561   -0.9756098
-0.9756098  0.06097561   -1.097561
-0.9756098  -0.1219512   -0.9146342
-1.219512  0.1219512   -0.9756098
-1.036585  0.1219512   -1.219512
-0.9146342  0.1829268   -0.9756098
-0.9756098  0.06097561   -0.9756098
-1.341463  0.1219512   -0.9146342
-1.036585  0.1219512   -1.158537
-1.219512  0.06097561   -1.097561
-0.9756098  0.1829268   -1.097561
-0.9756098  0.1219512   -1.036585
-1.097561  -0.06097561   -0.9756098
-1.097561  0.1219512   -1.036585
-1.219512  0.1219512   -1.036585
-0.9146342  0.1829268   -1.036585
-1.158537  0   -1.036585
-1.097561  0.3658537   -1.097561
-0.9146342  0.4268293   -1.219512
-1.036585  -0.06097561   -1.158537
-1.097561  0.2439024   -0.9756098
-1.219512  0.1219512   -0.8536586
-0.9756098  0.1829268   -0.9756098
-1.097561  0.1829268   -1.097561
-1.097561  0   -1.097561
-0.9146342  0.06097561   -0.9146342
-1.097561  0.06097561   -0.9146342
-1.097561  -0.06097561   -0.9756098
-1.158537  0.1219512   -0.8536586
-0.9756098  -0.06097561   -1.036585
-0.9146342  -0.1829268   -1.036585
-1.097561  0.1829268   -1.036585
-1.036585  0   -0.9756098
-0.9146342  0.1829268   -1.036585
-1.158537  0   -1.036585
-1.158537  0   -1.158537
-1.097561  0.1219512   -1.036585
-1.097561  0.1219512   -1.097561
-0.9146342  0   -1.158537
-0.9146342  0.2439024   -1.097561
-0.8536586  0.06097561   -0.9756098
-1.219512  0.2439024   -1.158537
-1.158537  0.2439024   -1.097561
-1.158537  0.1219512   -0.9756098
-0.9146342  0   -1.036585
-1.097561  0   -0.9756098
-1.036585  0.06097561   -1.036585
-0.9756098  0   -0.9756098
-1.097561  0.2439024   -1.097561
-1.097561  0.1219512   -1.219512
-1.158537  -0.06097561   -0.7926829
-1.036585  0.1219512   -1.097561
-0.9756098  0   -1.036585
-1.036585  0   -0.9756098
-0.8536586  0.06097561   -1.036585
-1.036585  -0.06097561   -1.036585
-0.1756092  -0.003658526   -0.0012182
-0.05365801  0.1182927   -0.0012182
0.06829321  -0.1256098   0.120733
0.007317662  0.1792683   -0.0012182
-0.05365801  -0.1865854   -0.0012182
0.1902444  0.1792683   0.05975735
0.06829321  -0.1256098   -0.0012182
0.1292688  -0.1256098   0.120733
-0.1146336  0.1182927   -0.0012182
-0.1146336  0.05731709   -0.0012182
-0.1756092  0.05731709   0.05975735
-0.2365848  0.05731709   0.1817086
-0.05365801  0.05731709   0.05975735
-0.05365801  0.05731709   -0.06219387
0.06829321  -0.06463414   -0.2451206
-0.2365848  0.05731709   -0.1231694
-0.2365848  0.1792683   -0.06219387
0.06829321  0.05731709   -0.0012182
0.06829321  -0.06463414   -0.0012182
-0.1146336  0.05731709   -0.2451206
0.007317662  -0.1256098   -0.0012182
0.1292688  0.1182927   -0.06219387
-0.05365801  -0.06463414   -0.06219387
0.06829321  0.2402439   -0.06219387
0.06829321  -0.003658526   -0.06219387
0.06829321  0.05731709   -0.0012182
-0.1146336  -0.003658526   0.1817086
0.06829321  0.05731709   -0.0012182
-0.05365801  -0.06463414   -0.06219387
-0.05365801  0.1792683   0.120733
-0.1146336  -0.06463414   -0.0012182
0.1292688  0.05731709   0.120733
-0.05365801  -0.003658526   0.05975735
0.06829321  -0.06463414   0.05975735
-0.1146336  0.1792683   -0.06219387
-0.1146336  0.1792683   -0.2451206
0.06829321  -0.003658526   0.05975735
0.007317662  0.1792683   0.05975735
0.06829321  0.1182927   -0.0012182
0.007317662  0.3621951   0.120733
0.06829321  0.05731709   -0.1231694
-0.1146336  -0.1256098   -0.0012182
0.007317662  0.2402439   -0.06219387
0.06829321  0.1792683   0.120733
0.007317662  -0.06463414   -0.06219387
0.007317662  0.05731709   -0.06219387
0.06829321  -0.06463414   -0.1231694
0.06829321  -0.1256098   -0.0012182
0.06829321  0.1182927   -0.1841451
-0.05365801  0.05731709   -0.06219387
0.06829321  -0.1256098   0.120733
-0.1756092  0.05731709   -0.0012182
-0.05365801  0.1182927   -0.06219387
0.06829321  -0.003658526   -0.1841451
-0.1146336  -0.003658526   -0.0012182
0.1292688  -0.1865854   -0.06219387
0.06829321  0.05731709   -0.0012182
0.1902444  -0.06463414   0.120733
0.06829321  0.05731709   -0.0012182
-0.1756092  -0.06463414   0.05975735
0.06829321  0.1182927   0.05975735
0.007317662  0.05731709   -0.06219387
0.007317662  0.1182927   0.05975735
-0.1146336  -0.1256098   0.05975735
-0.05365801  -0.06463414   -0.1231694
0.007317662  0.05731709   0.1817086
-0.2365848  0.1792683   -0.06219387
-0.2365848  -0.06463414   0.05975735
0.007317662  -0.003658526   0.05975735
-0.1756092  0.05731709   -0.1231694
0.1902444  -0.1256098   0.05975735
-0.05365801  0.05731709   0.120733
0.007317662  0.2402439   0.05975735
0.1902444  0.1182927   -0.0012182
-0.05365801  0.2402439   -0.06219387
0.007317662  0.05731709   0.120733
-0.05365801  0.1182927   0.1817086
-0.1146336  0.1182927   -0.0012182
0.06829321  0.05731709   -0.06219387
-0.05365801  0.1182927   0.2426842
0.06829321  -0.06463414   -0.06219387
0.007317662  0.1182927   -0.0012182
0.1292688  -0.06463414   -0.0012182
0.1902444  0.05731709   -0.06219387
0.06829321  -0.003658526   -0.06219387
-0.1146336  -0.06463414   0.1817086
-0.1146336  -0.003658526   -0.06219387
-0.1146336  0.1792683   -0.0012182
0.007317662  -0.06463414   -0.06219387
0.007317662  -0.003658526   0.05975735
0.007317662  -0.1256098   -0.1841451
-0.1756092  -0.06463414   -0.0012182
-0.05365801  0.1792683   0.05975735
0.007317662  0.05731709   -0.0012182
0.1902444  -0.003658526   -0.06219387
0.1902444  0.1182927   0.120733
-0.05365801  -0.06463414   -0.0012182
-0.1146336  0.2402439   -0.1231694
-0.1146336  -0.003658526   -0.06219387
-0.1146336  0.05731709   0.05975735
-0.05365801  -0.06463414   0.05975735
0.1292688  -0.003658526   -0.1231694
0.1902444  -0.1256098   -0.0012182
0.007317662  0.1792683   0.120733
-0.2365848  0.2402439   -0.1841451
0.1292688  -0.003658526   -0.0012182
0.1902444  0.1182927   -0.0012182
0.1902444  -0.06463414   0.05975735
0.007317662  0.1792683   0.05975735
0.06829321  -0.1865854   -0.1231694
-0.1756092  0.05731709   0.05975735
0.007317662  -0.06463414   0.05975735
0.007317662  0.1182927   -0.0012182
-0.1756092  0.1182927   -0.06219387
0.1902444  -0.003658526   -0.06219387
-0.2365848  0.05731709   -0.0012182
-0.1146336  0.05731709   0.120733
-0.05365801  0.3012195   -0.0012182
0.1902444  -0.1256098   -0.0012182
0.1292688  -0.003658526   -0.0012182
0.06829321  -0.003658526   0.05975735
-0.2975605  0.05731709   0.05975735
0.007317662  0.1182927   0.05975735
-0.1146336  0.05731709   -0.0012182
-0.05365801  0.1182927   -0.0012182
-0.1146336  0.3621951   0.05975735
0.1292688  -0.06463414   -0.0012182
0.06829321  0.1792683   0.05975735
0.06829321  0.1792683   -0.0012182
-0.2365848  -0.06463414   0.120733
0.007317662  -0.1256098   0.120733
0.1292688  -0.003658526   -0.1841451
-0.05365801  0.05731709   -0.1231694
0.1292688  0.1792683   0.05975735
0.007317662  -0.1256098   0.120733
0.007317662  -0.06463414   -0.1231694
0.1292688  -0.06463414   0.1817086
-0.1146336  0.1182927   0.05975735
0.06829321  -0.1256098   -0.3670719
-0.05365801  0.1182927   -0.06219387
-0.1146336  -0.003658526   0.120733
-0.1146336  -0.06463414   0.1817086
-0.1756092  -0.003658526   0.120733
0.06829321  -0.1256098   -0.0012182
-0.1756092  -0.1865854   -0.06219387
0.1292688  -0.003658526   -0.1841451
0.1292688  -0.003658526   0.1817086
0.1292688  0.05731709   -0.1231694
-0.05365801  -0.003658526   -0.1231694
-0.1146336  0.05731709   0.2426842
0.06829321  0.05731709   -0.0012182
0.06829321  0.05731709   -0.1841451
-0.1146336  -0.06463414   -0.1231694
0.06829321  0.1792683   0.120733
-0.05365801  0.05731709   0.1817086
0.1292688  0.05731709   -0.1231694
0.1292688  -0.003658526   -0.0012182
-0.05365801  0.05731709   -0.1231694
0.06829321  0.1182927   -0.06219387
-0.05365801  -0.003658526   0.1817086
-0.1146336  -0.003658526   0.05975735
-0.1146336  -0.1256098   0.120733
-0.1146336  -0.06463414   -0.06219387
0.007317662  0.1182927   -0.06219387
0.007317662  -0.003658526   -0.06219387
0.06829321  0.1182927   -0.1841451
0.007317662  -0.06463414   -0.06219387
0.1902444  0.05731709   -0.1841451
0.1292688  -0.003658526   -0.06219387
-0.1146336  -0.1256098   0.120733
-0.4195117  0.05731709   0.05975735
-0.05365801  0.05731709   0.05975735
0.007317662  -0.06463414   -0.06219387
0.1902444  -0.1865854   0.05975735
0.1292688  -0.003658526   -0.1231694
0.007317662  -0.003658526   0.120733
-0.1146336  0.05731709   -0.1231694
0.1292688  0.1182927   -0.06219387
0.007317662  0.1182927   -0.0012182
-0.05365801  0.05731709   0.120733
0.06829321  -0.247561   -0.06219387
0.06829321  -0.003658526   -0.06219387
-0.1146336  0.1182927   -0.0012182
0.1292688  -0.06463414   -0.06219387
0.06829321  0.1182927   0.05975735
0.007317662  0.1182927   -0.0012182
0.1902444  -0.003658526   -0.0012182
-0.1756092  0.2402439   -0.1231694
-0.05365801  0.1792683   -0.0012182
-0.05365801  -0.003658526   0.1817086
0.06829321  0.1182927   0.05975735
0.25122  -0.06463414   0.05975735
0.06829321  0.1792683   -0.0012182
0.007317662  -0.1256098   -0.0012182
-0.1756092  -0.003658526   -0.1231694
-0.05365801  0.05731709   0.05975735
-0.2365848  -0.06463414   -0.2451206
-0.05365801  -0.06463414   -0.06219387
0.007317662  0.1792683   -0.1231694
0.007317662  0.1182927   -0.06219387
-0.1146336  -0.1256098   0.1817086
0.007317662  -0.003658526   -0.06219387
-0.05365801  -0.003658526   0.120733
0.1292688  -0.06463414   -0.1231694
0.25122  -0.003658526   0.05975735
-0.1756092  0.3621951   0.120733
-0.2975605  0.05731709   0.05975735
0.06829321  0.1182927   0.05975735
0.3121957  -0.06463414   -0.06219387
0.06829321  -0.06463414   -0.06219387
0.007317662  0.3012195   -0.2451206
0.06829321  -0.003658526   0.05975735
-0.2365848  -0.06463414   -0.0012182
-0.2365848  -0.06463414   -0.1231694
0.007317662  0.05731709   -0.1231694
-0.1146336  0.1792683   -0.0012182
0.06829321  0.1182927   -0.3060963
0.06829321  0.1182927   -0.1231694
-0.2365848  0.1792683   0.2426842
-0.4195117  -0.06463414   0.1817086
-0.4804872  -0.003658526   0.05975735
0.1292688  0.05731709   0.05975735
0.1902444  0.05731709   -0.1231694
0.25122  0.05731709   -0.1231694
0.25122  0.1182927   0.1817086
-0.05365801  0.1182927   -0.0012182
-0.1146336  -0.003658526   0.1817086
-0.2975605  0.1792683   0.05975735
-0.1146336  0.1792683   -0.06219387
0.007317662  0.05731709   0.05975735
-0.05365801  -0.003658526   0.1817086
-0.1756092  0.1182927   0.05975735
0.1292688  0.05731709   -0.06219387
0.3731713  0.05731709   -0.06219387
0.06829321  0.1792683   -0.06219387
-0.1756092  -0.1256098   0.120733
-0.358536  0.1182927   0.05975735
-0.1756092  -0.003658526   0.120733
0.007317662  0.05731709   -0.1231694
-0.1146336  -0.06463414   0.05975735
0.25122  -0.06463414   -0.0012182
0.1902444  -0.06463414   0.05975735
0.1902444  0.1182927   -0.06219387
-0.1146336  -0.003658526   -0.1231694
-0.358536  0.05731709   -0.06219387
0.007317662  0.1182927   -0.06219387
0.1902444  -0.06463414   -0.06219387
0.25122  0.1182927   -0.0012182
-0.05365801  -0.06463414   -0.06219387
-0.1756092  -0.06463414   -0.0012182
0.007317662  -0.1256098   -0.06219387
-0.05365801  0.1182927   0.2426842
-0.1756092  -0.1256098   -0.1231694
0.1902444  -0.003658526   -0.0012182
0.1902444  -0.1256098   0.05975735
-0.1146336  -0.003658526   0.120733
-0.358536  0.05731709   0.120733
-0.2365848  -0.003658526   -0.0012182
0.1292688  -0.003658526   -0.2451206
0.1292688  0.1182927   -0.0012182
-0.2365848  0.05731709   0.120733
-0.05365801  0.1182927   -0.0012182
0.007317662  0.2402439   -0.0012182
0.1292688  -0.06463414   0.120733
0.007317662  -0.06463414   0.120733
0.06829321  0.1792683   0.1817086
0.06829321  -0.06463414   -0.1231694
-0.358536  0.1182927   -0.06219387
-0.1146336  -0.003658526   -0.0012182
0.1902444  -0.06463414   -0.2451206
0.1292688  0.05731709   -0.1231694
0.007317662  -0.1256098   -0.1841451
-0.05365801  -0.003658526   0.05975735
-0.05365801  -0.003658526   -0.06219387
0.007317662  -0.003658526   -0.06219387
-0.05365801  -0.06463414   0.120733
-0.05365801  0.05731709   0.05975735
0.1902444  -0.003658526   -0.06219387
0.1902444  -0.06463414   -0.1231694
0.007317662  -0.1865854   0.120733
-0.4195117  -0.003658526   -0.06219387
0.007317662  -0.003658526   -0.06219387
0.06829321  -0.003658526   -0.0012182
0.007317662  -0.1256098   -0.1841451
-0.05365801  0.1792683   -0.0012182
-0.1756092  0.05731709   0.05975735
0.06829321  0.1182927   0.120733
0.06829321  -0.003658526   -0.2451206
-0.1146336  0.05731709   -0.0012182
-0.1756092  -0.003658526   -0.0012182
0.06829321  -0.06463414   0.05975735
0.25122  0.1182927   -0.0012182
0.007317662  -0.1256098   0.05975735
-0.1756092  0.05731709   -0.06219387
0.06829321  0.1182927   -0.06219387
0.1902444  -0.06463414   -0.1841451
-0.1146336  0.05731709   0.2426842
-0.2365848  -0.003658526   0.05975735
0.007317662  -0.06463414   -0.1231694
0.007317662  -0.06463414   -0.0012182
0.007317662  0.05731709   -0.06219387
-0.2365848  -0.1865854   0.05975735
-0.05365801  0.1182927   -0.06219387
0.007317662  -0.06463414   -0.0012182
-0.1146336  -0.06463414   -0.1231694
-0.1756092  0.05731709   0.05975735
-0.05365801  -0.06463414   -0.0012182
0.1292688  -0.003658526   -0.2451206
0.06829321  -0.003658526   -0.0012182
-0.1146336  0.05731709   0.1817086
0.007317662  -0.1256098   0.1817086
0.007317662  -0.003658526   0.05975735
-0.05365801  -0.1865854   0.05975735
-0.1756092  -0.003658526   0.05975735
0.007317662  0.1182927   -0.0012182
0.25122  0.05731709   0.05975735
0.007317662  0.1182927   0.05975735
-0.1146336  0.05731709   -0.06219387
0.25122  0.1182927   -0.1231694
0.06829321  0.05731709   -0.1231694
-0.1756092  -0.003658526   0.120733
-0.4195117  -0.1256098   -0.1231694
0.007317662  0.05731709   0.1817086
0.007317662  0.1792683   -0.1231694
-0.05365801  0.05731709   -0.1231694
0.007317662  0.05731709   0.05975735
-0.2975605  -0.003658526   -0.1231694
0.007317662  -0.003658526   -0.06219387
-0.05365801  -0.06463414   0.05975735
-0.05365801  -0.003658526   0.120733
-0.1756092  -0.003658526   0.1817086
-0.05365801  -0.003658526   -0.06219387
0.25122  0.05731709   0.120733
-0.2365848  0.1792683   -0.0012182
-0.2975605  0.05731709   -0.0012182
-0.05365801  0.2402439   -0.06219387
0.007317662  -0.003658526   0.05975735
-0.05365801  -0.1256098   0.05975735
-0.1146336  0.1792683   -0.06219387
0.1902444  -0.06463414   0.120733
0.007317662  -0.1865854   0.05975735
-0.1146336  -0.1256098   0.05975735
0.06829321  -0.06463414   -0.0012182
0.25122  -0.06463414   0.1817086
0.25122  0.05731709   -0.1231694
0.007317662  -0.003658526   -0.0012182
-0.1146336  0.05731709   0.120733
-0.1756092  -0.003658526   -0.3060963
0.06829321  0.05731709   -0.0012182
0.007317662  -0.1256098   0.05975735
0.06829321  0.2402439   -0.0012182
0.06829321  -0.06463414   -0.0012182
0.007317662  0.1792683   -0.06219387
-0.05365801  0.1182927   -0.06219387
-0.1756092  -0.06463414   -0.0012182
0.06829321  0.05731709   -0.1841451
0.1292688  0.05731709   0.05975735
0.007317662  0.1182927   -0.1841451
-0.1146336  0.1182927   -0.0012182
-0.1146336  -0.003658526   0.1817086
-0.2365848  -0.1256098   -0.0012182
-0.05365801  -0.1256098   0.120733
0.1292688  -0.1256098   0.120733
0.1292688  -0.003658526   -0.06219387
-0.05365801  0.05731709   -0.1231694
-0.1146336  -0.06463414   -0.06219387
-0.2365848  0.1792683   0.05975735
0.007317662  0.05731709   -0.1231694
0.06829321  0.05731709   0.05975735
0.06829321  0.05731709   0.05975735
-0.05365801  0.05731709   -0.0012182
-0.05365801  -0.1865854   -0.0012182
-0.05365801  -0.06463414   -0.06219387
-0.1146336  -0.003658526   -0.1841451
-0.05365801  0.2402439   -0.06219387
-0.05365801  -0.003658526   0.1817086
0.007317662  0.05731709   -0.2451206
-0.05365801  0.1182927   -0.0012182
0.1902444  -0.06463414   0.05975735
0.007317662  -0.1865854   0.120733
0.06829321  -0.06463414   -0.0012182
0.1902444  -0.06463414   0.1817086
-0.1756092  0.1792683   -0.0012182
-0.05365801  -0.06463414   0.05975735
0.007317662  -0.06463414   0.05975735
0.1292688  -0.06463414   -0.0012182
-0.1756092  -0.06463414   -0.0012182
-0.05365801  0.1182927   0.120733
0.1902444  -0.06463414   -0.2451206
0.06829321  -0.003658526   -0.06219387
0.007317662  -0.003658526   -0.0012182
-0.2975605  0.1182927   -0.06219387
0.1292688  -0.003658526   0.05975735
0.007317662  -0.003658526   -0.1841451
-0.05365801  0.05731709   -0.0012182
-0.1756092  0.1182927   -0.1231694
0.06829321  0.1182927   -0.06219387
-0.1756092  0.05731709   -0.06219387
-0.05365801  0.1182927   -0.0012182
-0.1146336  -0.06463414   0.05975735
-0.1756092  -0.3085366   0.05975735
-0.05365801  -0.06463414   0.05975735
0.1292688  -0.1256098   0.05975735
-0.1756092  0.05731709   -0.0012182
0.007317662  -0.06463414   -0.0012182
-0.05365801  0.1182927   -0.06219387
-0.05365801  0.05731709   -0.06219387
-0.1146336  0.05731709   0.2426842
-0.1756092  -0.003658526   -0.0012182
-0.1756092  -0.003658526   -0.1841451
0.06829321  0.05731709   0.425611
-0.2365848  -0.06463414   -0.06219387
0.06829321  -0.06463414   -0.06219387
0.007317662  0.1182927   0.1817086
0.1292688  0.05731709   -0.4280475
-0.1146336  0.05731709   0.05975735
0.1292688  -0.1256098   -0.0012182
-0.1146336  -0.003658526   -0.2451206
0.1292688  0.1182927   -0.1841451
0.06829321  -0.003658526   -0.06219387
-0.1146336  -0.003658526   0.2426842
-0.05365801  0.1182927   -0.1231694
0.1292688  -0.1865854   -0.06219387
0.007317662  0.05731709   0.05975735
0.1902444  0.1182927   -0.1231694
-0.1146336  0.05731709   0.120733
-0.2365848  -0.06463414   0.05975735
0.06829321  0.1182927   -0.0012182
-0.1146336  -0.003658526   0.05975735
0.06829321  -0.1256098   -0.1231694
0.06829321  -0.003658526   -0.0012182
0.007317662  -0.003658526   0.1817086
-0.1146336  -0.003658526   -0.0012182
-0.2365848  0.05731709   -0.0012182
-0.05365801  -0.003658526   -0.06219387
0.06829321  -0.06463414   -0.1231694
0.06829321  -0.003658526   0.05975735
0.06829321  -0.1256098   -0.1231694
0.1292688  0.3012195   -0.06219387
-0.1756092  -0.06463414   -0.3060963
-0.05365801  -0.003658526   -0.0012182
0.06829321  -0.1865854   0.1817086
0.1292688  0.1182927   -0.06219387
0.007317662  0.05731709   0.05975735
-0.1146336  0.1182927   0.120733
-0.1756092  -0.003658526   0.05975735
-0.2365848  0.2402439   -0.0012182
0.25122  0.05731709   -0.06219387
0.25122  0.1182927   -0.1231694
