0  0   0 0
0  0   0 0
0  0   0 0
0  0   0 0
0  0   0 0
0  0   0 0
0  0   0 0
0  0   0 0
0  0   0 0
0  0   0 0
0  0   0 0
0  0   0 0
0  0   0 0
0  0   0 0
0  0   0 0
0  0   0 0
0  0   0 0
0  0   0 0
0  0   0 0
0  0   0 0
0  0   0 0
0  0   0 0
0  0   0 0
0  0   0 0
0  0   0 0
0  0   0 0
0  0   0 0
0  0   0 0
0  0   0 0
0  0   0 0
0  0   0 0
0  0   0 0
0  0   0 0
0  0   0 0
0  0   0 0
0  0   0 0
0  0   0 0
0  0   0 0
0  0   0 0
0  0   0 0
0  0   0 0
0  0   0 0
0  0   0 0
0  0   0 0
0  0   0 0
0  0   0 0
0  0   0 0
0  0   0 0
0  0   0 0
0  0   0 0
0  0   0 0
0  0   0 0
0  0   0 0
0  0   0 0
0  0   0 0
0  0   0 0
0  0   0 0
0  0   0 0
0  0   0 0
0  0   0 0
0  0   0 0
0  0   0 0
0  0   0 0
0  0   0 0
0  0   0 0
0  0   0 0
0  0   0 0
0  0   0 0
0  0   0 0
0  0   0 0
0  0   0 0
0  0   0 0
0  0   0 0
0  0   0 0
0  0   0 0
0  0   0 0
0  0   0 0
0  0   0 0
0  0   0 0
0  0   0 0
0  0   0 0
0  0   0 0
0  0   0 0
0  0   0 0
0  0   0 0
0  0   0 0
0  0   0 0
0  0   0 0
0  0   0 0
0  0   0 0
0  0   0 0
0  0   0 0
0  0   0 0
0  0   0 0
0  0   0 0
0  0   0 0
0  0   0 0
0  0   0 0
0  0   0 0
0  0   0 0
0  0   0 0
0  0   0 0
0  0   0 0
0  0   0 0
0  0   0 0
0  0   0 0
0  0   0 0
0  0   0 0
0  0   0 0
0  0   0 0
0  0   0 0
0  0   0 0
0  0   0 0
0  0   0 0
0  0   0 0
0  0   0 0
0  0   0 0
0  0   0 0
0  0   0 0
0  0   0 0
0  0   0 0
0  0   0 0
0  0   0 0
0  0   0 0
0  0   0 0
0  0   0 0
0  0   0 0
0  0   0 0
0  0   0 0
0  0   0 0
0  0   0 0
0  0   0 0
0  0   0 0
0  0   0 0
0  0   0 0
0  0   0 0
0  0   0 0
0  0   0 0
0  0   0 0
0  0   0 0
0  0   0 0
0  0   0 0
0  0   0 0
0  0   0 0
0  0   0 0
0  0   0 0
0  0   0 0
0  0   0 0
0  0   0 0
0  0   0 0
0  0   0 0
0  0   0 0
0  0   0 0
0  0   0 0
0  0   0 0
0  0   0 0
0  0   0 0
0  0   0 0
0  0   0 0
0  0   0 0
0  0   0 0
0  0   0 0
0  0   0 0
0  0   0 0
0  0   0 0
0  0   0 0
0  0   0 0
0  0   0 0
0  0   0 0
0  0   0 0
0  0   0 0
0  0   0 0
0  0   0 0
0  0   0 0
0  0   0 0
0  0   0 0
0  0   0 0
0  0   0 0
0  0   0 0
0  0   0 0
0  0   0 0
0  0   0 0
0  0   0 0
0  0   0 0
0  0   0 0
0  0   0 0
0  0   0 0
0  0   0 0
0  0   0 0
0  0   0 0
0  0   0 0
0  0   0 0
0  0   0 0
0  0   0 0
0  0   0 0
0  0   0 0
0  0   0 0
0  0   0 0
0  0   0 0
0  0   0 0
0  0   0 0
0.9999931  0.003665786   -3.192644E-07 -0.0006880516
0.9999726  0.007319414   1.088397E-05 -0.00113555
0.9999404  0.01078335   -4.246805E-07 -0.001697582
0.9999012  0.01387141   1.423002E-05 -0.002275172
0.9998536  0.01687202   -3.179517E-06 -0.002850666
0.999798  0.0198291   1.314891E-05 -0.003293248
0.9997398  0.02251065   2.727205E-06 -0.003709947
0.9996724  0.02525069   -9.121757E-06 -0.004176565
0.9996075  0.02763297   -4.552566E-08 -0.004623082
0.9995438  0.0297823   3.73738E-06 -0.005030102
0.9994749  0.03192389   3.998402E-06 -0.005545427
0.9993955  0.03426773   1.134402E-05 -0.005854389
0.9993224  0.03625479   1.083744E-05 -0.006345401
0.9992479  0.03819399   1.588865E-05 -0.006695617
0.9991656  0.04022536   1.109505E-05 -0.007070544
0.9991046  0.04166768   1.696986E-05 -0.007330775
0.9990308  0.04335433   3.40123E-05 -0.007611021
0.9989533  0.04505559   3.939337E-05 -0.007898662
0.9988632  0.04695117   3.313825E-05 -0.008243056
0.9987987  0.04825329   3.752305E-05 -0.00853062
0.9987342  0.0495638   3.554995E-05 -0.008577008
0.9986574  0.05108797   5.976299E-05 -0.008566933
0.998592  0.05230395   5.031552E-05 -0.008858048
0.9985484  0.05308024   6.353505E-05 -0.00914448
0.9984963  0.05401858   6.214753E-05 -0.009334985
0.9984468  0.05489989   6.706271E-05 -0.009486564
0.9983926  0.05582817   5.834458E-05 -0.00977147
0.99834  0.05674367   6.69065E-05 -0.00986568
0.9982886  0.05761152   6.0624E-05 -0.01004077
0.9982418  0.05839628   7.622679E-05 -0.01015739
0.9981871  0.05929561   7.053463E-05 -0.01031883
0.998133  0.06019145   8.01246E-05 -0.01037201
0.9980953  0.0607646   6.821243E-05 -0.0106542
0.9980569  0.06137825   6.422197E-05 -0.01072269
0.9980176  0.06197658   7.337231E-05 -0.0109456
0.9979704  0.06272086   9.587408E-05 -0.01101127
0.9979368  0.06322456   9.034013E-05 -0.01117016
0.9978998  0.06379163   0.0001066691 -0.0112473
0.9978634  0.06436209   0.0001242056 -0.01123207
0.9978293  0.06487419   0.0001548302 -0.0113122
0.9978121  0.0651377   0.0001631995 -0.01132519
0.9977931  0.06542799   0.0001564849 -0.01131534
0.9977666  0.06581694   0.0001770989 -0.01139639
0.9977421  0.06617697   0.0001916137 -0.0114511
0.9977098  0.0666493   0.0001865478 -0.01153527
0.997684  0.06702344   0.0001924762 -0.01159617
0.9976533  0.06747711   0.0001928052 -0.0116057
0.9976286  0.06780754   0.000172337 -0.01180233
0.9976071  0.0681167   0.0001853156 -0.01184593
0.9975834  0.06843518   0.0001845624 -0.01199746
0.9975642  0.06870242   0.0001705468 -0.01206684
0.997544  0.06899975   0.00018102 -0.01204461
0.9975185  0.06938798   0.0002056219 -0.01191723
0.9975016  0.06962094   0.0002059177 -0.0119784
0.9974996  0.06966165   0.0002116303 -0.01190265
0.9974729  0.07001927   0.0001905132 -0.01204165
0.997455  0.07027189   0.0001973352 -0.01205674
0.9974446  0.07041141   0.000188027 -0.01210663
0.9974362  0.07051637   0.000188471 -0.01218685
0.9974204  0.07073933   0.0001850871 -0.01218891
0.9974337  0.07054923   0.0001911036 -0.01220333
0.9974202  0.07072069   0.0001917405 -0.01230473
0.9974002  0.07101458   0.0002100086 -0.012232
0.9973965  0.07105143   0.0001922126 -0.01232856
0.9973701  0.0714065   0.0001868305 -0.01241015
0.9973516  0.07166673   0.0001940047 -0.01239258
0.997357  0.07158446   0.0002064784 -0.0124387
0.9973518  0.07166438   0.0002048476 -0.01239408
0.9973496  0.07167754   0.0001961084 -0.01250294
0.9973525  0.07164425   0.0002065893 -0.01244712
0.9973339  0.0718777   0.0001866738 -0.01259734
0.9973463  0.07168841   0.0001811914 -0.01268973
0.9973198  0.07204597   0.0002014069 -0.01275043
0.9973099  0.07216127   0.0002039337 -0.01287193
0.9972998  0.07232786   0.0002391 -0.0127155
0.9972959  0.07239191   0.000247132 -0.01266317
0.997293  0.07241994   0.0002508811 -0.01272747
0.9972909  0.07244311   0.0002595598 -0.01275674
0.9972842  0.07252622   0.0002622332 -0.01281158
0.9972955  0.07239289   0.0002770268 -0.01268484
0.9973046  0.07227179   0.0002723578 -0.01265965
0.9972906  0.0724677   0.0002862114 -0.01264403
0.9972844  0.0725513   0.0002808622 -0.01265151
0.9972776  0.07263482   0.0002827757 -0.012713
0.9972587  0.0728908   0.0002854761 -0.01272505
0.9972493  0.07302579   0.0002820868 -0.01269026
0.9972625  0.07284676   0.0002813828 -0.01267878
0.9972506  0.07300974   0.0002993737 -0.01267689
0.9972303  0.07325938   0.0002862085 -0.01283418
0.997232  0.07323006   0.000281824 -0.0128738
0.9972376  0.07315687   0.0002737898 -0.01285416
0.9972441  0.07306115   0.0002646104 -0.01289182
0.9972463  0.07301831   0.0002734407 -0.01296674
0.9972383  0.07313213   0.0002822186 -0.01293478
0.9972274  0.07330193   0.0002933317 -0.01281389
0.9972113  0.07351889   0.0003032277 -0.0128296
0.9972052  0.07360112   0.0002987107 -0.01283116
0.9972139  0.07347336   0.0003155197 -0.01288776
0.9972196  0.07337867   0.0003079412 -0.01298406
0.9972356  0.07317523   0.0003159541 -0.01289976
0.9972388  0.07312972   0.0003080618 -0.01291432
0.9972242  0.07334162   0.0003175272 -0.01283576
0.9972178  0.07343596   0.0003102001 -0.0127985
0.9972236  0.07336651   0.000327389 -0.01274243
0.9972019  0.0736468   0.0003488743 -0.01282075
0.9971952  0.07372876   0.0003459452 -0.01286667
0.99717  0.07406314   0.0003574879 -0.01290167
0.9971808  0.0739147   0.0003467457 -0.01292905
0.9971757  0.07398556   0.0003641411 -0.01290538
0.9971825  0.07389976   0.0003505924 -0.01287483
0.9971922  0.07378054   0.0003587792 -0.01280547
0.9971802  0.07395046   0.0003580416 -0.01275866
0.9971738  0.07401845   0.0003611364 -0.01286664
0.9971701  0.07407647   0.0003767373 -0.01282055
0.9971841  0.07390571   0.0003823305 -0.01271662
0.9971927  0.07380316   0.0003923393 -0.01263817
0.9971883  0.0738744   0.0004022794 -0.01256545
0.9971787  0.07398099   0.0004200563 -0.01269719
0.9971588  0.07422972   0.0004034093 -0.0128122
0.9971613  0.07420743   0.0004077427 -0.01274224
0.9971794  0.07396435   0.0004032084 -0.01274483
0.9971649  0.07416333   0.0004123253 -0.01272149
0.9971508  0.0743634   0.0004287192 -0.0126623
0.9971573  0.07426891   0.0004302055 -0.01269642
0.997165  0.07415892   0.0004359161 -0.01274021
0.9971606  0.07420877   0.0004640112 -0.01278537
0.9971614  0.07421539   0.0004649078 -0.01269567
0.9971602  0.07424824   0.0004878428 -0.0125891
0.9971496  0.07438611   0.0005031539 -0.01261329
0.9971579  0.07427628   0.0004958548 -0.01260355
0.997147  0.07442614   0.0004861825 -0.01259163
0.9971616  0.07424781   0.0004943392 -0.01247629
0.9971651  0.07421003   0.0005038435 -0.01243192
0.9971606  0.07425744   0.00051351 -0.01250421
0.9971735  0.07405931   0.0004875453 -0.01265243
0.9971769  0.07401936   0.0004859361 -0.01261321
0.9971821  0.0739359   0.000470447 -0.0126969
0.9971796  0.07396282   0.0004777315 -0.01273432
0.9971834  0.073897   0.0004641948 -0.01282084
0.9971821  0.07392427   0.0004806929 -0.01275349
0.9971743  0.07404692   0.0004873153 -0.01266342
0.9971732  0.07405018   0.0004750387 -0.01272576
0.9971714  0.07410204   0.000486148 -0.01256502
0.9971579  0.07428706   0.0004790997 -0.0125431
0.9971706  0.07412443   0.0004651005 -0.01250291
0.9971665  0.07416412   0.0004615031 -0.01258198
0.9971666  0.07417601   0.0004641411 -0.01250884
0.9971816  0.07398987   0.0004750914 -0.01241466
0.9971761  0.07406146   0.0004759482 -0.01243382
0.9971724  0.07411056   0.0004788012 -0.0124315
0.9971789  0.07403589   0.0004884818 -0.01235372
0.997182  0.07398169   0.0004885682 -0.01244041
0.9971895  0.07387192   0.0004802658 -0.0124833
0.9972143  0.07353449   0.000488666 -0.01249943
0.997205  0.07365242   0.0004899124 -0.01253973
0.9972083  0.07361662   0.000499047 -0.01249476
0.9972005  0.07370865   0.0004945442 -0.01256343
0.9972107  0.07359304   0.0005092935 -0.01243438
0.997213  0.07355621   0.0005169871 -0.01247146
0.9972048  0.07367511   0.0005201948 -0.01241373
0.9972036  0.07372995   0.0005364611 -0.01219146
0.997213  0.07359016   0.0005172732 -0.01226319
0.9972244  0.07341654   0.0005018317 -0.01238193
0.9972425  0.07316736   0.0005086143 -0.01239756
0.9972305  0.07331711   0.0005051756 -0.01247602
0.9972293  0.07331239   0.0005081072 -0.01260461
0.9972095  0.07356501   0.000499961 -0.01269324
0.9971961  0.07372537   0.0005000242 -0.01281355
0.9971921  0.07376476   0.0004940825 -0.01290338
0.9972056  0.073598   0.0004861498 -0.01281707
0.9972208  0.07339272   0.0004890423 -0.01281171
0.9972162  0.07345753   0.0004961708 -0.01278475
0.9971935  0.07376029   0.0004929234 -0.01281605
0.9972053  0.0736081   0.0004763101 -0.01277987
0.9972077  0.07356019   0.0004703822 -0.01286513
0.9972191  0.07340574   0.000466565 -0.01286441
0.9972129  0.07348834   0.0004736657 -0.01287469
0.9972323  0.07323483   0.0004854967 -0.01281566
0.9972479  0.07304235   0.0005019172 -0.01269788
0.9972408  0.0731069   0.0004924486 -0.01288666
0.9972484  0.07301087   0.0004743227 -0.01283351
0.9972296  0.0732578   0.0004738243 -0.01288802
0.9972268  0.07329129   0.0004823655 -0.01292069
0.9972255  0.07330009   0.0004736931 -0.012971
0.997227  0.07327083   0.0004792236 -0.01301736
0.9972225  0.07332493   0.000487206 -0.01305762
0.9972072  0.07351626   0.0004819589 -0.01315297
0.9972002  0.07363612   0.0005166822 -0.01301226
0.9972122  0.07347782   0.0005325955 -0.0129808
0.9972159  0.07344136   0.0005347304 -0.01291113
0.997217  0.07344093   0.0005509921 -0.01281677
0.9972332  0.07321303   0.0005378256 -0.01286194
0.9972302  0.07324263   0.0005484279 -0.01293216
0.9972374  0.07314283   0.0005358258 -0.01293815
0.9972315  0.07322124   0.000537074 -0.01295747
0.9972371  0.07315015   0.00054371 -0.01291336
0.9972346  0.07319082   0.0005443534 -0.01288541
0.9972306  0.07323084   0.0005346701 -0.01296061
0.9972316  0.0732322   0.0005577683 -0.0128788
0.9972277  0.07331228   0.0005813136 -0.01272223
0.9972402  0.07314578   0.0005677172 -0.01270233
0.9972256  0.07338255   0.0005877325 -0.01247674
0.9972342  0.07328643   0.0005937872 -0.01235445
0.9972475  0.073102   0.0005856259 -0.01237607
0.9972479  0.07310535   0.0005881208 -0.01232051
0.9972462  0.07311839   0.0006134183 -0.01238932
0.9972416  0.07316111   0.0006109367 -0.01249636
0.9972554  0.0729897   0.0006252043 -0.01239985
0.9972594  0.07295506   0.0006277902 -0.01228386
0.9972534  0.07301509   0.000614317 -0.01241046
0.9972508  0.07301701   0.0006289983 -0.01260876
0.9972508  0.07301827   0.0006284846 -0.01259922
0.9972569  0.0729409   0.0006242077 -0.01257523
0.9972532  0.07299618   0.0006240702 -0.01253864
0.9972322  0.0732887   0.0006368033 -0.01250374
0.9972529  0.07298351   0.0006394751 -0.0126302
0.997254  0.07296874   0.0006531584 -0.01263181
0.9972571  0.07288603   0.000646484 -0.01286805
0.9972624  0.07279318   0.0006501447 -0.0129789
0.9972651  0.07276025   0.0006444037 -0.0129564
0.9972618  0.0728429   0.0006611779 -0.01274128
0.9972672  0.07277748   0.000667753 -0.01269346
0.9972739  0.07267113   0.000666086 -0.01278148
0.9972637  0.07281252   0.0006747604 -0.01276907
0.9972608  0.07288233   0.000695621 -0.01259653
0.9972473  0.07305103   0.0007017595 -0.01268347
0.9972269  0.07334916   0.0007114551 -0.01257017
0.9972162  0.07350286   0.0007326658 -0.01251739
0.9972239  0.07340005   0.0007483758 -0.0125115
0.9972326  0.07326525   0.0007440769 -0.01260379
0.9972287  0.07331528   0.0007406663 -0.01262444
0.9972377  0.07322039   0.0007612999 -0.01246162
0.9972404  0.07316663   0.0007595771 -0.01255053
0.9972353  0.0732346   0.0007640424 -0.01256862
0.997234  0.07326339   0.000786234 -0.01249142
0.9972383  0.07320931   0.000774792 -0.0124742
0.9972396  0.0731905   0.0007845509 -0.01247771
0.9972461  0.07311335   0.0007867971 -0.01241388
0.9972494  0.0730489   0.0007839128 -0.0125312
0.9972436  0.07312158   0.0007760523 -0.01256755
0.9972309  0.07328453   0.0007679795 -0.01262197
0.997232  0.07326639   0.0007596519 -0.01263998
0.9972209  0.07342184   0.0007744841 -0.01260928
0.9972221  0.07340289   0.0007740142 -0.01263297
0.9972297  0.07329562   0.0007780769 -0.0126483
0.9972295  0.0732634   0.000773779 -0.0128511
0.9972345  0.07318188   0.0007613715 -0.01293464
0.9972498  0.07298411   0.0007731476 -0.0128714
0.9972429  0.07306816   0.000765712 -0.01292378
0.9972467  0.07302015   0.0007613233 -0.01290448
0.9972247  0.07331031   0.0007510765 -0.01295761
0.9972229  0.07334219   0.000761361 -0.01292198
0.9972342  0.07320473   0.0007578355 -0.01282481
0.9972311  0.07324111   0.0007549999 -0.01285991
0.997225  0.0733308   0.0007470143 -0.01282012
0.9972324  0.07323329   0.0007454759 -0.01280222
0.9972333  0.07323495   0.0007556104 -0.01272191
0.9972624  0.07284223   0.0007529648 -0.01269303
0.9972637  0.07284337   0.0007628982 -0.01259168
0.9972593  0.07291967   0.0007810493 -0.01249283
0.9972571  0.07296669   0.0007928693 -0.01239306
0.9972615  0.07291143   0.000805316 -0.01235533
0.9972498  0.0730576   0.0008217797 -0.01243918
0.9972507  0.07306255   0.0008216784 -0.01234023
0.9972607  0.07292243   0.0008115185 -0.01235777
0.9972569  0.07296957   0.0008229069 -0.01238851
0.997265  0.07287203   0.0008229724 -0.01231413
0.9972655  0.07287288   0.0008386726 -0.01226085
0.997264  0.07288163   0.0008327972 -0.01234193
0.9972584  0.07293797   0.0008227167 -0.01244989
0.9972652  0.07283865   0.0008246343 -0.01249224
0.9972747  0.07270802   0.0008144244 -0.01249272
0.9972665  0.0728216   0.0008156818 -0.01248175
0.9972559  0.07295953   0.0008145443 -0.01252894
0.9972659  0.07282138   0.0008126269 -0.01253781
0.9972593  0.07292946   0.0008144273 -0.01243566
0.9972563  0.07297143   0.0008197523 -0.01242899
0.9972446  0.07312394   0.000818777 -0.01246905
0.9972396  0.0731922   0.0008155695 -0.01246391
0.9972349  0.07322194   0.0007832584 -0.01266792
0.9972417  0.07313225   0.0007849674 -0.01264829
0.9972193  0.07345343   0.0007962736 -0.01255571
0.997219  0.07344338   0.0007892958 -0.01264261
0.9972091  0.07358204   0.0007850849 -0.01260779
0.9972059  0.07361633   0.0007967842 -0.01266712
0.997213  0.07353685   0.0008079854 -0.01256381
0.9971989  0.07373357   0.0008215981 -0.01252845
0.9971864  0.07389972   0.0008250875 -0.01254572
0.9971893  0.07385374   0.0008266493 -0.01258738
0.9971761  0.07404693   0.0008354608 -0.0125023
0.9971724  0.07410711   0.0008341839 -0.01244191
0.9971663  0.07418896   0.0008449088 -0.0124419
0.9971765  0.07406424   0.0008375204 -0.01236372
0.9971837  0.07396231   0.0008399562 -0.01239666
0.99718  0.07397532   0.0008358058 -0.0126016
0.9971796  0.07398742   0.000834603 -0.01257092
0.9971782  0.07401346   0.0008401414 -0.01252866
0.9971976  0.07376403   0.0008417954 -0.01245664
0.997195  0.07379075   0.0008349528 -0.01249924
0.9972063  0.0736346   0.0008249054 -0.01253312
0.997198  0.0737678   0.0008421464 -0.01239999
0.9971969  0.07379274   0.0008302022 -0.01234385
0.9971982  0.07377126   0.0008395509 -0.01236465
0.9971804  0.07402736   0.0008442522 -0.01226822
0.997183  0.07399946   0.0008430948 -0.01222861
0.9971751  0.07411589   0.0008538348 -0.01216449
0.9971744  0.07412703   0.0008494182 -0.01215222
0.9971817  0.07401046   0.0008420282 -0.01226735
0.9972088  0.07364284   0.0008366128 -0.01227367
0.9972084  0.07364503   0.0008385465 -0.01228669
0.9971985  0.07379553   0.0008334415 -0.01220179
0.9971958  0.0738328   0.0008343497 -0.01218076
0.9971986  0.07379633   0.0008168041 -0.01218481
0.9971938  0.07383764   0.0008060735 -0.01232692
0.9972056  0.07366735   0.0008093772 -0.01239224
0.997208  0.07363088   0.0008110824 -0.01241247
0.9972031  0.07367792   0.0008128582 -0.01252432
0.9972194  0.07344706   0.0008115981 -0.01258364
0.99721  0.07356384   0.0008199173 -0.01264356
0.9972165  0.07347552   0.000824559 -0.01265218
0.9972184  0.07346017   0.0008274217 -0.01259063
0.9972254  0.07336181   0.0008166977 -0.01260576
0.9972349  0.07323586   0.0008188404 -0.01259068
0.9972492  0.0730117   0.0008214011 -0.01274991
0.9972565  0.07291157   0.0008262828 -0.01275665
0.9972562  0.07293747   0.0008396017 -0.01263623
0.9972464  0.07305364   0.0008361089 -0.01273004
0.9972413  0.07310981   0.0008309279 -0.01281678
0.9972274  0.07329451   0.0008261201 -0.01282951
0.9972257  0.07332218   0.0008259349 -0.01281316
0.9972219  0.07336754   0.0008216025 -0.01284934
0.9972163  0.0734338   0.0008187887 -0.01290728
0.9972142  0.0734723   0.0008264306 -0.01284894
0.9972333  0.07320581   0.0008365003 -0.01288381
0.9972227  0.07336301   0.0008493577 -0.01281306
0.9972277  0.07329809   0.0008715737 -0.01279486
0.9972377  0.0731633   0.0008697319 -0.01278157
0.9972495  0.07298846   0.0008503979 -0.01285774
0.9972487  0.07300149   0.0008676533 -0.01285058
0.9972454  0.07303283   0.0008551104 -0.01292416
0.9972525  0.07294516   0.0008402001 -0.01288121
0.9972573  0.07287671   0.0008274275 -0.01288827
0.997244  0.07302739   0.0008105536 -0.01306725
0.9972357  0.07312672   0.0007975301 -0.01314697
0.9972338  0.07313271   0.0007954743 -0.01325732
0.9972181  0.07338054   0.0008130226 -0.01305845
0.9972287  0.07322237   0.0008082992 -0.01314454
0.9972345  0.07314671   0.0008131552 -0.01311932
0.9972361  0.0731437   0.0008251822 -0.01302054
0.9972454  0.07303886   0.0008209969 -0.01290021
0.9972485  0.07300605   0.0008458495 -0.01283713
0.9972588  0.07285521   0.0008336172 -0.01289954
0.9972541  0.07290064   0.000843223 -0.01299902
0.9972647  0.07275829   0.0008533474 -0.0129878
0.9972751  0.07262951   0.0008520593 -0.01291155
0.9972606  0.07282137   0.0008590632 -0.01294739
0.9972536  0.07289857   0.0008560788 -0.01305545
0.9972436  0.07300825   0.0008598189 -0.0131957
0.9972473  0.07295392   0.0008681372 -0.01321594
0.9972543  0.07286636   0.0008672682 -0.01317968
0.9972535  0.07287484   0.0008562032 -0.01319148
0.9972496  0.07292984   0.0008453912 -0.01318125
0.9972495  0.07294193   0.0008370451 -0.01312384
0.9972441  0.07300665   0.0008343135 -0.01317524
0.9972516  0.07291358   0.0008436568 -0.01312178
0.9972768  0.07256553   0.0008331938 -0.01314043
0.9972727  0.07264039   0.0008570033 -0.01303698
0.9972641  0.07273858   0.00085767 -0.01313467
0.9972467  0.07296317   0.0008589596 -0.01321281
0.9972506  0.07291005   0.0008620261 -0.01321658
0.997229  0.07319098   0.0008651396 -0.01329441
0.9972323  0.07314087   0.0008463642 -0.01332305
0.9972364  0.07308988   0.0008432954 -0.01329191
0.9972375  0.07304432   0.0008322314 -0.01346594
0.997235  0.07309104   0.0008603184 -0.01338746
0.9972144  0.07338451   0.000866463 -0.01332288
0.9972143  0.07337651   0.0008708445 -0.01337173
0.9972117  0.07342294   0.000886378 -0.01331008
0.9972082  0.07347733   0.0008832796 -0.01326964
0.9972158  0.07337756   0.0008653833 -0.01325422
0.9972292  0.07319272   0.000856668 -0.01326149
0.9972339  0.07312471   0.0008447006 -0.01329846
0.9972343  0.07310723   0.000856507 -0.0133516
0.997236  0.07307647   0.0008467874 -0.01339358
0.9972413  0.07301901   0.0008454894 -0.01331385
0.9972367  0.0730822   0.0008401827 -0.01331753
0.9972399  0.0730373   0.0008342491 -0.01331978
0.9972363  0.0731219   0.0008580196 -0.01313106
0.9972327  0.07317711   0.000859483 -0.01308145
0.9972404  0.07307922   0.0008606343 -0.01305275
0.9972457  0.07300287   0.0008582101 -0.01306792
0.9972624  0.07279836   0.000877029 -0.01293434
0.9972498  0.07297344   0.0008786725 -0.01292406
0.9972529  0.07292971   0.0008799679 -0.01292615
0.9972458  0.07301056   0.0008791214 -0.01302166
0.9972527  0.07294772   0.0009036199 -0.01284262
0.9972577  0.07288862   0.0009177591 -0.01278769
0.9972355  0.07319977   0.0009315693 -0.01273708
0.9972456  0.07305432   0.0009360716 -0.01279186
0.9972554  0.07292105   0.0009293426 -0.01277721
0.9972642  0.07279547   0.0008978064 -0.01281634
0.9972623  0.07281549   0.0008898393 -0.01284359
0.997272  0.07270716   0.0008864846 -0.0127073
0.9972758  0.07264204   0.0008850546 -0.01278915
0.9972655  0.07279339   0.0008862671 -0.01272221
0.9972601  0.07286592   0.00089734 -0.01273584
0.9972422  0.07313361   0.0009171056 -0.01259223
0.9972315  0.07331022   0.0009346018 -0.01241274
0.9972251  0.07338934   0.0009322948 -0.01245848
0.9972194  0.07348484   0.0009436856 -0.01235276
0.9972184  0.07351457   0.0009504234 -0.01225754
0.9972131  0.07355651   0.0009332199 -0.01243961
0.9972154  0.07354169   0.0009358502 -0.01233447
0.9972184  0.07347599   0.0009315606 -0.01248862
0.9972222  0.07341236   0.0009360985 -0.0125543
0.9972117  0.07357799   0.0009523956 -0.01242148
0.9972181  0.07350107   0.0009447544 -0.01236125
0.9972188  0.07348692   0.0009458326 -0.01238596
0.9972062  0.07364855   0.0009554946 -0.01244912
0.9971959  0.07378584   0.0009574997 -0.01244959
0.9972102  0.07361129   0.0009603148 -0.0123391
0.9972229  0.07346459   0.0009818457 -0.01218467
0.9972222  0.07349756   0.0009767708 -0.01204696
0.997211  0.07361943   0.0009694502 -0.0122228
0.997241  0.07320147   0.0009707749 -0.0122905
0.9972436  0.07316776   0.0009754711 -0.01227078
0.997246  0.07314035   0.0009710477 -0.01224673
0.997245  0.0731501   0.0009797422 -0.01226762
0.9972519  0.07305104   0.0009750724 -0.01230337
0.9972564  0.07297789   0.0009599028 -0.01236924
0.99726  0.07292752   0.0009585299 -0.0123734
0.9972533  0.07301988   0.0009572952 -0.01236969
0.9972636  0.07286093   0.0009472989 -0.01247866
0.9972337  0.07324881   0.0009493681 -0.01259151
0.9972255  0.07335421   0.0009480204 -0.01263598
0.9972234  0.07339939   0.0009518206 -0.01253544
0.9972108  0.07354505   0.0009417266 -0.01268057
0.9972106  0.07355067   0.0009335375 -0.01266459
0.9972046  0.07360458   0.0009489496 -0.01282522
0.9972052  0.07357243   0.0009370534 -0.0129636
0.9972206  0.07336231   0.0009335233 -0.01297218
0.9972159  0.07342733   0.0009160309 -0.01296818
0.9972206  0.07335931   0.0009244036 -0.01298842
0.9972289  0.07325042   0.0009288067 -0.01296619
0.9972408  0.07307488   0.0009304033 -0.0130354
0.9972311  0.07321235   0.0009336063 -0.01300678
0.9972478  0.07298604   0.0009526283 -0.01299838
0.9972546  0.07288619   0.0009537974 -0.01303557
0.99727  0.07269663   0.0009712111 -0.01291736
