-0.5263672  -0.6555664   9.498535
-0.5311524  -0.6507813   9.613379
-0.4641601  -0.6459961   9.675586
-0.4689453  -0.6459961   9.64209
-0.4402344  -0.7129883   9.65166
-0.5263672  -0.6794922   9.670801
-0.4163086  -0.6220703   9.627734
-0.5167969  -0.6603516   9.685156
-0.4689453  -0.6890625   9.555957
-0.4641601  -0.6555664   9.627734
-0.4880859  -0.6651367   9.752149
-0.5120117  -0.6555664   9.694727
-0.4833008  -0.7177734   9.63252
-0.4498047  -0.6507813   9.646875
-0.459375  -0.6603516   9.637304
-0.4833008  -0.6794922   9.608594
-0.5407227  -0.6603516   9.670801
-0.397168  -0.6747071   9.699512
-0.4163086  -0.6603516   9.814356
-0.5167969  -0.6459961   9.718653
-0.4641601  -0.5933594   9.670801
-0.4976563  -0.703418   9.747363
-0.4402344  -0.6459961   9.699512
-0.5167969  -0.6316406   9.694727
-0.4258789  -0.6699219   9.742579
-0.4737305  -0.6172851   9.646875
-0.4785156  -0.6316406   9.62295
-0.459375  -0.6842774   9.656446
-0.4833008  -0.6459961   9.608594
-0.5120117  -0.6507813   9.656446
-0.4785156  -0.6507813   9.747363
-0.5263672  -0.6747071   9.666016
-0.4880859  -0.6316406   9.579883
-0.4833008  -0.5837891   9.709082
-0.5072266  -0.6555664   9.62295
-0.4498047  -0.7129883   9.709082
-0.4641601  -0.6651367   9.713867
-0.4833008  -0.6747071   9.752149
-0.4641601  -0.6651367   9.670801
-0.5359375  -0.6603516   9.666016
-0.4833008  -0.7129883   9.670801
-0.5359375  -0.6986328   9.756933
-0.5120117  -0.7177734   9.713867
-0.4354492  -0.6651367   9.618164
-0.4545898  -0.6699219   9.689941
-0.4450195  -0.6842774   9.575098
-0.4545898  -0.6507813   9.66123
-0.4785156  -0.7321289   9.637304
-0.4689453  -0.6938477   9.627734
-0.4737305  -0.6794922   9.613379
-0.4641601  -0.6603516   9.723437
-0.4498047  -0.6459961   9.718653
-0.5646484  -0.6794922   9.656446
-0.4833008  -0.6459961   9.723437
-0.5311524  -0.6986328   9.709082
-0.459375  -0.6220703   9.656446
-0.4880859  -0.6507813   9.723437
-0.5024414  -0.6842774   9.64209
-0.5263672  -0.6651367   9.699512
-0.5359375  -0.6651367   9.666016
-0.4880859  -0.6986328   9.656446
-0.4785156  -0.6794922   9.737793
-0.5120117  -0.6507813   9.795215
-0.5072266  -0.6747071   9.646875
-0.4498047  -0.6268555   9.66123
-0.4976563  -0.7225586   9.723437
-0.4354492  -0.6364258   9.742579
-0.4785156  -0.6077148   9.733007
-0.5311524  -0.6555664   9.579883
-0.4737305  -0.6412109   9.64209
-0.4689453  -0.6172851   9.62295
-0.5167969  -0.6507813   9.666016
-0.5167969  -0.6842774   9.613379
-0.4737305  -0.6459961   9.761719
-0.4641601  -0.6890625   9.709082
-0.5072266  -0.6507813   9.666016
-0.4641601  -0.6507813   9.728223
-0.4450195  -0.6986328   9.685156
-0.4641601  -0.6842774   9.704297
-0.4976563  -0.6651367   9.694727
-0.5407227  -0.6555664   9.584668
-0.4785156  -0.6412109   9.718653
-0.4545898  -0.6651367   9.752149
-0.4833008  -0.6794922   9.804785
-0.4641601  -0.6699219   9.713867
-0.4833008  -0.6986328   9.646875
-0.4928711  -0.7082031   9.718653
-0.4545898  -0.6555664   9.704297
-0.4498047  -0.6938477   9.685156
-0.5311524  -0.6986328   9.709082
-0.4641601  -0.6316406   9.699512
-0.4641601  -0.6794922   9.704297
-0.4641601  -0.7273437   9.64209
-0.5024414  -0.7129883   9.670801
-0.4880859  -0.6699219   9.737793
-0.4833008  -0.6507813   9.599024
-0.4545898  -0.6316406   9.666016
-0.4737305  -0.6938477   9.699512
-0.4641601  -0.6699219   9.603808
-0.5024414  -0.6986328   9.570313
-0.5024414  -0.6699219   9.709082
-0.4498047  -0.6220703   9.680371
-0.4641601  -0.7560547   9.752149
-0.5407227  -0.6747071   9.742579
-0.459375  -0.6555664   9.62295
-0.5407227  -0.6412109   9.704297
-0.459375  -0.6507813   9.694727
-0.4306641  -0.6699219   9.761719
-0.4689453  -0.6938477   9.680371
-0.4880859  -0.7129883   9.713867
-0.4737305  -0.6603516   9.627734
-0.5024414  -0.7082031   9.747363
-0.5263672  -0.6842774   9.699512
-0.4641601  -0.6890625   9.694727
-0.4450195  -0.6890625   9.613379
-0.4880859  -0.6459961   9.685156
-0.4641601  -0.7177734   9.694727
-0.4498047  -0.6507813   9.613379
-0.4689453  -0.7129883   9.666016
-0.4833008  -0.6890625   9.776074
-0.4354492  -0.6268555   9.718653
-0.5359375  -0.6842774   9.618164
-0.4545898  -0.6125   9.603808
-0.5167969  -0.7129883   9.675586
-0.4880859  -0.703418   9.709082
-0.4498047  -0.6747071   9.646875
-0.5120117  -0.6651367   9.62295
-0.4737305  -0.6986328   9.756933
-0.4737305  -0.6220703   9.685156
-0.4785156  -0.6555664   9.737793
-0.4785156  -0.6459961   9.65166
-0.4689453  -0.6459961   9.766504
-0.4402344  -0.703418   9.66123
-0.5072266  -0.6507813   9.613379
-0.4737305  -0.7177734   9.709082
-0.4402344  -0.736914   9.704297
-0.4785156  -0.6986328   9.742579
-0.5311524  -0.6316406   9.680371
-0.4689453  -0.6842774   9.656446
-0.4833008  -0.6986328   9.804785
-0.4306641  -0.6651367   9.670801
-0.4450195  -0.6890625   9.756933
-0.4976563  -0.6459961   9.737793
-0.550293  -0.7129883   9.709082
-0.4258789  -0.6842774   9.704297
-0.5072266  -0.6890625   9.646875
-0.4450195  -0.6747071   9.64209
-0.4354492  -0.6125   9.637304
-0.459375  -0.6890625   9.709082
-0.4833008  -0.703418   9.723437
-0.5024414  -0.6459961   9.752149
-0.4928711  -0.6316406   9.584668
-0.4976563  -0.6747071   9.685156
-0.4498047  -0.6842774   9.608594
-0.4833008  -0.6507813   9.618164
-0.4928711  -0.7273437   9.814356
-0.5024414  -0.6459961   9.689941
-0.4880859  -0.7177734   9.680371
-0.459375  -0.6603516   9.704297
-0.5263672  -0.7082031   9.694727
-0.4402344  -0.6555664   9.833496
-0.4450195  -0.7273437   9.747363
-0.4689453  -0.6794922   9.704297
-0.4785156  -0.6842774   9.689941
-0.5598633  -0.6890625   9.766504
-0.5120117  -0.6699219   9.666016
-0.4545898  -0.6890625   9.570313
-0.4928711  -0.7082031   9.656446
-0.5024414  -0.6412109   9.699512
-0.4976563  -0.6555664   9.747363
-0.4641601  -0.6364258   9.680371
-0.4545898  -0.6842774   9.670801
-0.4354492  -0.7321289   9.709082
-0.4402344  -0.7225586   9.685156
-0.4976563  -0.7177734   9.723437
-0.4354492  -0.7082031   9.780859
-0.4689453  -0.7129883   9.646875
-0.4689453  -0.6364258   9.709082
-0.5024414  -0.6890625   9.65166
-0.4689453  -0.6316406   9.699512
-0.5024414  -0.7321289   9.766504
-0.4689453  -0.6364258   9.656446
-0.4450195  -0.6699219   9.685156
-0.4880859  -0.6842774   9.728223
-0.459375  -0.6842774   9.709082
-0.4737305  -0.6747071   9.613379
-0.5167969  -0.6938477   9.733007
-0.4976563  -0.5837891   9.656446
-0.4306641  -0.6938477   9.694727
-0.5359375  -0.6986328   9.733007
-0.4402344  -0.703418   9.608594
-0.4641601  -0.7129883   9.637304
-0.5359375  -0.6842774   9.64209
-0.5120117  -0.6890625   9.637304
-0.4641601  -0.6938477   9.766504
-0.4785156  -0.6842774   9.709082
-0.4641601  -0.7129883   9.65166
-0.4737305  -0.6794922   9.723437
-0.4928711  -0.6699219   9.603808
-0.5072266  -0.6603516   9.699512
-0.4785156  -0.7321289   9.670801
-0.5311524  -0.6603516   9.747363
-0.4641601  -0.7225586   9.737793
-0.4498047  -0.6364258   9.79043
-0.4976563  -0.6699219   9.689941
-0.4833008  -0.6364258   9.699512
-0.5263672  -0.6747071   9.666016
-0.5359375  -0.7177734   9.709082
-0.5407227  -0.6794922   9.704297
-0.4689453  -0.6747071   9.66123
-0.4545898  -0.6459961   9.776074
-0.4306641  -0.6794922   9.565527
-0.4976563  -0.6938477   9.675586
-0.4928711  -0.6794922   9.65166
-0.4928711  -0.703418   9.670801
-0.4306641  -0.6794922   9.752149
-0.5311524  -0.6890625   9.685156
-0.5120117  -0.6986328   9.733007
-0.4976563  -0.6794922   9.527246
-0.4976563  -0.6842774   9.627734
-0.4976563  -0.7273437   9.761719
-0.4880859  -0.7129883   9.761719
-0.4545898  -0.6794922   9.65166
-0.5311524  -0.6938477   9.666016
-0.4689453  -0.6747071   9.728223
-0.397168  -0.6747071   9.603808
-0.4928711  -0.6747071   9.627734
-0.4785156  -0.6555664   9.785645
-0.4880859  -0.6555664   9.613379
-0.521582  -0.6555664   9.65166
-0.4641601  -0.7129883   9.704297
-0.4402344  -0.6842774   9.646875
-0.4785156  -0.6794922   9.694727
-0.4880859  -0.6316406   9.666016
-0.4545898  -0.6938477   9.776074
-0.4402344  -0.6986328   9.627734
-0.5263672  -0.6890625   9.737793
-0.4833008  -0.6459961   9.670801
-0.4880859  -0.7082031   9.599024
-0.5263672  -0.736914   9.733007
-0.5072266  -0.6220703   9.718653
-0.5167969  -0.6459961   9.680371
-0.459375  -0.6794922   9.737793
-0.4785156  -0.6316406   9.64209
-0.5167969  -0.6890625   9.637304
-0.5072266  -0.7321289   9.723437
-0.4498047  -0.6412109   9.699512
-0.4785156  -0.6603516   9.713867
-0.5120117  -0.6125   9.670801
-0.4880859  -0.703418   9.646875
-0.5311524  -0.6316406   9.62295
-0.521582  -0.6842774   9.771289
-0.5359375  -0.6555664   9.756933
-0.5359375  -0.6555664   9.689941
-0.5263672  -0.6842774   9.713867
-0.4880859  -0.6747071   9.742579
-0.4498047  -0.6555664   9.64209
-0.4833008  -0.6938477   9.761719
-0.5120117  -0.6842774   9.756933
-0.397168  -0.6364258   9.742579
-0.5407227  -0.6651367   9.728223
-0.5167969  -0.6364258   9.599024
-0.521582  -0.6268555   9.64209
-0.459375  -0.6747071   9.699512
-0.4880859  -0.6699219   9.766504
-0.4928711  -0.6842774   9.776074
-0.5120117  -0.6986328   9.709082
-0.4306641  -0.6651367   9.694727
-0.4928711  -0.6699219   9.666016
-0.5167969  -0.7177734   9.718653
-0.4976563  -0.6794922   9.66123
-0.4785156  -0.6938477   9.699512
-0.4928711  -0.6699219   9.656446
-0.4880859  -0.6268555   9.694727
-0.4785156  -0.6125   9.694727
-0.5646484  -0.6699219   9.608594
-0.5072266  -0.6938477   9.737793
-0.521582  -0.6220703   9.718653
-0.4737305  -0.7082031   9.699512
-0.5120117  -0.6507813   9.756933
-0.4880859  -0.6938477   9.771289
-0.459375  -0.6651367   9.709082
-0.5407227  -0.6794922   9.685156
-0.4402344  -0.6316406   9.713867
-0.5024414  -0.6794922   9.694727
-0.4641601  -0.6603516   9.771289
-0.4976563  -0.6699219   9.680371
-0.4737305  -0.6842774   9.66123
-0.4689453  -0.6938477   9.737793
-0.4402344  -0.6316406   9.752149
-0.4833008  -0.7321289   9.637304
-0.4976563  -0.6507813   9.733007
-0.4402344  -0.6507813   9.685156
-0.4402344  -0.6842774   9.685156
-0.4833008  -0.6794922   9.699512
-0.4498047  -0.6029297   9.771289
-0.4880859  -0.6459961   9.742579
-0.4833008  -0.6555664   9.752149
-0.5072266  -0.7129883   9.65166
-0.4450195  -0.6316406   9.656446
-0.5024414  -0.6699219   9.709082
-0.4785156  -0.6507813   9.694727
-0.4928711  -0.6555664   9.737793
-0.4928711  -0.6842774   9.709082
-0.5024414  -0.6651367   9.65166
-0.4450195  -0.6938477   9.689941
-0.521582  -0.7177734   9.66123
-0.4880859  -0.6890625   9.685156
-0.5072266  -0.6603516   9.795215
-0.4976563  -0.6412109   9.718653
-0.4833008  -0.6555664   9.66123
-0.459375  -0.7129883   9.666016
-0.4498047  -0.6603516   9.747363
-0.5742188  -0.7082031   9.675586
-0.459375  -0.6364258   9.618164
-0.5359375  -0.6747071   9.733007
-0.4210938  -0.6412109   9.733007
-0.4785156  -0.6651367   9.723437
-0.5167969  -0.6651367   9.747363
-0.4880859  -0.6555664   9.756933
-0.4976563  -0.6842774   9.689941
-0.4306641  -0.6938477   9.699512
-0.5024414  -0.703418   9.814356
-0.4785156  -0.7177734   9.752149
-0.4928711  -0.6986328   9.613379
-0.5024414  -0.6794922   9.713867
-0.4450195  -0.7273437   9.795215
-0.4737305  -0.6699219   9.675586
-0.5455078  -0.6890625   9.728223
-0.5024414  -0.6986328   9.713867
-0.459375  -0.6747071   9.756933
-0.4928711  -0.7082031   9.666016
-0.5072266  -0.6842774   9.833496
-0.4976563  -0.6125   9.64209
-0.5359375  -0.6507813   9.756933
-0.5694336  -0.7321289   9.704297
-0.4833008  -0.6555664   9.737793
-0.521582  -0.6555664   9.828711
-0.4976563  -0.6507813   9.670801
-0.5024414  -0.736914   9.62295
-0.4785156  -0.6172851   9.65166
-0.459375  -0.7416992   9.656446
-0.4450195  -0.6794922   9.689941
-0.4785156  -0.6794922   9.62295
-0.5455078  -0.7177734   9.699512
-0.4737305  -0.6077148   9.579883
-0.5120117  -0.6459961   9.733007
-0.5981445  -0.7273437   9.81914
-0.4928711  -0.6172851   9.728223
-0.4737305  -0.6555664   9.713867
-0.4689453  -0.7225586   9.666016
-0.4258789  -0.6316406   9.584668
-0.4976563  -0.6316406   9.756933
-0.4354492  -0.6747071   9.613379
-0.4976563  -0.6938477   9.670801
-0.5263672  -0.7751953   9.795215
-0.5024414  -0.6459961   9.570313
-0.521582  -0.6747071   9.627734
-0.459375  -0.6316406   9.64209
-0.4880859  -0.7082031   9.699512
-0.5359375  -0.6507813   9.575098
-0.4785156  -0.6986328   9.685156
-0.550293  -0.6842774   9.646875
-0.4928711  -0.6603516   9.666016
-0.5263672  -0.7225586   9.699512
-0.4402344  -0.6316406   9.689941
-0.5455078  -0.6842774   9.627734
-0.4833008  -0.6555664   9.886133
-0.5167969  -0.6699219   9.627734
-0.4306641  -0.6794922   9.737793
-0.4210938  -0.5981445   9.64209
-0.459375  -0.6699219   9.656446
-0.4976563  -0.6842774   9.675586
-0.4641601  -0.6842774   9.766504
-0.4833008  -0.6938477   9.838282
-0.5167969  -0.6842774   9.8
-0.4019531  -0.6459961   9.737793
-0.4402344  -0.6747071   9.728223
-0.5311524  -0.6699219   9.670801
-0.4737305  -0.6747071   9.65166
-0.5072266  -0.7129883   9.680371
-0.4880859  -0.6986328   9.761719
-0.4402344  -0.6794922   9.742579
-0.4354492  -0.6316406   9.66123
-0.4785156  -0.7129883   9.685156
-0.4258789  -0.6747071   9.689941
-0.4737305  -0.6507813   9.756933
-0.4210938  -0.6747071   9.771289
-0.4258789  -0.6699219   9.723437
-0.4689453  -0.6172851   9.680371
-0.5885742  -0.6459961   9.64209
-0.5167969  -0.6412109   9.680371
-0.4498047  -0.7608398   9.742579
-0.4880859  -0.6699219   9.680371
-0.521582  -0.6268555   9.689941
-0.4641601  -0.6029297   9.66123
-0.4545898  -0.703418   9.608594
-0.397168  -0.5933594   9.871778
-0.4641601  -0.6603516   9.656446
-0.4833008  -0.6555664   9.737793
-0.4354492  -0.6651367   9.709082
-0.4785156  -0.6220703   9.680371
-0.4545898  -0.6794922   9.771289
-0.5120117  -0.6794922   9.685156
-0.4641601  -0.6172851   9.728223
-0.4928711  -0.6316406   9.761719
-0.5120117  -0.6603516   9.752149
-0.5311524  -0.5407227   9.627734
-0.5598633  -0.6890625   9.742579
-0.5167969  -0.6938477   9.776074
-0.5455078  -0.6364258   9.689941
-0.2823242  -0.2918945   9.077441
-0.5885742  -0.9618164   9.967481
-0.5263672  -0.9091797   10.07275
-0.5455078  -0.8565429   9.81914
-0.459375  -0.7416992   9.776074
-0.4545898  -0.6603516   9.637304
-0.4210938  -0.5646484   9.618164
-0.5981445  -0.703418   9.65166
-0.459375  -0.6603516   9.685156
-0.3206055  -0.6890625   9.584668
-0.5167969  -0.736914   9.79043
-0.5263672  -0.6603516   9.766504
-0.4641601  -0.6268555   9.704297
-0.4402344  -0.6220703   9.747363
-0.5694336  -0.6603516   9.66123
-0.521582  -0.6555664   9.704297
-0.4928711  -0.7129883   9.723437
-0.459375  -0.6507813   9.670801
-0.4258789  -0.6842774   9.747363
-0.5024414  -0.7321289   9.881348
-0.4402344  -0.6699219   9.709082
-0.4880859  -0.6268555   9.670801
-0.4545898  -0.6699219   9.65166
-0.5167969  -0.6986328   9.637304
-0.4306641  -0.7512695   9.79043
-0.4976563  -0.6651367   9.733007
-0.5455078  -0.6651367   9.670801
-0.4306641  -0.6507813   9.680371
-0.4928711  -0.6555664   9.747363
-0.4450195  -0.6507813   9.63252
-0.4450195  -0.7082031   9.742579
-0.4354492  -0.6938477   9.608594
-0.5981445  -0.6364258   9.469824
-0.3875977  -0.7273437   9.79043
-0.4498047  -0.6172851   9.8
-0.6172851  -0.6125   9.575098
-0.4785156  -0.6842774   9.608594
-0.3780273  -0.6794922   9.852636
-0.4976563  -0.7273437   9.771289
-0.5072266  -0.6890625   9.589453
-0.4498047  -0.7321289   9.618164
-0.4258789  -0.8134766   9.723437
-0.4641601  -0.7129883   9.871778
-0.5455078  -0.8182617   9.766504
-0.6077148  -0.736914   9.747363
-0.4689453  -0.7464844   9.584668
-0.4976563  -0.736914   9.80957
-0.4306641  -0.5837891   9.689941
-0.09570313  0.7129883   9.728223
0.1483398  1.033594   9.575098
-0.5359375  0.2344727   9.65166
-0.8326172  -1.354199   9.890918
-0.8948242  -2.473926   9.685156
-0.9426758  -2.359082   9.599024
-0.5933594  -1.181934   9.618164
-0.0765625  -0.7416992   9.804785
-0.7129883  -0.8134766   9.618164
-0.5263672  -0.6364258   9.804785
-0.397168  -0.827832   9.776074
-0.4067383  -0.8039063   9.670801
-0.5933594  -0.7082031   9.546387
-0.5885742  -0.7991211   9.737793
-0.3923828  -0.4545898   9.780859
-0.550293  -0.5550781   9.886133
-0.5550781  -0.4928711   9.709082
-0.4880859  -0.6794922   9.575098
-0.7321289  -0.5742188   9.608594
-1.014453  -1.277637   9.666016
-0.91875  -0.5024414   9.747363
-1.148438  -0.5694336   9.900488
-0.9043945  -0.2823242   9.8
-0.3732422  -0.6651367   9.445898
-0.5407227  -0.5024414   9.795215
-0.7082031  -0.7608398   9.541601
-0.7608398  -0.7847656   9.80957
-0.8326172  -0.550293   9.689941
-0.8086914  -0.8517578   9.8
-0.8469726  -0.5933594   9.613379
-0.8374023  -0.215332   9.579883
-0.9570313  -0.5072266   9.733007
-0.5120117  -0.4737305   9.541601
-0.6316406  -0.3014649   9.699512
-0.8230469  -0.4019531   9.733007
-0.7129883  -0.6412109   9.866992
-0.980957  -0.6747071   9.613379
-1.095801  -0.9618164   9.80957
-1.148438  -0.5024414   9.704297
-1.014453  -0.3301758   9.517675
-0.7608398  -0.3349609   9.551172
-0.9043945  -0.2583984   9.66123
-0.8900391  -0.3110352   9.900488
-1.05752  -0.7704102   9.713867
-1.23457  -0.9043945   9.756933
-1.177148  -0.6077148   9.551172
-1.320703  -0.7082031   9.417188
-1.440332  -1.004883   9.192286
-1.315918  -0.6364258   9.890918
-1.110156  -0.3014649   10.33115
-0.8326172  0.1961914   10.29766
-0.7273437  0.05263672   10.12061
-1.258496  -0.9666016   9.871778
-1.507324  -1.311133   9.737793
-1.713086  -1.239355   9.771289
-1.449902  -0.6125   9.551172
-1.081445  -0.3828125   9.465039
-1.119727  0.2727539   9.560742
-0.980957  0.03349609   9.469824
-1.349414  -0.1052734   9.49375
-1.143652  -0.2488281   9.80957
-1.287207  -0.6459961   10.10147
-1.349414  -0.6986328   10.13018
-1.603027  -0.4402344   10.446
-1.143652  0.4833008   10.99629
-1.641309  0.08134766   11.54658
-1.191504  -0.2344727   10.91494
-1.043164  -0.1914063   9.771289
-0.9857422  -0.6938477   9.804785
-0.9331055  0.09091797   9.8
-0.4067383  -0.1483398   10.20195
-0.6794922  -0.2727539   10.68047
-0.6364258  0.05742187   10.23066
-0.8039063  -0.3541016   10.1541
-0.9235352  -0.1435547   10.11582
-0.8708984  0.1148437   10.38379
-0.8708984  0.4545898   10.58477
-1.004883  0.4641601   10.66133
-0.8230469  0.244043   10.39814
-0.7225586  0.3349609   10.15889
-0.4210938  0.6172851   10.80488
-0.4019531  0.6603516   10.98672
-0.4880859  0.4258789   10.66133
-0.765625  -0.0765625   10.23545
-0.6125  -0.004785156   9.843066
-0.2201172  -0.06220703   9.565527
-0.01914063  0.1387695   9.292773
0.215332  0.4641601   9.096582
0.2488281  0.2727539   9.412402
0.3206055  0.3206055   10.26895
0.1148437  0.4689453   10.23066
0.1339844  0.6507813   10.26895
0.06699219  0.5981445   10.34551
-1.488184  -0.3349609   9.919629
0.3301758  -0.02871094   10.18281
0.4258789  0.3541016   9.785645
0.2296875  -0.2823242   9.469824
0.4210938  -0.3588867   9.244922
0.4067383  -0.6364258   9.115723
0.459375  -0.5933594   9.216211
0.5837891  -0.3588867   9.541601
0.4976563  -0.07177734   9.953125
0.6268555  0.009570313   9.933985
0.3493164  -0.4689453   9.795215
0.3923828  -0.4545898   9.890918
0.9474609  -0.1579102   9.957911
0.8852539  -0.5694336   9.369336
0.4258789  -0.7273437   9.264063
0.5885742  -0.9426758   9.484179
0.5933594  -0.8469726   9.455469
0.794336  -0.6842774   9.201856
0.7560547  -0.7177734   9.091797
0.8756836  -0.5359375   9.268847
1.07666  -0.8517578   9.163574
0.6125  -0.8900391   9.402832
0.5885742  -0.91875   9.613379
0.5742188  -0.8948242   9.589453
0.5981445  -1.05752   9.627734
0.5455078  -0.9091797   9.421972
0.8804687  -1.052734   9.053515
0.9426758  -1.047949   8.594141
0.980957  -1.354199   8.297461
1.095801  -0.980957   8.857325
1.081445  -1.009668   9.402832
0.7751953  -1.258496   9.431543
0.6747071  -1.177148   9.417188
0.8469726  -1.143652   9.488965
0.9953125  -1.019238   9.388476
1.06709  -1.148438   9.417188
1.100586  -1.397266   9.091797
0.9426758  -1.478613   8.823828
1.339844  -1.124512   8.828613
1.39248  -0.8948242   9.220996
1.402051  -0.8948242   9.479395
1.445117  -0.91875   9.551172
1.368555  -0.8469726   9.508105
1.253711  -1.024023   9.943555
1.196289  -1.282422   9.613379
1.124512  -1.449902   9.431543
1.119727  -1.765723   9.130078
1.148438  -1.708301   9.053515
1.301563  -1.631738   9.134863
1.488184  -1.435547   9.297559
1.325488  -1.172363   9.292773
1.765723  -0.5072266   9.053515
2.043262  -0.5646484   8.838183
2.033691  -0.5694336   8.575
2.249023  -0.5646484   8.929102
2.320801  -0.3588867   9.340625
2.205957  0.09091797   9.63252
2.454785  0.06699219   9.283203
2.30166  -0.1435547   9.067871
2.306445  -0.521582   8.766406
2.60791  -0.4402344   8.25918
2.627051  -0.3923828   8.441015
2.636621  -0.397168   8.455371
2.622266  -0.5072266   8.72334
2.272949  -0.8661133   8.445801
2.110254  -1.167578   8.603711
1.674805  -1.402051   8.828613
1.717871  -1.07666   9.034375
1.904492  -0.7847656   8.842969
1.746582  -0.7177734   8.71377
1.751367  -0.827832   9.053515
1.665234  -0.9283203   9.20664
1.440332  -0.8517578   9.216211
1.425977  -0.765625   9.441113
1.186719  -0.6364258   10.01055
0.9378906  -0.3923828   10.25937
0.765625  -0.3301758   10.59434
0.6603516  -0.4163086   10.55127
0.736914  -0.7608398   10.26895
0.6172851  -0.9761719   10.00576
0.6029297  -1.062305   9.742579
0.8948242  -1.086231   9.49375
0.9666016  -1.062305   9.34541
0.9522461  -1.052734   9.273633
1.339844  -0.9235352   9.613379
1.052734  -0.6220703   9.469824
0.5742188  -1.301563   9.340625
1.258496  -0.8421875   9.895703
1.07666  -0.6316406   9.776074
0.9570313  -0.9666016   9.417188
0.7416992  -0.9857422   9.541601
0.7608398  -1.21543   10.13496
0.6986328  -0.5455078   10.14453
0.7512695  -0.7512695   10.33115
0.6651367  -1.000098   9.900488
0.9091797  -1.091016   9.589453
1.172363  -0.8517578   9.331055
1.516895  -0.6986328   9.340625
1.344629  -0.827832   9.268847
1.181934  -0.9905273   9.058301
1.05752  -0.794336   9.316699
0.6412109  -1.086231   9.508105
0.9235352  -1.335059   9.594238
1.000098  -0.6268555   9.603808
0.765625  -0.7608398   9.852636
0.4498047  -1.191504   9.780859
0.3349609  -1.201074   9.709082
0.765625  -0.7704102   9.996191
-0.05742187  -1.038379   10.56563
-0.3110352  -0.3301758   10.54648
0.550293  0.009570313   10.13496
0.5885742  -0.6986328   10.01533
0.30625  -0.5598633   9.393262
0.6268555  -0.5885742   9.455469
0.765625  -0.5120117   9.838282
0.9091797  -0.9713867   9.522461
0.5981445  -1.430762   9.393262
0.397168  -1.253711   9.402832
0.4737305  -0.765625   9.584668
0.6412109  0.1052734   10.12539
0.5933594  -0.004785156   10.16367
0.3206055  -0.2488281   9.895703
0.2488281  -0.8039063   9.704297
0.09091797  -0.8421875   9.847852
0.05742187  -0.8613281   9.857422
0.2249023  -0.5550781   9.795215
-0.03828125  -0.6125   9.666016
0.5790039  -0.07177734   9.943555
0.7416992  -0.5790039   10.00576
0.8900391  -0.8374023   9.957911
0.6842774  -1.172363   9.981836
1.449902  -2.249023   10.40293
0.8804687  -0.980957   10.03447
0.4306641  -0.521582   9.627734
-0.08613281  -0.4785156   9.938769
-0.06699219  -1.071875   9.733007
-0.1148437  -1.277637   9.244922
0.1196289  -0.8996094   9.321485
-0.1244141  -0.9474609   9.321485
0.09570313  -0.9474609   9.388476
0.2631836  -1.181934   9.34541
0.5550781  -1.306348   9.259277
0.5646484  -1.440332   9.369336
0.3875977  -1.354199   9.321485
0.4115234  -1.37334   9.249707
0.4833008  -1.406836   9.010449
0.6125  -1.411621   9.33584
0.9522461  -1.885352   9.465039
1.019238  -1.794434   9.718653
1.091016  -1.703516   9.316699
1.071875  -1.588672   8.579785
1.38291  -1.239355   9.359766
1.354199  -1.904492   9.857422
0.7321289  -2.182031   10.11104
0.8756836  -2.378223   9.843066
1.138867  -1.68916   9.35498
0.6651367  -1.732227   9.536817
1.071875  -1.636523   9.421972
1.502539  -1.488184   9.65166
1.158008  -2.15332   10.08711
1.277637  -1.507324   9.65166
0.6172851  -1.646094   9.125293
0.4402344  -1.301563   8.943457
0.6890625  -1.248926   9.005664
1.181934  -1.933203   9.077441
1.794434  -2.402148   9.307129
2.191602  -2.866309   9.694727
2.038476  -2.952441   9.287989
1.660449  -2.445215   8.886035
1.39248  -1.937988   8.608496
1.469043  -1.526465   8.780762
1.856641  -1.68916   9.201856
2.024121  -1.84707   9.163574
2.191602  -1.966699   9.287989
2.430859  -2.277734   9.125293
2.851953  -2.378223   9.216211
2.861523  -2.253808   9.407618
2.89502  -2.387793   9.350195
2.493066  -2.387793   8.981738
2.177246  -2.205957   8.685059
2.354297  -1.933203   8.957812
2.526562  -2.014551   9.101367
2.942871  -2.330371   9.311914
3.296973  -2.631836   9.613379
3.316113  -2.421289   9.618164
3.100781  -3.493164   9.03916
3.038574  -2.708398   8.72334
2.837598  -2.287305   8.728125
2.837598  -2.45   8.991308
2.717969  -2.732324   8.75205
2.751465  -3.091211   8.575
2.957227  -3.402246   8.517578
2.062402  -3.07207   8.651563
3.086426  -3.182129   8.27832
3.134277  -3.172559   8.694629
3.000293  -2.890234   8.852539
2.770606  -2.784961   8.929102
2.469141  -2.627051   8.359668
2.325586  -2.483496   8.196973
2.363867  -2.454785   8.182617
2.770606  -2.794531   8.531934
3.22041  -3.21084   8.73291
3.282617  -3.536231   8.594141
3.139062  -3.536231   8.077344
3.100781  -3.268262   7.981641
3.110352  -3.014648   8.149121
3.340039  -2.928516   8.397949
3.541016  -2.89502   8.488867
3.919043  -3.05293   8.58457
4.703809  -2.74668   9.1875
3.37832  -2.966797   9.101367
4.842578  -3.675   8.27832
4.163086  -3.316113   8.656347
4.053027  -3.588867   8.163477
4.981348  -4.100879   8.000781
4.622461  -3.646289   8.436231
3.885547  -3.521875   8.321386
3.952539  -3.450098   8.106054
4.009961  -3.722852   8.115625
4.143945  -3.641504   7.838086
4.110449  -3.507519   7.708887
4.009961  -3.407031   7.699317
3.952539  -3.37832   7.613183
4.60332  -3.493164   8.187403
4.344922  -3.387891   7.9625
4.512403  -3.22041   8.187403
4.612891  -3.277832   8.374023
4.794726  -3.588867   8.12998
5.100976  -3.966895   7.445703
5.335449  -4.187012   7.469629
5.297168  -3.689355   7.469629
5.03877  -3.617578   7.359571
5.105762  -3.588867   7.335645
5.268457  -3.617578   7.086816
5.507715  -4.024316   7.019824
5.321094  -4.210938   7.51748
5.301953  -3.703711   7.125098
5.531641  -3.258691   6.488672
5.325879  -3.942969   7.440918
6.191992  -4.244433   6.861914
6.129785  -3.804199   7.407422
6.091504  -3.871192   6.881055
6.086719  -3.631934   6.617871
5.368945  -3.249121   6.364258
5.689551  -3.416602   5.440722
6.254199  -3.005078   6.125
6.359473  -3.51709   6.206347
7.622754  -3.51709   6.077148
7.536621  -3.655859   6.043653
7.732812  -4.163086   5.699121
8.493652  -3.37832   5.378516
8.273535  -2.789746   5.799609
7.828516  -2.138965   5.349805
7.503125  -2.359082   4.957422
8.56543  -3.067285   3.933398
7.9625  -3.478809   4.402344
7.885938  -3.584082   4.74209
8.082129  -3.440527   5.230176
7.421777  -2.383008   5.053125
7.79502  -2.043262   4.512403
8.536718  -2.229883   3.703711
8.575  -1.397266   3.627148
9.000879  -0.6890625   3.316113
8.704199  -0.004785156   2.794531
9.220996  -0.7847656   2.76582
9.106153  -1.808789   2.794531
9.010449  -2.354297   3.215625
8.88125  -2.167676   3.603223
8.847754  -1.684375   3.584082
8.575  -1.291992   3.124707
8.953028  -1.411621   2.540918
9.63252  -0.9426758   2.383008
9.201856  -1.478613   3.196484
9.20664  -0.6412109   2.646191
9.211426  -0.6412109   2.976367
10.68525  -0.07177734   1.665234
9.292773  0.6412109   2.191602
9.881348  -0.3349609   2.789746
9.488965  -0.7129883   0.4067383
8.699414  -0.2296875   -0.9235352
8.436231  -0.2918945   -0.4163086
9.49375  -0.5550781   1.617383
10.21152  -0.9426758   2.483496
9.62295  -0.4115234   2.191602
9.709082  0.6651367   1.062305
10.35986  1.167578   1.402051
10.43643  1.220215   1.794434
9.981836  0.7704102   1.990625
9.302343  -0.2009766   1.650879
8.909961  -1.411621   1.655664
8.886035  -1.488184   1.737012
9.680371  -0.6890625   1.67002
9.264063  -0.2583984   1.301563
8.560644  0.09570313   1.177148
8.981738  0.7416992   1.684375
9.756933  -0.1148437   2.464355
9.570313  -0.5024414   2.076758
9.704297  -0.3445312   1.358984
9.139648  -0.9139649   1.296777
9.201856  -1.07666   1.617383
9.268847  0.2344727   2.105469
10.53691  0.2583984   3.119922
10.1541  0.009570313   2.808887
9.747363  -0.2009766   2.464355
9.369336  0   2.095898
9.541601  -0.5359375   1.703516
9.541601  -0.5120117   1.899707
8.919531  -0.1004883   1.775293
8.938672  -0.004785156   1.880566
8.852539  0.244043   2.067188
9.555957  -0.9522461   2.521777
9.03916  -0.5981445   2.981152
9.043945  -0.1100586   2.818457
9.220996  0.5311524   2.717969
9.733007  0.3206055   3.206055
9.828711  0.5263672   3.20127
9.522461  0.6029297   2.502637
9.374121  0.3636719   2.502637
9.149219  0.1435547   2.650977
9.03916  -0.01435547   2.339942
8.56543  -0.2201172   2.263379
8.464941  0.01914063   2.028906
8.067774  0.06220703   1.354199
9.551172  1.330273   1.937988
10.65654  2.875879   1.138867
8.508008  0.827832   1.808789
9.182714  -1.665234   4.096094
9.19707  -0.6699219   4.340137
8.488867  0.4115234   2.674902
8.579785  -0.3875977   2.483496
9.307129  0.9331055   2.196387
9.670801  2.225098   2.856738
9.900488  1.794434   3.014648
9.484179  1.598242   2.44043
8.933887  1.617383   2.287305
9.163574  1.502539   2.698828
8.364453  1.454687   2.91416
8.503222  0.7321289   2.287305
9.919629  1.129297   2.306445
9.608594  0.8134766   2.354297
9.929199  1.818359   1.760937
9.134863  0.4976563   2.172461
11.04893  0.4450195   1.741797
9.225781  2.430859   1.53125
8.814258  1.612598   1.717871
11.61357  0.8421875   1.82793
8.809473  1.832715   1.909277
7.479199  0.9905273   1.430762
10.80488  2.74668   3.162988
9.694727  1.038379   1.746582
9.230566  0.6603516   1.52168
9.398046  1.435547   1.36377
9.847852  1.732227   1.942773
10.02012  2.048047   1.99541
9.833496  1.641309   2.258594
9.943555  1.397266   1.98584
9.685156  1.248926   1.775293
9.278418  1.263281   1.526465
9.1875  1.138867   1.770508
9.077441  0.9761719   1.646094
9.268847  1.043164   1.406836
9.417188  1.387695   1.320703
9.407618  1.550391   1.354199
9.378906  1.737012   1.081445
9.19707  1.564746   1.009668
9.579883  1.158008   0.8182617
9.244922  0.7991211   1.248926
10.09668  1.358984   1.713086
9.465039  1.000098   1.311133
9.244922  0.9139649   1.162793
9.508105  0.8948242   1.138867
9.733007  1.091016   1.134082
9.81914  1.038379   0.8182617
9.871778  1.172363   0.4737305
9.254492  1.315918   0.3732422
11.10635  2.138965   0.1004883
9.106153  0.3445312   -0.8469726
9.388476  0.7751953   0.2009766
9.388476  1.024023   -0.2057617
10.01055  1.335059   0.1674805
10.34072  1.091016   0.05742187
9.919629  0.7082031   0.3014649
10.10147  0.7464844   -0.1722656
11.23555  1.248926   -1.06709
10.82402  1.162793   -0.06699219
10.2833  0.9474609   0.05742187
9.914844  0.5550781   -0.9283203
9.455469  0.765625   -0.6459961
6.034082  1.301563   -7.952929
10.92451  -1.258496   -0.5837891
10.51299  -0.6747071   0.1052734
10.09668  1.507324   0.05742187
10.17803  1.67002   -0.3828125
9.900488  0.7464844   -0.7799805
9.192286  0.2296875   -1.765723
9.417188  -0.2249023   -2.397363
9.924414  1.114941   -1.650879
10.01055  2.225098   -1.196289
9.412402  1.851856   -1.339844
9.02959  0.3014649   -2.650977
8.551074  0.07177734   -3.325684
7.909863  0.3206055   -3.564941
8.694629  0.9570313   -3.478809
9.412402  -0.4354492   -3.957324
9.527246  -0.8039063   -3.631934
8.833399  0.01914063   -3.765918
7.929004  0.4115234   -4.301856
7.460059  -0.1722656   -4.44541
7.072461  -1.435547   -5.636914
8.067774  0.03349609   -5.627344
7.933789  -0.3588867   -5.790039
7.680176  0.3923828   -5.086621
7.091601  0.8039063   -5.182324
7.177734  0.6316406   -5.919238
7.957715  -0.2871094   -7.05332
8.182617  -0.244043   -7.388281
7.570117  -0.5885742   -7.885938
6.321191  -0.5024414   -7.570117
5.191895  -0.521582   -7.651465
4.263574  -0.004785156   -7.565332
4.397559  0   -7.187304
5.182324  0.6172851   -7.608398
5.780469  0.4833008   -8.694629
6.971972  0.4545898   -9.110937
7.067676  0.7704102   -9.053515
6.373828  1.186719   -8.996094
5.20625  0.8374023   -8.675488
3.52666  0.3875977   -9.067871
2.493066  -0.2871094   -9.398046
1.593457  -0.1004883   -9.249707
1.760937  0.08613281   -9.106153
2.196387  0.05263672   -9.139648
3.799414  -0.1052734   -9.852636
4.73252  -0.7895508   -11.11113
4.828223  -0.6651367   -10.91494
3.952539  0.3397461   -10.35029
2.737109  0.550293   -9.862207
1.062305  0   -9.933985
0.0430664  0.5359375   -9.287989
-0.8613281  1.148438   -8.88125
-1.124512  1.756152   -8.560644
-0.7416992  1.459473   -9.20664
0.1961914  1.770508   -9.063086
1.320703  1.416406   -9.733007
1.205859  0.01914063   -11.49873
0.3541016  -0.1483398   -11.66621
0.01435547  2.454785   -9.488965
-0.8134766  3.005078   -8.627637
-1.028809  2.981152   -9.000879
-1.287207  3.048145   -9.560742
-1.646094  3.488379   -8.919531
-2.306445  3.148633   -8.26875
-2.426074  3.153418   -7.809375
-2.205957  2.588769   -8.043848
-2.430859  2.28252   -8.488867
-8.618067  -0.8613281   -9.847852
-6.139356  -1.339844   -12.03945
-3.952539  1.296777   -10.5082
-1.512109  7.206445   -7.546191
-1.325488  10.34551   -5.665625
0.397168  5.220605   -10.60391
-1.047949  1.167578   -9.551172
-2.789746  3.603223   -7.728027
-4.876074  4.167871   -9.876562
-4.521973  7.335645   -9.1875
-4.746875  7.871582   -8.637207
-1.937988  3.608008   -7.527051
-0.6268555  -0.8039063   -7.694531
-1.134082  -1.746582   -8.153906
-2.033691  -0.6412109   -9.03916
-2.15332  0.7464844   -9.64209
-3.986035  1.937988   -8.718554
-6.311621  1.933203   -9.106153
-7.20166  4.789941   -8.340528
-7.369141  6.345117   -7.522265
-6.416894  5.699121   -6.58916
-5.828321  5.684766   -6.790137
-6.239844  4.837793   -7.976855
-6.321191  4.239648   -8.924316
-6.613086  3.675   -9.02002
-6.732715  3.536231   -7.445703
-7.105957  3.627148   -7.737597
-6.871484  4.335351   -7.536621
-6.493457  4.407129   -7.268652
-6.148926  4.76123   -7.010254
-6.258985  5.129687   -7.335645
-6.034082  5.282813   -6.488672
-5.550781  6.024512   -6.034082
-5.426367  6.144141   -6.57959
-4.818652  6.58916   -6.302051
-4.081738  6.522168   -6.675293
-3.871192  6.27334   -7.019824
-3.521875  6.096289   -6.971972
-3.646289  5.062696   -6.971972
-3.909473  4.636817   -7.058105
-4.268359  3.976465   -7.259082
-4.206152  3.890332   -7.48877
-4.13916  3.588867   -7.402637
-3.545801  4.244433   -7.259082
-2.205957  4.766016   -7.723242
-1.665234  5.737402   -8.077344
-1.626953  6.43125   -8.077344
-1.301563  6.876269   -6.928906
-2.158105  6.656152   -6.388184
-3.014648  5.20625   -8.297461
-3.617578  4.378418   -9.776074
-3.919043  4.517188   -10.48906
-3.148633  5.550781   -9.460254
-1.703516  5.833106   -7.684961
-0.7177734  6.101074   -8.096484
-0.6077148  6.067578   -8.838183
-0.5933594  6.335547   -8.316602
0.3349609  6.565234   -8.000781
1.143652  7.019824   -8.024707
1.961914  7.268652   -8.139551
2.550488  7.101172   -7.976855
3.536231  5.914453   -9.431543
1.416406  4.880859   -10.38857
1.253711  5.632129   -8.589355
0.8230469  5.445508   -8.651563
1.177148  5.837891   -7.986426
1.717871  6.081933   -8.072558
2.794531  6.799707   -8.053418
4.588965  7.015039   -7.000684
6.067578  7.862012   -6.067578
6.479102  7.426562   -6.058008
5.713477  3.904687   -8.517578
4.73252  4.498047   -8.771192
4.292285  6.608301   -6.689649
4.923926  8.206543   -5.574707
5.703906  7.952929   -5.402442
6.742285  7.101172   -5.617774
7.555762  6.775781   -5.067481
8.388379  6.254199   -4.531543
8.699414  6.708789   -3.942969
7.536621  7.929004   -4.134375
6.215918  7.144238   -5.239746
5.03877  4.842578   -6.479102
4.397559  4.632031   -5.612988
4.885644  5.81875   -3.588867
6.560449  5.890527   -2.560059
7.833301  6.077148   -2.033691
9.307129  5.426367   -1.957129
9.49375  5.861816   -1.459473
8.125196  7.134668   -1.737012
6.479102  8.464941   -2.249023
5.263672  7.278223   -2.129395
5.100976  7.469629   -0.8421875
5.555566  8.536718   -0.4306641
5.565137  7.737597   2.100684
5.593848  6.019727   0.6268555
6.091504  4.694238   -0.8326172
5.167969  3.828125   -0.6747071
5.49336  5.316308   -0.5742188
5.340234  6.976758   1.167578
5.368945  7.067676   2.172461
4.234863  8.637207   2.483496
2.856738  9.876562   3.024219
1.904492  9.498535   3.794629
3.316113  7.469629   4.292285
4.588965  8.637207   4.268359
4.641602  7.216016   1.248926
4.612891  9.283203   4.172656
3.048145  9.110937   4.632031
2.670117  7.847656   4.043457
1.722656  6.024512   3.493164
1.368555  4.450195   3.301758
0.8182617  5.072266   4.440625
0.8756836  7.933789   6.407324
1.732227  10.78574   7.436133
2.416504  11.93418   6.828418
3.134277  10.53691   4.947852
3.263477  9.302343   4.124804
1.124512  8.340528   4.033887
-0.3349609  6.617871   4.90957
-1.536035  7.632324   4.488477
-2.024121  3.727637   2.679688
-0.521582  6.28291   4.110449
0.2679687  8.842969   4.038672
-0.1196289  11.19727   3.354394
-1.842285  11.95811   3.962109
-3.311328  9.536817   5.316308
-1.928418  8.675488   4.904785
-1.660449  10.35029   3.847266
-0.4737305  8.886035   4.091309
-0.244043  8.737696   3.966895
-1.861426  8.211329   3.569726
-2.866309  7.627539   4.364062
-2.162891  9.876562   4.646387
-0.4785156  9.852636   3.488379
-0.5837891  9.331055   3.799414
-2.014551  9.225781   4.995703
-2.129395  9.144434   4.957422
-0.8996094  8.967382   3.799414
0.0765625  8.603711   4.526758
-0.1435547  8.388379   4.660742
0.2105469  8.407519   4.407129
0.8852539  8.421875   3.82334
1.555176  9.02959   3.919043
1.143652  9.412402   3.976465
0.09091797  9.608594   3.68457
-1.8375  8.962598   3.622363
-3.014648  8.062988   3.311328
-2.918945  7.785449   3.84248
-2.780176  7.900293   4.081738
-1.052734  8.694629   4.316211
-0.1387695  9.163574   4.234863
0.1770508  8.929102   4.187012
1.210644  8.249609   3.852051
0.5167969  8.053418   4.273145
-0.8134766  8.637207   4.297071
-1.579102  9.292773   4.588965
-1.607813  9.49375   4.464551
-1.325488  8.656347   4.565039
-0.8230469  8.828613   4.531543
-0.009570313  8.761621   4.713379
-0.4067383  9.130078   5.191895
-1.177148  8.756836   4.541113
-0.9953125  8.015137   4.177442
-0.4067383  7.723242   4.689453
-0.3253906  8.024707   3.880762
-1.555176  8.847754   3.636719
-2.464355  9.866992   3.483594
-4.191797  11.5083   4.206152
-5.407227  11.22119   3.574512
-5.943164  8.512793   2.89502
-4.574609  6.704004   2.789746
-3.84248  8.622851   4.273145
-1.536035  10.27852   4.450195
-1.330273  10.47471   4.488477
-2.698828  11.35039   5.029199
-4.301856  12.19258   5.010058
-4.067383  13.5085   5.172754
-3.679785  13.97744   4.919141
-3.36875  13.13047   4.033887
-4.048242  12.06338   4.9
-4.014746  10.56084   4.555469
-4.110449  10.84795   4.45498
-4.407129  11.89111   3.828125
-4.971777  10.79531   3.904687
-4.804297  10.34072   4.60332
-5.081836  10.81445   5.555566
-4.861719  9.852636   5.316308
-4.746875  9.426758   5.129687
-5.612988  8.747266   5.263672
-6.349902  8.718554   5.995801
-6.498242  9.35498   6.57959
-6.191992  9.311914   7.594043
-6.235059  9.551172   8.589355
-4.502832  9.589453   8.780762
-2.828027  9.981836   9.302343
-2.512207  9.776074   9.431543
-1.37334  8.244824   8.785547
-1.473828  7.775879   9.498535
-1.162793  5.895312   8.627637
-1.421191  4.225293   7.737597
-2.708398  3.440527   7.421777
-2.512207  3.36875   7.536621
-1.942773  2.875879   7.81416
-2.397363  2.129395   7.479199
-3.009863  0.3588867   6.986328
-3.330469  -1.650879   6.201562
-4.182227  -3.20127   4.952637
-3.091211  -2.804101   4.990918
-2.277734  -2.851953   7.254297
-1.512109  -1.502539   6.392969
-3.119922  -2.30166   4.809082
-4.009961  -2.31123   5.254102
-4.828223  -2.550488   5.593848
-4.708594  -2.694043   5.536426
-4.354492  -3.718066   5.297168
-4.43584  -4.651172   4.876074
-4.378418  -5.340234   4.588965
-4.225293  -5.885742   4.038672
-4.096094  -6.364258   3.373535
-2.526562  -6.479102   3.411816
-3.273047  -5.545996   4.58418
-3.914258  -4.053027   5.479004
-4.263574  -4.478906   4.876074
-4.029101  -5.574707   4.320996
-4.44541  -7.34043   3.474023
-4.703809  -7.436133   2.890234
-4.890429  -6.924121   3.617578
-4.474121  -6.029297   5.010058
-3.66543  -5.713477   5.201465
-2.909375  -5.790039   4.598535
-2.856738  -6.330762   3.679785
-3.086426  -6.909766   2.938086
-2.627051  -7.751953   2.60791
-1.004883  -9.034375   1.99541
-0.215332  -9.426758   1.981055
-0.8852539  -9.311914   1.770508
-2.019336  -9.680371   1.282422
-2.569629  -9.426758   1.703516
-2.268164  -9.249707   2.004981
-1.349414  -8.905176   2.225098
-0.8230469  -8.575   2.167676
-0.6412109  -8.551074   1.8375
-0.8182617  -9.240137   1.54082
-0.6077148  -9.532031   1.028809
-0.2871094  -9.216211   0.9091797
-0.8517578  -8.905176   0.6364258
-1.148438  -8.445801   0.5598633
-1.244141  -8.479297   0.2775391
-1.483398  -8.938672   -0.4545898
-1.894922  -9.273633   -0.8086914
-2.148535  -8.804688   -0.8948242
-2.45957  -8.450586   -0.7464844
-2.076758  -7.991211   -0.9378906
-1.693945  -9.077441   -1.780078
-2.545703  -9.699512   -3.07207
-3.292187  -10.25937   -3.885547
-3.316113  -10.33594   -4.349707
-3.277832  -10.28809   -3.947754
-2.488281  -9.685156   -3.430957
-2.100684  -8.771192   -3.091211
-2.30166  -7.833301   -2.933301
-2.493066  -7.718457   -3.273047
-2.665332  -8.235254   -3.622363
-3.397461  -8.206543   -3.636719
-3.785058  -7.924219   -4.100879
-3.670215  -7.455274   -4.766016
-2.842383  -7.51748   -5.703906
-1.98584  -8.340528   -6.900195
-2.081543  -10.23545   -7.268652
-1.325488  -12.77158   -8.522364
-0.4498047  -12.60889   -8.522364
-1.287207  -9.780859   -7.287793
-3.564941  -7.134668   -5.335449
-5.244531  -5.077051   -3.435742
-5.306738  -3.287402   -3.426172
-5.201465  -3.014648   -5.569922
-1.708301  -3.454883   -7.062891
1.009668  -6.503027   -8.311816
1.574316  -10.72354   -10.43164
0.459375  -13.55156   -11.78105
-1.009668  -14.16406   -12.42705
-2.392578  -8.948242   -10.56563
-2.741894  -3.497949   -7.335645
-1.36377  -1.004883   -4.952637
-0.1148437  0.2966797   -3.373535
1.502539  -0.215332   -3.751563
1.411621  -1.866211   -7.038965
1.38291  -3.761133   -10.11582
3.373535  -7.144238   -11.62793
4.957422  -8.785547   -11.70928
2.234668  -7.82373   -11.77148
-0.6507813  -4.239648   -10.53691
-1.550391  -1.555176   -10.1541
-0.1244141  -0.4258789   -9.64209
1.416406  -1.684375   -9.522461
2.670117  -1.674805   -9.340625
2.411719  -1.612598   -9.225781
0.5550781  -3.086426   -10.43164
-0.4450195  -3.713281   -11.06807
-0.4880859  -2.263379   -10.81924
-0.7082031  -2.000195   -10.75703
-0.6699219  -0.5646484   -10.62305
-1.981055  -0.5598633   -10.75225
-1.665234  1.268066   -9.905273
0.7895508  1.134082   -9.230566
3.847266  1.043164   -10.36465
5.139258  1.8375   -11.16855
3.244336  2.512207   -10.91494
0.9570313  2.713184   -10.99629
-0.1722656  2.229883   -10.04404
-0.9235352  2.92373   -9.225781
-1.832715  3.36875   -10.14932
-1.990625  5.019629   -10.14932
0.7321289  4.598535   -10.79053
3.296973  3.273047   -10.68047
5.273242  2.138965   -10.67568
5.144043  3.162988   -10.08711
2.617481  3.397461   -10.17324
-0.2918945  3.564941   -10.56563
-2.899805  5.201465   -10.21152
-3.627148  6.383399   -9.374121
-3.067285  7.842871   -8.196973
-1.737012  8.168262   -7.742383
1.110156  6.120215   -8.670703
1.612598  3.416602   -9.62295
2.847168  3.139062   -9.359766
3.277832  4.919141   -8.718554
3.019433  7.172949   -7.909863
1.37334  8.469727   -7.21123
-2.359082  7.584473   -5.21582
-1.397266  9.723437   -6.909766
0.5120117  11.04414   -7.503125
-0.3253906  10.79053   -6.019727
2.856738  9.737793   -4.555469
1.99541  9.000879   -5.220605
0.0430664  8.866895   -9.512891
1.502539  6.349902   -5.828321
0.550293  5.431152   -5.81875
-0.1435547  5.656054   -7.852441
-0.5072266  7.02461   -6.479102
0.6651367  8.311816   -4.062598
3.05293  9.747363   -2.60791
3.852051  11.45566   -1.899707
3.82334  13.05869   -1.306348
3.292187  13.84346   -1.464258
2.622266  13.40801   -1.870996
2.229883  13.56592   -1.469043
2.430859  12.7668   -1.650879
2.526562  10.77139   -2.30166
2.813672  9.254492   -2.469141
2.660547  9.077441   -1.607813
1.38291  8.010351   -1.134082
-0.1914063  7.474414   -0.7895508
-0.8134766  8.330957   0.2344727
-0.3206055  8.924316   1.311133
1.38291  9.307129   2.703613
2.646191  8.838183   3.478809
3.770703  8.641993   3.282617
4.196582  8.12998   2.966797
2.469141  6.680078   2.258594
0.7129883  5.440722   1.851856
0.1100586  6.469531   2.832813
0.765625  7.426562   3.852051
2.287305  8.522364   4.794726
3.727637  9.62295   5.928809
5.641699  9.541601   6.818848
5.675195  6.565234   7.436133
2.330371  3.191699   5.909668
-1.129297  1.311133   3.550586
-0.5837891  2.569629   3.277832
2.837598  5.191895   4.708594
5.287598  7.058105   5.871387
6.967187  7.905078   6.421679
8.919531  8.938672   7.957715
9.981836  8.55586   8.359668
9.278418  6.742285   7.847656
6.311621  4.818652   6.57959
5.139258  2.603125   5.177539
4.914355  1.564746   4.646387
5.378516  -0.08613281   4.105664
4.517188  3.148633   6.258985
6.034082  4.105664   8.249609
7.015039  4.27793   8.350098
7.297363  4.172656   8.847754
7.082031  4.847363   9.225781
7.038965  3.986035   8.302246
7.732812  3.110352   7.560547
7.239942  3.115137   7.168164
6.359473  2.813672   5.105762
3.98125  0.2296875   6.416894
1.976269  1.071875   6.613086
2.823242  5.569922   7.493555
2.44043  7.125098   8.809473
0.7991211  4.076953   9.005664
-0.8421875  1.043164   7.627539
-0.1722656  -2.234668   6.479102
1.378125  -1.454687   6.168067
2.019336  1.210644   8.12998
0.5598633  3.856836   9.292773
-1.205859  1.287207   7.828516
-0.3014649  4.378418   10.5752
-1.933203  4.134375   9.948339
-3.655859  0.2105469   8.531934
-4.057813  -3.430957   6.938477
-3.847266  -3.837695   7.105957
-2.708398  -1.598242   7.81416
-1.607813  -0.3636719   6.857129
-1.923633  1.603027   7.321289
0.3875977  6.761426   9.62295
1.507324  12.27393   13.84824
-0.7847656  12.42705   14.30283
-4.067383  6.675293   19.82012
-5.158399  2.761035   9.780859
-5.909668  -4.177442   6.924121
-7.19209  -4.268359   3.35918
-2.813672  -2.067188   3.402246
-0.9953125  3.349609   7.383496
-0.009570313  8.134766   12.07773
0.1339844  9.962695   15.35557
-0.5837891  10.9915   14.61865
-0.1291992  8.412305   11.90547
-0.7704102  4.928711   9.230566
2.947656  1.784863   8.273535
1.727441  0.8374023   7.617969
0.459375  4.000391   9.871778
1.660449  5.014844   9.613379
1.004883  3.66543   9.091797
-0.3206055  5.761328   10.6374
0.3541016  4.081738   8.182617
-0.3445312  2.512207   7.65625
-0.3923828  1.770508   7.50791
-0.4067383  2.421289   7.952929
-0.3636719  3.234766   8.192187
-1.138867  3.076855   7.852441
-1.492969  3.100781   7.637109
-0.1435547  3.244336   7.943359
0.521582  4.852149   9.316699
1.555176  5.67041   10.07275
2.875879  5.05791   10.59912
3.196484  4.057813   10.83838
3.919043  3.363965   10.62305
3.689355  1.789648   9.972265
2.258594  0.5694336   9.450684
0.9953125  0.8230469   9.350195
-0.03349609  2.555274   8.895605
-2.583984  4.9   8.307032
-5.67041  2.44043   8.292676
-1.655664  4.239648   9.441113
-0.6125  5.373731   10.35029
1.100586  4.196582   10.41728
0.2105469  1.966699   10.29287
4.249219  1.177148   10.72354
3.986035  1.435547   11.21162
1.937988  3.05293   9.65166
0.4354492  4.2875   9.694727
1.277637  1.952344   9.297559
0.9857422  0.7847656   9.555957
-0.3253906  2.14375   10.11104
-3.474023  2.019336   9.919629
-1.421191  3.890332   9.847852
-0.01914063  4.364062   8.369238
2.076758  -1.435547   7.723242
0.4210938  -0.8469726   9.929199
0.7321289  -1.488184   10.13975
-3.009863  2.92373   9.675586
0.2631836  -0.3875977   8.689844
0.6842774  0.9905273   9.881348
-4.349707  1.464258   10.9915
0.2488281  2.627051   10.12061
0.8039063  0.2009766   9.776074
-0.4402344  1.263281   9.321485
-0.2249023  0.5981445   7.345215
-0.2009766  0.09570313   6.89541
-0.9139649  1.244141   9.733007
-2.660547  2.603125   12.92471
-1.588672  2.531348   11.49395
-1.789648  3.153418   9.005664
-1.990625  1.914063   8.488867
0.06699219  3.68457   8.139551
-2.30166  2.45   6.818848
-1.282422  1.425977   8.115625
-1.588672  1.320703   8.646777
-1.607813  0.2583984   9.680371
-1.253711  -1.110156   8.771192
-2.13418  -0.6794922   9.082227
1.095801  0.4545898   10.24502
2.162891  0.5263672   9.895703
1.727441  1.043164   10.34072
-0.3732422  1.344629   9.670801
-0.6890625  0.6077148   10.02969
-1.258496  0.1579102   9.579883
-1.028809  0.3780273   10.69482
-0.9091797  1.301563   9.967481
-1.459473  0.9139649   9.125293
-1.459473  0.3206055   9.182714
-2.024121  -0.7416992   9.211426
-2.780176  1.760937   8.531934
-2.641406  2.45957   9.541601
-2.75625  2.100684   9.785645
-1.315918  1.684375   10.70439
-2.062402  1.459473   10.12061
-2.210742  1.488184   8.948242
-2.349512  1.339844   7.560547
-2.650977  0.244043   8.034277
-2.086328  0.2344727   8.866895
-1.555176  -1.105371   9.508105
-1.69873  -1.282422   10.46514
-0.7799805  -1.047949   10.02969
-0.7082031  -1.990625   8.244824
-1.248926  0.5742188   7.66582
-1.684375  0.4402344   7.751953
-2.483496  1.05752   9.000879
-2.215527  0.8374023   9.584668
-0.7273437  0.9235352   10.56563
-1.071875  1.894922   11.35996
-0.5550781  -1.339844   11.49395
0.07177734  -2.995508   10.8001
0.3110352  -4.062598   8.71377
-0.01914063  -4.2875   7.723242
-0.2296875  -3.416602   8.015137
-1.794434  1.416406   9.63252
0.5072266  -5.517285   10.12061
-3.086426  -1.306348   11.01543
-0.7082031  -3.651074   8.512793
-0.8230469  -4.660742   8.115625
-0.004785156  -5.36416   7.900293
0.1004883  -5.081836   7.885938
-1.081445  -5.249316   8.426661
-0.8517578  -5.517285   9.943555
-0.9283203  -4.431055   9.421972
-0.9474609  -6.359473   7.699317
-0.9043945  -6.857129   6.861914
-0.3349609  -6.541308   6.794922
-0.8565429  -6.660937   6.957617
-1.205859  -6.014941   7.383496
-1.488184  -5.981445   7.943359
-1.229785  -6.354688   8.402735
-1.071875  -6.359473   7.938574
-2.234668  -7.082031   7.885938
-2.052832  -7.125098   7.785449
-0.9666016  -6.761426   6.88584
-1.387695  -7.751953   6.412109
-2.268164  -7.35   5.584277
-2.363867  -7.474414   5.785254
-2.732324  -7.273438   6.732715
-2.689258  -7.120313   6.967187
-1.976269  -6.632226   6.72793
-1.8375  -7.038965   6.7375
-1.933203  -7.144238   7.49834
-1.449902  -7.105957   7.416992
-2.325586  -7.603613   7.163379
-2.531348  -7.378711   6.005371
-2.378223  -7.369141   5.024414
-2.435645  -7.440918   4.364062
-2.186816  -7.225586   4.804297
-1.890137  -7.110742   5.459863
-1.856641  -7.440918   5.569922
-1.478613  -7.364356   5.182324
-1.52168  -7.326074   4.823438
-1.100586  -7.598828   5.258887
-1.497754  -7.306933   4.555469
-1.808789  -7.369141   3.68457
-2.196387  -6.991113   3.828125
1.186719  -5.024414   8.082129
-2.397363  -8.397949   5.340234
-1.21543  -7.077246   5.50293
-1.870996  -7.426562   4.244433
-2.368652  -7.421777   3.51709
-1.981055  -7.105957   3.301758
-1.378125  -7.345215   4.531543
-1.177148  -7.799805   6.57002
-1.043164  -7.378711   7.455274
-0.736914  -6.904981   7.728027
0.05263672  -7.751953   7.560547
0.5550781  -7.866797   6.828418
0.8517578  -8.302246   5.981445
0.6507813  -7.995996   5.010058
0.5837891  -8.292676   4.574609
0.03828125  -8.785547   4.210938
0.05742187  -8.273535   4.076953
0.5837891  -8.397949   4.421484
1.191504  -8.986524   5.124902
1.36377  -8.972168   5.086621
1.134082  -8.718554   4.560254
1.06709  -8.718554   4.024316
0.8661133  -8.661133   3.880762
0.368457  -8.938672   4.263574
0.3780273  -8.656347   5.21582
0.1483398  -8.527148   6.11543
-0.4258789  -8.689844   6.665723
-1.105371  -8.077344   6.742285
-1.196289  -8.335742   6.349902
-1.043164  -8.249609   5.49336
-0.794336  -8.73291   4.828223
-0.4450195  -8.488867   4.340137
-0.3301758  -8.211329   3.895117
-0.9139649  -8.206543   4.105664
-1.741797  -8.082129   4.478906
-2.344727  -8.005567   5.459863
-4.526758  -6.378613   8.005567
-6.670508  -6.565234   9.594238
-5.077051  -6.488672   7.694531
-4.043457  -6.804492   5.885742
-2.684473  -7.426562   5.134473
-2.354297  -8.455371   5.129687
-2.138965  -7.550977   5.053125
-2.952441  -7.704102   4.976563
-4.210938  -7.651465   5.464648
-6.775781  -8.149121   6.474317
-5.612988  -7.397851   5.526855
-5.794824  -6.450391   4.766016
-6.72793  -5.330664   5.335449
-7.527051  -5.569922   6.881055
-7.273438  -5.785254   4.421484
-7.120313  -5.98623   4.469336
-7.149024  -5.297168   5.22539
-7.416992  -5.416797   5.35459
-8.12998  -5.732617   4.852149
-7.881152  -4.431055   4.143945
-8.340528  -4.74209   2.646191
-8.273535  -4.789941   3.019433
-8.766406  -4.091309   3.426172
-9.603808  -4.143945   2.378223
-10.34551  -3.612793   2.000195
-10.23066  -3.679785   2.363867
-10.34072  -3.550586   2.665332
-10.19717  -2.469141   2.497852
-11.1542  -2.875879   0.3158203
-13.05391  -1.717871   0.05263672
-12.51318  -1.713086   1.129297
-11.31211  -1.311133   1.933203
-10.77617  -0.5407227   0.7321289
-9.503321  -1.162793   -0.6747071
-8.718554  -1.770508   -2.473926
-8.560644  -1.851856   -3.258691
-8.73291  -2.435645   -3.942969
-7.914649  -2.483496   -3.856836
-7.847656  -3.789844   -3.110352
-8.685059  -3.110352   -4.115234
-7.876367  -3.904687   -4.521973
-7.842871  -3.775488   -5.077051
-6.168067  -3.191699   -6.498242
-5.632129  -2.703613   -7.364356
-4.799512  -3.048145   -7.19209
-3.84248  -2.74668   -5.900098
-3.66543  -2.603125   -4.957422
-3.919043  -2.45957   -5.268457
-0.9857422  -1.086231   -5.833106
1.282422  -1.823145   -9.967481
-3.459668  -1.68916   -10.07275
-3.244336  -2.081543   -8.000781
-3.167773  -2.196387   -7.364356
-2.861523  -1.68916   -7.335645
-3.646289  -1.593457   -8.641993
-4.354492  -1.268066   -8.795117
-4.679883  -1.287207   -7.952929
-4.90957  -0.4928711   -7.933789
-4.665527  -0.08134766   -8.058203
-3.488379  -0.004785156   -8.354883
-2.808887  0.153125   -8.866895
-2.899805  0.3541016   -9.455469
-3.35918  0.6842774   -9.8
-4.081738  1.062305   -10.28809
-5.287598  1.100586   -11.58965
-5.857031  1.033594   -12.24521
-6.201562  0.827832   -12.53711
-5.890527  0.6938477   -12.27393
-4.76123  0.5694336   -11.81455
-3.598438  0.4976563   -10.59434
-1.296777  1.162793   -9.249707
-1.82793  0.6316406   -8.216113
-2.59834  2.129395   -7.555762
-4.727735  1.966699   -7.445703
-6.617871  2.033691   -6.632226
-6.818848  0.8565429   -6.455176
-6.924121  0.7895508   -6.144141
-7.235156  0.8948242   -3.631934
-6.675293  0.5550781   -0.7991211
-13.18789  0.5646484   2.732324
-9.637304  -1.397266   1.272852
-6.321191  -0.5885742   4.785156
-6.28291  0.1339844   5.445508
-5.632129  1.545605   6.555664
-8.536718  0.30625   7.708887
-7.732812  -0.01435547   7.871582
-7.747168  -0.06699219   7.096387
-7.976855  0.4163086   6.254199
-7.995996  0.703418   5.775683
-7.541406  0.7608398   6.321191
-6.436035  0.9761719   7.249512
-5.340234  0.8613281   8.10127
-4.641602  1.191504   8.905176
-3.679785  1.583887   10.12061
-2.938086  2.172461   11.0585
-2.995508  1.492969   11.49395
-3.172559  1.569531   11.36953
-3.440527  7.302148   10.78574
-4.646387  1.492969   10.40771
-3.909473  1.378125   9.599024
-3.091211  0.9570313   9.881348
-3.325684  0.7560547   10.50342
-4.024316  1.416406   9.972265
-3.0625  0.8039063   8.407519
-3.785058  1.512109   4.158301
-3.21084  2.158105   8.589355
-2.502637  0.03828125   9.823926
-1.134082  0.4450195   12.00117
-3.186914  0.8421875   10.26416
-2.29209  1.052734   8.986524
-3.493164  1.713086   8.307032
-3.770703  1.306348   9.603808
-3.234766  0.3875977   9.64209
-2.732324  -0.3493164   9.015234
-2.75625  -1.119727   8.780762
-0.6651367  1.311133   9.115723
-0.8852539  1.435547   10.23066
-2.076758  0.827832   10.65654
-1.780078  1.05752   10.10147
-2.028906  1.301563   9.627734
-1.789648  0.2249023   9.374121
-0.4498047  0.5263672   9.675586
-2.052832  1.890137   9.967481
-0.6699219  1.813574   9.302343
1.335059  1.244141   9.613379
-0.03828125  0.07177734   12.42705
1.909277  -0.1339844   10.74268
3.20127  0.8756836   10.55127
2.335156  1.038379   9.149219
3.167773  1.717871   8.536718
3.732422  1.37334   9.259277
3.579297  0.7129883   9.082227
2.397363  1.038379   9.866992
2.985938  1.579102   10.39814
3.407031  1.866211   10.81924
2.727539  0.7847656   10.00576
1.550391  0.7512695   8.350098
1.660449  0.5120117   6.306836
0.3780273  0.2536133   8.407519
-0.3828125  0.01435547   10.23066
-1.043164  0.09091797   10.58955
-3.148633  -1.885352   11.80977
-1.866211  0.1244141   13.17832
2.737109  2.531348   9.139648
-0.794336  -0.6747071   13.14004
-2.674902  0.0765625   11.34082
-5.22539  -0.7129883   5.005273
1.569531  -2.387793   4.919141
-0.2105469  -4.469336   8.220899
-3.383106  1.201074   7.105957
-8.235254  1.325488   7.780664
-10.50342  0.4163086   4.201367
-9.326269  -0.8326172   5.043555
-5.053125  -0.4354492   8.522364
1.205859  -4.12959   7.613183
2.938086  2.411719   9.407618
1.693945  -2.220313   12.88164
-3.249121  -1.732227   14.2167
-3.134277  -0.1626953   10.04883
-3.158203  -1.84707   6.900195
-4.871289  -2.885449   7.617969
-5.36416  -2.253808   9.17793
-3.966895  -1.579102   9.522461
-3.804199  -1.23457   8.708984
-4.14873  -1.890137   9.144434
-3.713281  -2.583984   9.240137
-3.349609  -3.306543   9.704297
-2.234668  -2.918945   7.775879
-2.354297  -2.995508   7.799805
-1.69873  -1.244141   8.292676
-1.124512  0.1961914   8.938672
-1.263281  0.3445312   10.39336
-0.8996094  -0.02871094   10.98672
-0.9139649  -0.0430664   10.91016
-1.081445  0.3541016   10.47949
-1.488184  0.06220703   10.47471
-2.100684  -0.3445312   8.321386
-2.564844  -0.8039063   8.450586
-2.062402  -0.4641601   9.058301
-3.005078  -0.9091797   9.421972
-3.976465  -0.980957   9.283203
-2.722754  -0.8230469   10.04404
-2.92373  -1.071875   10.98193
-1.430762  0.8374023   10.35029
-0.6555664  1.918848   8.862109
-0.5646484  0.8230469   9.618164
-1.167578  -0.2679687   9.977051
-1.990625  -0.8756836   9.833496
-2.167676  -0.8374023   8.814258
-2.186816  -1.68916   7.555762
-1.641309  -0.8804687   7.713672
-1.07666  -1.492969   8.828613
-0.1818359  -0.4545898   9.393262
-0.368457  -0.8039063   9.211426
0.8230469  0.4976563   9.694727
1.957129  1.153223   10.72354
1.856641  0.9618164   10.96758
1.024023  0.3541016   9.599024
1.358984  1.8375   9.685156
0.02392578  -0.01914063   7.598828
1.756152  0.9283203   6.364258
3.923828  2.249023   7.531836
2.670117  2.258594   8.761621
4.837793  2.406934   9.388476
4.775586  2.057617   9.02959
4.679883  1.665234   8.10127
3.713281  2.435645   6.852344
3.947754  1.880566   6.321191
4.962207  2.330371   7.254297
6.976758  3.349609   8.053418
5.21582  3.067285   8.694629
4.392774  2.387793   7.383496
4.660742  2.306445   5.96709
7.890723  2.45957   3.296973
9.742579  3.005078   5.445508
9.914844  3.301758   7.273438
9.154004  4.005176   7.407422
8.771192  4.282715   6.244629
7.019824  3.469238   4.478906
6.986328  2.411719   4.464551
7.407422  1.378125   5.211035
9.718653  1.07666   3.35918
9.326269  3.320899   -4.27793
12.35049  6.110644   -2.091113
9.62295  4.210938   4.316211
9.723437  2.789746   4.655957
9.225781  1.291992   1.856641
10.35029  2.076758   0.2009766
10.74746  2.464355   0.1387695
10.03447  2.435645   0.3397461
9.450684  2.74668   -0.05742187
9.919629  3.048145   -1.21543
10.09189  2.784961   -1.473828
9.010449  2.033691   0.1914063
8.106054  1.095801   6.522168
9.015234  0.2009766   -0.1579102
8.828613  -0.1483398   -6.818848
9.000879  2.521777   0.004785156
10.06318  2.507422   2.306445
9.326269  2.445215   1.607813
8.862109  1.98584   1.191504
8.244824  2.670117   -0.07177734
9.560742  2.387793   -0.5120117
10.75703  1.885352   -1.378125
10.54648  1.421191   -1.473828
9.63252  -0.09091797   -1.708301
8.943457  -0.5742188   -1.344629
8.651563  -0.1961914   -0.9235352
9.64209  1.918848   4.502832
9.508105  1.713086   -0.5359375
9.804785  1.21543   -0.5167969
8.737696  -2.938086   -2.794531
9.144434  -1.617383   -0.8182617
6.952832  -5.105762   -2.138965
10.32637  0.215332   -2.335156
12.10166  0.5024414   -1.129297
10.98193  0.04785156   -0.07177734
10.89102  -1.07666   0.01914063
10.02012  -1.37334   -0.7464844
9.292773  -3.081641   -1.268066
8.680273  -3.794629   -0.9857422
8.039063  -4.076953   -0.3158203
8.077344  -4.043457   -0.06220703
7.345215  -2.985938   0.09091797
7.737597  -0.6699219   0.5981445
9.359766  -2.832813   0.2583984
9.426758  -2.650977   -1.794434
9.488965  -5.311523   -0.4928711
8.828613  -5.880957   0.4258789
9.536817  -3.99082   1.354199
9.182714  -4.58418   2.698828
6.919336  -6.230273   1.655664
7.354785  -8.527148   3.124707
7.168164  -8.436231   1.339844
6.603516  -2.244238   3.627148
7.838086  -2.004981   3.158203
7.287793  -5.03877   2.832813
8.26875  -6.89541   2.91416
8.522364  -7.35   3.172559
9.80957  -7.431348   2.191602
8.756836  -7.062891   2.014551
7.364356  -5.464648   1.780078
4.153516  -4.201367   1.52168
6.847558  -4.655957   2.722754
6.287695  -5.833106   1.808789
4.766016  -6.43125   2.92373
5.857031  -7.50791   3.895117
5.689551  -7.943359   2.30166
5.550781  -6.924121   2.29209
5.062696  -6.574805   2.770606
7.158594  -7.077246   4.14873
5.04834  -7.632324   3.555371
5.799609  -8.680273   4.072168
7.139453  -7.871582   5.555566
9.230566  -6.397754   7.120313
8.000781  -4.474121   8.196973
4.943067  -3.82334   7.235156
2.842383  -4.067383   14.8627
9.015234  -2.717969   10.94844
12.3792  -4.210938   8.417089
9.450684  -3.182129   5.04834
7.029395  -3.37832   3.483594
7.64668  -2.067188   3.938184
5.699121  -2.205957   4.636817
5.96709  -2.45957   5.723047
5.077051  -2.028906   5.991015
5.842676  -2.277734   6.986328
4.708594  -2.91416   8.196973
7.029395  -2.952441   10.67568
0.1339844  -3.569726   8.953028
3.689355  -2.90459   9.115723
3.100781  -3.22041   7.04375
8.11084  -2.962012   7.914649
5.330664  -1.583887   7.335645
2.081543  -2.445215   5.459863
2.138965  -2.837598   5.014844
2.703613  -3.115137   5.455078
3.253906  -2.90459   5.402442
3.478809  -0.9618164   6.077148
3.574512  0.5120117   8.73291
8.149121  1.732227   26.58633
3.344824  -5.153613   5.230176
5.392871  -8.000781   13.25967
5.321094  -6.507813   9.063086
4.474121  -2.387793   5.636914
5.656054  0.4498047   6.665723
4.708594  -0.8565429   6.7375
2.828027  -2.708398   10.46992
3.067285  -3.167773   12.04902
2.976367  -2.306445   9.747363
4.029101  -0.2583984   6.325976
2.378223  0.4928711   3.574512
3.942969  0.2775391   8.139551
2.201172  -0.794336   10.27852
-0.5981445  -1.574316   11.78105
0.9666016  -1.741797   9.761719
2.971582  -0.4880859   7.254297
4.684668  1.655664   6.608301
4.837793  1.301563   9.158789
4.306641  1.148438   10.0584
1.67002  1.220215   11.51787
-0.5311524  0.4402344   12.51318
0.01435547  -0.153125   10.94844
0.6890625  0.2918945   9.125293
1.612598  0.02871094   9.278418
0.4163086  -1.004883   10.74268
-0.4545898  -2.014551   12.02031
-0.1722656  -1.397266   12.20215
1.205859  -0.3875977   10.47471
2.229883  0.7991211   8.321386
2.90459  1.512109   8.512793
2.818457  2.004981   10.1876
1.870996  2.234668   10.50342
1.05752  2.603125   8.393164
0.9331055  2.804101   7.168164
0.2631836  3.014648   9.34541
0.1100586  1.143652   10.12539
0.8661133  0.5455078   11.56094
0.9426758  0.9857422   10.72832
0.2966797  1.961914   10.36465
1.004883  0.3349609   7.675391
1.330273  1.473828   8.622851
2.349512  2.74668   8.330957
2.981152  3.818555   8.924316
4.483691  2.794531   7.019824
2.569629  3.162988   14.9584
4.000391  0.3732422   8.603711
5.22539  -1.497754   7.9625
5.531641  -1.201074   9.240137
5.172754  -0.6268555   9.847852
5.115332  0.7082031   9.541601
5.292383  1.387695   9.460254
4.947852  1.416406   9.843066
4.770801  2.186816   10.10147
4.100879  3.545801   10.20195
3.928613  3.847266   9.761719
-34.23779  19.76748   20.6958
9.426758  2.488281   0.5455078
5.617774  3.904687   5.526855
4.120019  3.507519   6.517383
4.636817  1.818359   7.986426
5.019629  0.8661133   8.895605
5.20625  2.674902   9.63252
3.52666  2.985938   9.130078
4.234863  3.512305   6.924121
3.009863  3.095996   6.933692
4.43584  4.517188   7.65625
3.899902  4.785156   8.058203
2.741894  4.641602   6.646582
4.081738  4.392774   5.775683
5.359375  3.239551   9.33584
6.153711  3.000293   13.21182
5.646484  1.397266   9.555957
5.124902  3.091211   6.57959
4.340137  3.110352   5.847461
3.923828  3.124707   6.321191
4.526758  2.703613   7.436133
4.837793  2.516992   8.541504
4.588965  2.583984   8.412305
4.76123  3.306543   8.474512
5.340234  4.024316   7.527051
5.321094  2.957227   7.699317
5.952734  1.038379   8.192187
7.637109  1.574316   4.249219
2.91416  5.005273   4.794726
6.574805  3.541016   8.393164
6.153711  0.7560547   8.603711
6.354688  1.033594   8.25918
4.780371  1.708301   8.12041
4.210938  3.22041   7.50791
5.837891  3.651074   6.598731
7.235156  2.665332   6.43125
6.708789  2.823242   6.861914
5.780469  2.660547   8.909961
6.321191  2.641406   8.450586
5.402442  3.440527   7.407422
3.995605  3.311328   7.550977
4.100879  4.713379   7.402637
5.699121  3.091211   6.847558
6.311621  2.631836   6.081933
6.000586  2.086328   5.239746
6.689649  2.186816   5.675195
5.962305  2.339942   7.737597
5.129687  1.775293   7.885938
6.034082  1.914063   8.187403
6.44082  1.928418   7.369141
5.019629  2.737109   6.034082
5.904883  3.430957   5.110547
5.239746  4.187012   5.019629
5.813965  3.718066   6.373828
6.359473  3.148633   7.617969
7.19209  2.938086   9.340625
7.369141  2.808887   9.33584
6.469531  3.478809   6.335547
5.316308  3.962109   4.383203
5.35459  4.74209   3.507519
5.756543  4.775586   3.421387
7.21123  3.957324   5.177539
5.871387  3.100781   6.120215
6.943262  0.3349609   7.177734
6.498242  1.737012   7.369141
6.340332  2.789746   7.464844
6.775781  4.646387   5.962305
7.062891  5.541211   6.833203
7.354785  5.072266   5.95752
4.928711  1.37334   5.263672
4.091309  0.8565429   4.74209
7.512695  7.560547   8.871679
5.459863  4.387988   7.66582
5.373731  3.316113   8.488867
6.421679  2.75625   7.105957
5.909668  2.871094   5.565137
5.727832  4.057813   6.383399
7.364356  4.904785   6.828418
9.072657  5.407227   6.27334
8.460156  2.966797   5.139258
7.105957  2.851953   4.565039
6.412109  2.402148   7.924219
6.761426  6.775781   8.775976
6.043653  5.766113   7.627539
6.172852  4.407129   6.010156
6.837988  3.732422   4.722949
7.469629  3.263477   4.220508
7.048535  2.167676   3.947754
6.464746  3.095996   4.60332
6.512598  3.928613   5.593848
5.278028  4.799512   7.062891
4.397559  2.775391   6.297266
5.014844  2.75625   5.249316
5.746973  4.005176   5.163184
7.091601  6.526953   6.584375
6.89541  5.531641   6.349902
6.995898  5.292383   6.11543
6.531738  5.292383   5.708692
6.646582  5.100976   5.182324
7.675391  3.636719   4.27793
6.814063  2.172461   4.000391
7.608398  2.59834   3.387891
7.661035  3.081641   3.938184
7.503125  4.115234   4.407129
7.086816  5.100976   5.445508
6.809278  4.665527   5.95752
6.474317  4.301856   6.158496
6.593946  3.780273   4.60332
7.359571  3.397461   4.871289
7.751953  3.143848   4.876074
8.718554  2.469141   5.373731
9.63252  3.158203   5.311523
8.354883  5.029199   5.617774
6.742285  6.28291   5.321094
7.062891  4.617676   3.957324
6.646582  4.359277   3.550586
7.81416  4.952637   2.751465
8.531934  3.679785   2.435645
8.622851  1.478613   2.698828
8.685059  4.072168   3.636719
8.436231  3.344824   3.689355
8.953028  4.335351   3.909473
7.412207  7.637109   2.397363
7.584473  6.555664   2.627051
6.613086  6.278125   1.784863
6.675293  5.991015   1.564746
4.947852  4.976563   1.019238
6.75664  3.588867   0.2727539
7.110742  4.086524   -0.09091797
9.857422  4.813867   0.794336
11.20684  6.646582   2.995508
10.88623  8.283106   5.144043
9.1875  7.728027   4.74209
8.74248  4.684668   3.37832
7.306933  2.550488   1.971484
7.263867  1.37334   -1.000098
7.51748  -1.37334   -1.019238
8.235254  1.406836   -1.454687
9.905273  4.206152   -0.3397461
10.71396  6.58916   1.119727
10.57998  5.455078   2.770606
9.077441  3.741992   3.000293
8.613281  3.646289   3.005078
8.153906  3.957324   1.229785
7.881152  3.22041   -0.521582
7.919434  3.172559   -1.650879
8.694629  3.177344   -1.588672
9.000879  2.76582   -0.7273437
8.689844  1.961914   0.6842774
8.656347  1.598242   1.641309
9.106153  0.5263672   2.488281
10.2833  0.736914   3.426172
10.81445  1.000098   3.134277
9.752149  0.8134766   1.952344
8.886035  1.311133   1.368555
8.412305  1.842285   0.91875
8.417089  1.650879   0.5885742
8.455371  1.488184   1.009668
10.87666  1.966699   3.52666
10.4125  1.564746   1.684375
10.28809  2.105469   1.54082
9.488965  2.177246   1.153223
8.847754  2.081543   1.153223
8.426661  1.904492   0.8134766
8.527148  1.387695   1.081445
9.646875  1.325488   1.952344
10.45557  1.095801   2.215527
10.25937  0.521582   3.009863
9.914844  0.6125   2.469141
9.02959  1.138867   1.765723
8.718554  2.540918   1.823145
8.163477  2.966797   1.880566
8.029492  2.909375   1.722656
8.139551  2.942871   1.851856
8.192187  2.91416   2.038476
8.857325  2.31123   1.933203
8.909961  1.866211   1.641309
9.469824  1.770508   2.890234
10.0249  2.052832   3.579297
10.26895  1.942773   3.536231
10.16367  1.665234   3.172559
9.259277  0.4641601   3.588867
9.689941  -0.9091797   2.708398
9.895703  0.2823242   1.148438
9.996191  2.574414   1.325488
9.230566  3.196484   2.531348
8.933887  2.985938   3.68457
8.981738  2.234668   3.043359
8.943457  1.67959   2.732324
9.240137  1.928418   3.249121
9.115723  2.402148   3.100781
8.981738  2.875879   3.718066
8.536718  3.014648   3.474023
8.335742  3.024219   3.186914
8.460156  2.416504   2.981152
8.665918  1.937988   2.856738
9.374121  1.703516   2.521777
9.326269  2.14375   2.650977
9.063086  2.215527   3.0625
8.479297  2.287305   2.890234
8.034277  2.272949   3.282617
7.952929  2.000195   2.933301
8.905176  3.014648   3.474023
9.704297  3.794629   3.129492
9.517675  2.761035   3.148633
9.34541  2.387793   2.75625
8.632421  2.287305   2.789746
8.436231  3.014648   4.163086
8.905176  3.909473   4.675097
8.082129  4.502832   4.990918
9.1875  2.473926   2.875879
9.498535  1.196289   1.765723
9.646875  0.9522461   1.469043
9.460254  1.492969   1.631738
8.187403  1.674805   2.220313
7.97207  0.980957   1.277637
8.206543  1.071875   1.8375
9.17793  2.124609   1.851856
9.043945  2.871094   2.631836
8.441015  2.660547   2.488281
10.48428  0.7895508   1.478613
9.704297  0.1148437   1.009668
8.230469  -0.5933594   0.7991211
8.058203  -0.8182617   1.095801
8.469727  0.2249023   1.06709
9.431543  1.038379   1.081445
9.455469  1.550391   0.5359375
9.713867  2.545703   1.780078
10.14453  2.885449   1.82793
10.70439  2.325586   1.028809
10.69482  2.45957   1.167578
10.24023  1.990625   0.9761719
9.541601  0.9283203   0.3923828
9.096582  1.923633   0.2249023
9.235352  2.335156   0.7512695
8.708984  2.473926   0.8852539
7.278223  3.091211   -1.37334
8.546289  3.153418   0.2536133
9.957911  3.569726   0.4210938
12.86728  0.550293   3.52666
12.04424  1.248926   1.952344
11.38867  2.483496   1.732227
9.866992  1.69873   0.7082031
9.244922  1.67002   0.3397461
9.484179  1.952344   1.483398
9.498535  2.512207   1.229785
9.268847  2.421289   1.296777
8.75205  1.478613   1.478613
8.25918  1.033594   1.397266
7.871582  0.9139649   1.335059
9.077441  1.358984   1.325488
10.22109  0.91875   2.071973
9.761719  0.6316406   1.100586
10.18281  1.469043   2.081543
9.64209  1.105371   1.804004
9.589453  1.119727   1.37334
9.163574  2.373437   1.947559
9.287989  2.497852   2.115039
8.345312  2.784961   2.29209
8.397949  2.205957   1.765723
8.73291  1.804004   2.033691
8.900391  0.8039063   3.105567
9.254492  1.06709   2.196387
8.986524  0.7225586   2.100684
8.88125  1.119727   2.421289
8.981738  2.105469   3.301758
9.072657  1.856641   3.134277
9.254492  1.904492   2.665332
9.192286  2.650977   2.990723
9.79043  2.28252   2.971582
9.689941  0.91875   3.469238
9.589453  0.09570313   3.51709
10.27373  1.248926   4.866504
10.50342  1.277637   3.488379
9.417188  1.469043   4.024316
9.517675  1.368555   3.05293
9.254492  2.009766   3.804199
10.13018  2.44043   4.273145
10.46514  2.516992   3.81377
10.19238  2.397363   4.320996
10.4125  0.7895508   3.866406
9.666016  -0.30625   4.187012
9.929199  -0.4450195   3.215625
9.254492  -0.8708984   4.340137
9.407618  -2.100684   2.799316
9.364551  -0.4498047   4.526758
9.914844  0.4785156   4.177442
9.991406  -0.1387695   3.770703
10.40293  -0.5933594   4.100879
8.972168  -0.4210938   4.014746
8.168262  0.3014649   4.675097
8.474512  0.9043945   5.651269
7.842871  0.7704102   3.98125
6.794922  0.3588867   5.158399
5.641699  -0.1100586   5.665625
6.818848  -0.8948242   6.211133
7.890723  -1.306348   5.622559
8.0917  -1.717871   5.321094
7.062891  -3.110352   4.813867
5.545996  -2.650977   5.22539
5.464648  -1.306348   6.220703
5.191895  -0.3014649   7.326074
4.44541  -0.1483398   7.302148
4.833008  -0.4019531   7.512695
5.263672  0.3253906   7.771094
5.569922  -0.1004883   7.35
5.766113  -0.2344727   7.49834
5.694336  -0.6747071   7.168164
5.541211  -2.15332   6.565234
4.60332  -1.330273   7.03418
3.952539  -0.4880859   7.598828
3.737207  0.521582   8.307032
4.196582  0.2727539   8.11084
5.04834  0.7991211   8.551074
5.378516  1.019238   9.091797
5.129687  0.9857422   9.034375
4.067383  0.4689453   8.517578
2.976367  -0.215332   8.340528
2.74668  -0.8517578   8.244824
2.373437  -0.3301758   8.000781
1.607813  0.3301758   8.421875
0.6699219  0.9522461   8.972168
0.1148437  1.555176   8.708984
0.7751953  1.756152   8.948242
1.478613  1.933203   9.393262
3.014648  1.526465   9.063086
3.837695  2.014551   8.072558
3.258691  3.569726   9.096582
1.555176  4.43584   9.450684
0.2775391  4.493262   9.771289
0.02392578  4.464551   10.22588
-0.1004883  3.263477   10.09189
0.5694336  2.225098   9.823926
1.933203  2.071973   9.685156
3.301758  1.703516   8.503222
3.928613  3.119922   9.02002
3.66543  4.833008   9.64209
2.952441  5.67998   10.22109
2.454785  6.268555   10.34551
1.808789  5.100976   9.81914
1.043164  3.536231   9.359766
-0.08134766  2.325586   8.484082
-1.23457  2.579199   8.067774
-3.727637  4.053027   8.886035
-3.651074  5.689551   9.087011
-1.411621  6.053223   8.426661
0.4067383  7.187304   8.665918
2.603125  8.488867   9.321485
3.311328  7.952929   9.082227
1.751367  6.761426   8.675488
0.1291992  5.852246   8.665918
-0.5072266  5.086621   7.838086
-2.540918  6.235059   8.182617
-4.378418  7.254297   9.058301
-3.81377  8.12041   8.292676
-1.866211  8.173047   5.962305
0.9522461  8.632421   7.943359
2.177246  8.058203   8.26875
1.957129  6.632226   8.034277
1.081445  4.876074   7.546191
-0.1291992  4.42627   7.19209
-1.177148  4.971777   7.929004
-2.579199  6.225488   8.311816
-4.431055  6.593946   8.106054
-4.421484  6.330762   7.402637
-3.780273  6.383399   7.235156
-2.392578  5.641699   6.239844
0.4689453  6.249414   6.660937
2.277734  7.029395   8.067774
1.378125  6.436035   8.158691
3.22998  4.58418   6.498242
-7.981641  7.19209   8.216113
-5.857031  4.263574   7.732812
-4.512403  4.392774   7.330859
-1.8375  4.981348   7.254297
-0.5455078  5.579492   7.163379
0.3732422  5.833106   8.397949
-0.2057617  6.311621   8.938672
1.449902  6.335547   9.230566
0.7704102  4.297071   8.790332
-5.445508  0.2249023   -1.550391
-5.03877  1.607813   6.330762
-4.699023  2.13418   6.57002
-4.665527  2.430859   7.158594
-4.005176  4.799512   7.799805
-2.971582  4.775586   8.397949
-3.029004  5.345019   9.297559
-3.445313  5.091406   8.996094
-3.617578  3.20127   8.168262
-5.014844  1.320703   6.924121
-5.790039  1.435547   7.153809
-5.761328  1.760937   7.694531
-4.622461  2.555274   7.771094
-4.316211  3.555371   8.196973
-4.320996  4.105664   8.412305
-4.684668  4.086524   8.962598
-4.43584  3.488379   8.708984
-4.325781  3.086426   8.622851
-4.268359  2.339942   8.450586
-4.196582  1.502539   8.192187
-4.474121  1.38291   7.943359
-4.842578  1.626953   8.230469
-4.536328  2.100684   8.125196
-4.182227  2.277734   8.062988
-3.722852  2.545703   8.292676
-3.450098  2.497852   8.316602
-3.584082  1.990625   8.27832
-3.732422  1.990625   8.177832
-3.234766  1.722656   8.206543
-3.273047  1.923633   8.479297
-3.009863  1.789648   9.02002
-3.861621  1.650879   8.254395
-4.60332  1.282422   7.842871
-4.27793  1.660449   8.206543
-3.727637  1.98584   8.062988
-3.636719  2.268164   8.0917
-3.727637  2.44043   8.397949
-3.99082  2.100684   8.680273
-4.081738  2.091113   8.58457
-4.014746  2.048047   8.594141
-4.182227  1.784863   8.656347
-4.14873  1.693945   8.541504
-4.608106  1.617383   8.316602
-4.971777  1.660449   8.397949
-4.632031  1.918848   8.431445
-4.2875  2.416504   8.546289
-4.651172  2.727539   8.780762
