-0.5487805  0   -0.8536586
-0.7317073  -0.1829268   -0.9146342
-0.6707317  0.06097561   -0.7926829
-0.4878049  0.1219512   -0.8536586
-0.9146342  -0.1219512   -0.8536586
-0.8536586  -0.2439024   -0.8536586
-0.6097561  0.1219512   -0.8536586
-0.4878049  0.1219512   -0.8536586
-0.6097561  -0.06097561   -0.9146342
-0.7926829  -0.4878049   -0.9146342
-0.6707317  -0.1829268   -0.7317073
-0.3658537  0   -0.8536586
-0.6097561  0   -0.9756098
-0.5487805  -0.3658537   -1.036585
-0.6097561  0.1219512   -0.7926829
-0.6097561  0.06097561   -0.7926829
-0.6707317  -0.3048781   -0.8536586
-1.097561  -0.1219512   -0.8536586
-0.4268293  -0.1829268   -0.7926829
-0.5487805  0.3658537   -0.8536586
-0.6707317  -0.06097561   -0.7926829
-0.6097561  -0.1219512   -0.9146342
-0.7926829  0   -0.9756098
-0.6097561  0.1219512   -0.9146342
-0.5487805  -0.1829268   -0.8536586
-0.7926829  -0.2439024   -0.8536586
-0.7317073  -0.1219512   -0.9146342
-0.5487805  0.1829268   -1.036585
-0.5487805  -0.1829268   -0.9756098
-0.7926829  -0.3048781   -0.7317073
-0.6097561  -0.06097561   -1.097561
-0.4878049  0.06097561   -1.036585
-0.6097561  -0.1829268   -0.9146342
-0.7317073  -0.06097561   -0.7926829
-0.6097561  0.06097561   -0.9756098
-0.6707317  0.2439024   -0.9756098
-0.6097561  0   -0.9756098
-0.7926829  -0.1829268   -1.036585
-0.7317073  0.06097561   -0.8536586
-0.4268293  0.2439024   -0.9146342
-0.5487805  -0.1219512   -0.9146342
-0.9756098  -0.3048781   -0.9756098
-0.7926829  -0.06097561   -0.9146342
-0.7317073  0.06097561   -0.9756098
-0.5487805  0.06097561   -0.8536586
-0.6097561  -0.3048781   -0.9756098
-0.9146342  -0.1219512   -0.8536586
-0.6707317  0.1829268   -0.7926829
-0.6097561  0.1219512   -0.9756098
-0.7317073  -0.1829268   -0.7926829
-0.6097561  -0.2439024   -1.158537
-0.8536586  -0.06097561   -0.9756098
-0.3658537  0   -0.9146342
-0.7317073  -0.1829268   -0.9146342
-0.7926829  -0.1219512   -0.9146342
-0.7926829  -0.06097561   -0.7926829
-0.7317073  -0.06097561   -0.9756098
-0.7926829  -0.1219512   -0.8536586
-0.9146342  -0.2439024   -0.7926829
-0.6707317  0   -0.7926829
-0.6097561  -0.06097561   -0.7926829
-0.7317073  -0.1219512   -0.9146342
-0.7926829  -0.1829268   -1.036585
-0.7926829  0.1219512   -0.7926829
-0.5487805  0   -0.9756098
-0.7317073  -0.4268293   -0.9756098
-0.9146342  -0.1219512   -0.9146342
-0.6707317  0.1219512   -0.9146342
-0.6097561  0.06097561   -0.9146342
-0.8536586  -0.1829268   -0.9756098
-0.7317073  -0.3048781   -0.8536586
-0.6707317  -0.06097561   -0.7317073
-0.7317073  0.06097561   -0.9756098
-0.8536586  -0.2439024   -0.9146342
-0.6097561  -0.1219512   -0.9756098
-0.5487805  0.1219512   -0.7317073
-0.4878049  0.06097561   -0.9146342
-0.4878049  0   -1.036585
-1.097561  -0.1829268   -0.7317073
-0.6707317  -0.1219512   -0.9146342
-0.5487805  0.1219512   -0.9756098
-0.9146342  0.06097561   -0.8536586
-0.8536586  -0.1829268   -0.7926829
-0.6707317  0   -0.8536586
-0.6097561  0.1219512   -0.7926829
-0.6097561  -0.2439024   -1.097561
-0.7926829  -0.06097561   -0.8536586
-0.6707317  0.06097561   -0.7926829
-0.5487805  0.1219512   -0.8536586
-0.6707317  -0.1219512   -0.9146342
-0.7317073  -0.06097561   -0.8536586
-0.7317073  -0.06097561   -0.8536586
-0.4878049  0.1219512   -0.8536586
-0.9756098  0   -0.8536586
-0.7926829  -0.3658537   -0.9146342
-0.6707317  -0.06097561   -0.7926829
-0.5487805  0.1219512   -0.8536586
-0.7317073  -0.2439024   -0.9756098
-0.7926829  -0.3048781   -0.8536586
-0.7926829  0   -0.8536586
-0.6707317  0.06097561   -0.7926829
-0.8536586  -0.1219512   -0.9756098
-0.9146342  -0.5487805   -0.7926829
-0.8536586  -0.06097561   -0.7317073
-0.7317073  0.3048781   -0.7926829
-0.6097561  -0.06097561   -0.9146342
-0.9756098  -0.1219512   -0.9756098
-0.7317073  0   -0.9756098
-0.3658537  0.3048781   -0.9756098
-0.6097561  -0.1219512   -0.7926829
-0.7926829  -0.3048781   -0.9756098
-0.6707317  0.06097561   -0.8536586
-0.7926829  0.06097561   -0.9756098
-0.7317073  0   -1.097561
-0.7317073  -0.2439024   -1.036585
-0.9146342  -0.1829268   -0.7926829
-0.7317073  0   -0.9756098
-0.6097561  -0.06097561   -0.7926829
-0.6097561  -0.1219512   -0.8536586
-0.7317073  0   -0.9146342
-0.4878049  0   -1.097561
-0.6707317  0   -0.9756098
-0.6707317  -0.1829268   -0.9146342
-0.6707317  0.06097561   -1.036585
-0.6097561  0.1219512   -0.8536586
-0.7926829  -0.3048781   -0.8536586
-0.7317073  -0.1829268   -0.9756098
-0.7317073  0.06097561   -0.8536586
-0.5487805  0.2439024   -0.9756098
-0.6097561  -0.1219512   -0.9146342
-0.7317073  -0.1219512   -0.9756098
-0.7926829  -0.06097561   -0.8536586
-0.4878049  0.06097561   -0.7317073
-0.5487805  0   -0.7317073
-0.7926829  0   -0.9146342
-0.7317073  -0.1219512   -0.8536586
-0.6707317  0   -0.8536586
-0.6707317  0.06097561   -0.9756098
-0.6707317  -0.2439024   -0.8536586
-0.6707317  0.06097561   -0.9756098
-0.6707317  0.3658537   -0.8536586
-0.5487805  0.06097561   -1.036585
-0.7926829  -0.1829268   -0.7926829
-0.7926829  -0.1829268   -0.8536586
-0.7317073  -0.06097561   -0.9756098
-0.6707317  0   -0.9146342
-0.7317073  -0.06097561   -0.9756098
-0.6707317  0   -0.9146342
-0.7926829  -0.06097561   -0.7926829
-0.8536586  0.06097561   -0.7926829
-0.8536586  -0.1219512   -0.9756098
-0.6707317  -0.1829268   -1.036585
-0.6707317  0.1219512   -0.9756098
-0.4878049  -0.06097561   -0.9146342
-0.6097561  -0.06097561   -0.7926829
-1.158537  -0.06097561   -0.9146342
-0.7317073  -0.3048781   -0.8536586
-0.5487805  -0.06097561   -0.9756098
-0.6707317  -0.3048781   -0.8536586
-0.7317073  -0.06097561   -0.9756098
-0.4878049  0   -0.8536586
-0.8536586  -0.1219512   -0.9146342
-0.9756098  -0.3048781   -0.7317073
-0.7926829  -0.1219512   -0.8536586
-0.7926829  0   -0.8536586
-0.7317073  0.06097561   -1.036585
-0.6707317  -0.2439024   -0.9146342
-0.7926829  0.06097561   -1.036585
-0.9146342  0.1219512   -0.9146342
-0.6707317  -0.1829268   -0.9146342
-0.4878049  -0.1829268   -0.7926829
-0.7317073  -0.2439024   -0.9146342
-0.4878049  0   -0.8536586
-0.6707317  -0.06097561   -0.9756098
-0.9756098  -0.1829268   -1.097561
-0.7317073  -0.1829268   -0.9146342
-0.4878049  0.06097561   -1.036585
-0.7317073  0.06097561   -1.036585
-0.7926829  -0.1829268   -0.9146342
-0.8536586  -0.1829268   -0.7926829
-0.5487805  0.06097561   -0.8536586
-0.9146342  -0.06097561   -0.9146342
-0.6097561  -0.1829268   -0.9756098
-0.7317073  0.1219512   -0.9146342
-0.5487805  0.2439024   -0.8536586
-0.7317073  -0.06097561   -0.7317073
-0.6707317  -0.06097561   -0.9756098
-0.8536586  -0.1219512   -0.7317073
-0.5487805  0.1219512   -0.9756098
-0.6707317  0.06097561   -0.9756098
-0.7926829  -0.1829268   -0.9146342
-0.6097561  -0.2439024   -1.036585
-0.7926829  0.3048781   -1.036585
-0.7317073  0   -0.9146342
-0.4878049  0.1219512   -0.9756098
-0.7317073  -0.1219512   -0.7926829
-0.7317073  0.06097561   -0.8536586
-0.6707317  -0.1219512   -0.8536586
-0.8536586  -0.3048781   -0.6707317
-0.7926829  -0.1219512   -1.036585
-0.6097561  0.1829268   -0.8536586
-0.1533536  -0.1865854   0.05030471
-0.1533536  -0.003658526   0.05030471
0.09054881  0.2402439   0.1112803
-0.03140241  0.05731709   -0.0106709
0.0295732  -0.06463414   -0.1935977
0.0295732  -0.1865854   -0.07164651
-0.2143292  -0.06463414   0.05030471
0.0295732  0.1792683   -0.2545733
0.2125  -0.1256098   -0.1326221
-0.09237802  -0.1865854   -0.07164651
-0.03140241  -0.06463414   -0.1935977
-0.03140241  -0.06463414   -0.1326221
0.2125  -0.06463414   -0.1326221
-0.2143292  -0.003658526   0.05030471
0.09054881  -0.003658526   -0.0106709
0.0295732  0.2402439   0.1112803
-0.03140241  -0.003658526   -0.07164651
0.0295732  -0.1865854   -0.07164651
0.1515244  0.05731709   -0.0106709
-0.03140241  0.1182927   0.05030471
0.09054881  -0.06463414   0.05030471
0.09054881  -0.247561   -0.0106709
-0.2143292  -0.1865854   -0.07164651
-0.2143292  -0.247561   0.05030471
0.1515244  0.1792683   -0.0106709
-0.03140241  -0.1256098   -0.07164651
0.0295732  -0.1256098   -0.1326221
-0.1533536  -0.1256098   -0.0106709
0.1515244  -0.06463414   0.05030471
-0.3362804  -0.003658526   0.05030471
-0.03140241  -0.003658526   -0.07164651
-0.2143292  0.1182927   -0.0106709
0.09054881  0.2402439   -0.0106709
0.09054881  -0.1256098   0.05030471
0.0295732  -0.003658526   0.05030471
0.0295732  -0.003658526   -0.07164651
0.1515244  0.05731709   -0.0106709
-0.03140241  0.1792683   -0.0106709
-0.1533536  -0.1256098   -0.07164651
-0.09237802  0.1182927   0.1112803
0.1515244  0.05731709   0.1722559
-0.03140241  0.05731709   0.05030471
-0.03140241  -0.06463414   -0.07164651
0.1515244  0.2402439   -0.0106709
0.2125  0.05731709   -0.0106709
-0.03140241  -0.06463414   -0.0106709
-0.09237802  -0.247561   0.05030471
-0.03140241  -0.1865854   -0.07164651
0.2125  -0.003658526   -0.0106709
0.09054881  -0.003658526   -0.0106709
-0.03140241  0.05731709   0.1112803
0.0295732  0.1182927   -0.1326221
-0.1533536  -0.003658526   -0.07164651
-0.03140241  -0.003658526   0.05030471
-0.1533536  -0.1865854   -0.07164651
0.1515244  -0.06463414   -0.0106709
-0.03140241  0.05731709   0.1722559
0.0295732  -0.1256098   0.1722559
-0.2143292  -0.1256098   -0.07164651
-0.09237802  -0.06463414   -0.0106709
0.0295732  0.1182927   -0.1326221
0.1515244  -0.1865854   0.05030471
-0.09237802  -0.003658526   -0.0106709
-0.2753049  -0.003658526   -0.07164651
0.09054881  0.05731709   -0.0106709
0.0295732  -0.06463414   -0.07164651
-0.2753049  -0.1865854   -0.0106709
0.0295732  -0.003658526   -0.07164651
0.1515244  0.3012195   0.05030471
0.0295732  -0.06463414   -0.07164651
-0.03140241  -0.247561   0.05030471
0.0295732  -0.06463414   0.1112803
-0.09237802  0.2402439   -0.1935977
0.09054881  -0.003658526   0.05030471
-0.2143292  -0.247561   -0.0106709
-0.3972561  -0.06463414   -0.07164651
0.1515244  0.05731709   -0.0106709
0.1515244  0.2402439   0.05030471
0.1515244  -0.003658526   -0.0106709
-0.2753049  -0.4914634   -0.07164651
-0.2753049  -0.06463414   0.1112803
-0.2143292  0.3012195   -0.0106709
0.09054881  0.1792683   0.05030471
0.09054881  -0.1865854   -0.0106709
-0.2143292  -0.06463414   -0.0106709
-0.2143292  -0.1256098   -0.1935977
-0.09237802  -0.1256098   -0.1326221
-0.1533536  0.05731709   0.05030471
-0.03140241  0.1182927   -0.0106709
0.1515244  0.05731709   -0.07164651
-0.09237802  -0.3085366   0.05030471
0.0295732  -0.003658526   0.05030471
-0.09237802  0.1792683   -0.07164651
0.0295732  0.05731709   0.05030471
-0.09237802  0.05731709   0.1722559
0.09054881  0.05731709   0.1112803
0.0295732  0.2402439   -0.0106709
0.0295732  -0.06463414   0.05030471
-0.1533536  -0.06463414   -0.07164651
-0.2143292  -0.003658526   -0.0106709
-0.09237802  0.3012195   -0.07164651
0.2734756  -0.06463414   -0.1326221
0.0295732  -0.1256098   -0.0106709
-0.09237802  -0.06463414   -0.07164651
0.09054881  0.1182927   -0.0106709
0.2125  0.1792683   0.1722559
-0.03140241  0.05731709   0.05030471
-0.2143292  -0.1256098   -0.07164651
0.09054881  -0.003658526   -0.0106709
-0.1533536  0.2402439   0.05030471
0.2125  -0.003658526   -0.0106709
0.2125  -0.06463414   0.1112803
-0.09237802  0.1182927   -0.1935977
0.09054881  -0.06463414   -0.07164651
-0.2143292  -0.003658526   0.05030471
-0.1533536  0.05731709   -0.1935977
0.0295732  0.1182927   0.05030471
0.0295732  -0.003658526   -0.1935977
0.0295732  -0.003658526   -0.0106709
-0.2753049  -0.247561   0.05030471
0.09054881  0.1792683   -0.0106709
0.2125  0.05731709   -0.1326221
-0.03140241  -0.1256098   -0.0106709
-0.1533536  -0.1256098   -0.07164651
-0.09237802  0.1792683   -0.0106709
0.1515244  0.1182927   -0.1326221
0.2125  -0.247561   -0.0106709
-0.03140241  -0.003658526   0.05030471
0.3344513  -0.06463414   -0.1935977
0.2125  0.05731709   -0.0106709
-0.03140241  0.05731709   -0.315549
0.2734756  -0.3085366   0.05030471
-0.1533536  -0.003658526   0.05030471
0.2734756  -0.003658526   -0.0106709
-0.1533536  -0.06463414   -0.0106709
0.0295732  -0.1865854   0.1112803
0.5173781  -0.06463414   0.1112803
0.09054881  -0.06463414   0.05030471
0.3954269  -0.06463414   0.05030471
-0.03140241  -0.1256098   -0.07164651
-0.03140241  0.1792683   0.1112803
0.2125  0.3012195   0.1112803
-0.03140241  -0.06463414   0.05030471
-0.2143292  -0.1256098   -0.0106709
0.7003049  -0.1865854   -0.07164651
-0.7631097  0.3012195   -0.0106709
0.5173781  0.05731709   0.2332315
-0.03140241  -0.06463414   0.05030471
-0.4582316  0.1792683   -0.07164651
0.5783537  -0.1865854   0.05030471
-0.03140241  -0.247561   -0.1935977
-0.1533536  -0.06463414   0.1112803
0.3344513  0.1182927   -0.0106709
-0.4582316  0.1792683   0.05030471
0.3954269  -0.3085366   -0.0106709
-0.1533536  -0.1256098   -0.0106709
0.2125  -0.003658526   0.05030471
0.09054881  0.3621951   -0.0106709
0.0295732  -0.06463414   -0.0106709
-0.1533536  -0.1865854   0.05030471
-0.1533536  0.1182927   -0.07164651
0.1515244  -0.003658526   0.1112803
-0.2753049  0.2402439   -0.07164651
0.5783537  -0.3085366   -0.1326221
-0.5192073  -0.06463414   -0.0106709
-0.1533536  0.1792683   0.05030471
0.09054881  0.3012195   -0.0106709
0.09054881  0.1792683   0.1112803
-0.5192073  0.1792683   -0.07164651
0.5173781  -0.3085366   0.05030471
-0.2753049  0.2402439   -0.0106709
0.0295732  -0.1256098   -0.0106709
-0.3362804  0.3621951   -0.0106709
0.2734756  0.3621951   -0.1326221
-0.2143292  -0.1256098   -0.07164651
-0.1533536  -0.4914634   0.05030471
0.1515244  0.1792683   -0.07164651
-0.3362804  0.4231707   -0.1935977
0.2734756  0.1792683   -0.07164651
-0.3362804  -0.06463414   -0.0106709
-0.09237802  -0.4304878   -0.0106709
-0.03140241  -0.1256098   0.1112803
0.1515244  0.2402439   -0.07164651
0.2125  0.2402439   0.05030471
-0.2143292  0.2402439   -0.0106709
-0.03140241  -0.003658526   0.1112803
-0.2753049  -0.003658526   -0.0106709
-0.2753049  -0.552439   -0.1326221
0.1515244  -0.06463414   -0.07164651
0.3344513  0.6060976   -0.07164651
-0.03140241  0.2402439   -0.0106709
-0.2143292  -0.1256098   -0.0106709
-0.2143292  -0.1865854   0.05030471
-0.03140241  -0.06463414   -0.0106709
-0.09237802  -0.003658526   0.05030471
0.0295732  -0.003658526   0.1112803
0.2125  0.3012195   0.1112803
0.3954269  -0.06463414   0.05030471
-0.2753049  -0.06463414   -0.0106709
-0.1533536  -0.1865854   -0.0106709
0.7612805  0.05731709   -0.07164651
-0.09237802  0.1792683   -0.07164651
0.09054881  -0.3695122   -0.0106709
-0.3972561  -0.06463414   -0.0106709
-0.1533536  -0.1256098   -0.07164651
0.4564025  0.05731709   -0.07164651
0.8832318  0.1182927   -0.0106709
-1.372866  0.05731709   -0.1935977
1.249085  -0.003658526   -0.07164651
-0.09237802  0.3621951   0.05030471
-14.42165  1.764634   -0.9253051
-14.97043  0.9109756   -0.8033538
-4.177744  -0.7353659   -0.07164651
3.566159  -1.710976   0.3551828
5.761281  -3.052439   0.2942072
5.334451  -2.381707   0.1722559
2.834451  1.093902   0.1722559
2.285671  2.923171   0.05030471
2.7125  0.545122   -0.0106709
1.249085  -1.284146   0.05030471
0.1515244  -0.3085366   0.2332315
1.675915  0.7890244   0.2332315
1.249085  0.7890244   0.1722559
0.9442074  0.1792683   -0.0106709
0.2125  -0.4304878   0.05030471
-0.4582316  -0.6134146   0.1722559
0.0295732  -0.1865854   0.05030471
0.3954269  -0.1865854   -0.0106709
0.0295732  0.2402439   0.05030471
0.3344513  0.2402439   -0.07164651
0.3954269  0.05731709   0.05030471
-0.2143292  0.1182927   -0.1326221
0.3344513  0.2402439   0.05030471
-0.2143292  0.1792683   0.1112803
-0.1533536  -0.1865854   -0.1326221
0.2125  -0.4304878   -0.0106709
-0.03140241  0.1182927   0.05030471
0.09054881  0.6060976   -0.07164651
0.7003049  0.4231707   0.05030471
-0.3362804  0.05731709   -0.1935977
-0.885061  -0.4914634   -0.07164651
-1.31189  -2.320732   -0.0106709
-7.714329  -11.71098   -0.4375002
-1.494817  -5.369512   0.5381096
3.566159  7.496342   1.208841
-0.6411585  1.520732   -0.0106709
-4.604573  -4.332927   -0.0106709
-4.7875  -0.7353659   -0.1935977
-2.348475  3.715854   0.1112803
-4.238719  2.252439   0.1112803
-7.2875  -0.6134146   0.05030471
-6.31189  1.459756   -0.1326221
-5.214329  2.252439   -0.1326221
-2.2875  1.032927   0.2332315
-0.5192073  0.3012195   0.05030471
-0.3362804  -0.06463414   -0.0106709
-1.128963  0.4841464   0.1722559
-7.043597  2.923171   -0.7423782
-2.226524  4.569512   -6.352135
-3.689939  2.191463   -9.644817
-7.592378  -2.808537   3.708841
-0.03140241  2.130488   31.51372
-3.446036  6.398781   46.14787
2.468598  3.593902   41.5747
3.444207  4.081707   25.59908
-0.8240853  -1.284146   4.074695
-5.580183  -5.186585   14.44055
-3.507012  1.337805   22.12348
3.017378  8.045122   12.73323
3.383232  5.789024   1.574695
-1.616768  0.9109756   -0.1326221
-2.165549  -3.540244   -0.0106709
-7.348475  -1.040244   -0.620427
3.566159  2.37439   3.221036
4.480793  4.874391   2.672256
2.468598  0.9719512   0.05030471
6.18811  -1.040244   0.8429877
1.249085  2.130488   9.135671
7.16372  9.264634   15.90396
14.11494  17.43537   14.62348
22.59055  23.16707   13.09908
14.9686  21.70366   11.75762
16.67591  18.89878   9.196646
4.114939  6.215854   7.245427
7.102744  0.6670732   0.6600608
9.053964  6.398781   -4.096037
6.371037  2.313415   -4.096037
9.968597  5.118293   -2.815549
7.346646  6.459756   -3.669207
3.200305  8.471951   -1.047256
1.371037  9.691463   -1.230183
-1.860671  7.740244   -3.120427
0.7612805  10.17927   -4.705793
1.858841  7.618293   -4.583842
-5.092378  14.20366   -4.522866
-7.165549  17.61829   -3.791158
-5.824085  17.8622   -2.144817
-3.385061  11.0939   -4.400915
7.16372  2.37439   -2.449695
8.505183  -12.32073   0.05030471
10.09055  -6.223171   -0.07164651
6.858841  1.886585   -0.07164651
3.992988  1.276829   -0.9862806
3.749085  -0.7963415   -6.900915
6.553964  -4.942683   -12.32774
1.553963  -16.95488   -15.74238
-3.202134  -13.29634   -20.49848
-7.2875  5.362195   -19.58384
-15.88506  31.0939   -20.25457
-13.38506  53.77683   -17.51067
-5.153354  59.14268   -7.998476
3.68811  43.77683   -0.1326221
16.98079  31.94756   -0.2545733
24.35884  31.82561   -0.4375002
10.94421  24.20366   -2.998476
10.51738  6.276829   -0.7423782
10.2125  -16.34512   6.391768
12.89543  -34.27195   13.03811
12.04177  -33.47927   9.989329
12.59055  -20.79634   9.440549
8.505183  -7.015853   5.050304
8.26128  -2.381707   -1.41311
1.249085  -14.75976   -3.425305
-1.007012  -23.60122   -5.010671
1.371037  -26.71098   -1.047256
-14.60457  -32.19878   -1.96189
-9.726524  -20.85732   -5.925305
1.127134  -7.259756   -7.205793
1.18811  -2.320732   -5.010671
12.83445  -7.259756   2.672256
17.10274  -18.60122   9.01372
19.54177  -30.00366   11.39177
20.33445  -27.93049   9.501524
14.66372  -18.17439   6.147865
8.383231  -13.11341   3.525914
10.2125  -15.30854   3.647866
9.846646  -25.06463   9.989329
3.444207  -33.72317   9.806402
7.956403  -32.80854   15.35518
29.05396  -29.51585   26.39177
34.78567  -37.50366   32.67226
28.07835  -52.19878   35.17226
13.81006  -60.49147   34.19665
3.932012  -59.02805   29.50152
2.468598  -47.86951   25.47713
-0.3972561  -35.36951   19.68445
-7.043597  -22.25976   18.22104
-5.641159  -8.967073   19.0747
-4.055793  -7.259756   18.52592
-6.738719  -15.91829   19.68445
-11.49482  -27.19878   19.13567
-5.824085  -30.67439   13.89177
-18.93384  -22.86951   13.28201
-14.97043  -20.79634   18.34299
-16.31189  -26.46707   24.01372
-20.76311  -25.73536   22.97713
-26.86067  -20.97927   20.29421
-22.5314  -12.74756   17.24543
-15.09238  -5.186585   16.26982
-9.299695  -1.832927   19.25762
-11.67774  -7.442683   19.50152
-7.958232  -16.04024   18.03811
-17.95823  -21.65   16.63567
-16.55579  -24.45488   16.20884
-8.628963  -26.8939   16.39177
-12.16555  -24.21098   14.01372
-20.82409  -12.38171   12.67226
-30.15335  -5.125609   12.42835
-30.39726  -6.406097   12.5503
-24.48262  -11.46707   12.48933
-18.20214  -10.91829   15.72104
-17.89726  -8.357317   17.0625
-8.507012  -5.918293   18.09908
3.139329  -7.442683   19.13567
2.224695  -15.36951   18.70884
-4.177744  -24.27195   16.87957
-2.83628  -30.55244   15.96494
-7.104573  -34.08903   19.13567
-5.580183  -34.15   20.23323
-1.494817  -29.45488   19.19665
-4.726524  -17.38171   19.68445
-0.6411585  -1.406098   17.67226
-4.482622  -0.7963415   16.8186
-9.848475  -10.73537   13.70884
-4.604573  -20.55244   13.22104
-1.128963  -25.61341   14.5625
-0.6411585  -26.58902   14.19665
-0.03140241  -28.47927   12.5503
1.127134  -29.69878   8.891768
0.7003049  -26.8939   6.513719
2.224695  -17.80854   4.379573
0.2734756  -10.30854   4.745427
4.968598  -9.210976   5.416158
4.602744  -16.65   4.379573
14.41982  -22.38171   7.0625
24.60274  -30.67439   9.01372
29.23689  -38.78415   9.440549
23.93201  -43.9061   9.196646
19.11494  -43.41829   2.733232
24.90762  -36.58903   -0.9862806
20.51738  -29.02805   -4.339939
12.4686  -24.82073   -7.876525
1.249085  -27.25976   -8.48628
-8.811891  -30.12561   -9.88872
-11.92165  -27.44268   -11.10823
-8.994817  -14.88171   -10.80335
-4.482622  -2.503659   -9.583841
9.236891  -2.137805   -7.022866
10.94421  -15.79634   -6.291159
7.346646  -27.1378   -6.535061
3.566159  -25.73536   -3.608232
-5.702134  -15.49146   -3.730183
-14.84848  -1.406098   -4.096037
-13.26311  11.70366   -4.461891
-8.080183  16.15488   -0.07164651
-4.970427  16.94756   -2.205793
-5.397256  17.92317   -5.376525
-2.531402  25.30122   -7.998476
-4.604573  32.49634   -10.80335
-11.61677  32.19146   -13.24238
-18.68994  31.39878   -14.82774
-24.5436  37.92317   -15.25457
-28.14116  46.39878   -14.58384
-28.14116  51.27683   -13.42531
-26.73872  52.80122   -12.51067
-14.72652  56.88659   -8.364329
-4.909451  57.06951   -1.778964
5.639329  54.14268   6.330792
11.49299  48.41097   12.67226
10.57835  35.6061   10.66006
2.529573  13.41098   5.172256
-5.824085  -3.357317   -0.315549
-9.055793  -3.723171   -3.669207
-9.116768  8.532927   -4.644817
-7.653354  22.00854   -6.474086
-12.7753  27.67927   -4.217988
-3.141158  25.24024   -2.876524
-1.007012  17.49634   -5.010671
-0.7631097  16.94756   -3.36433
3.383232  20.72805   -2.144817
-8.080183  14.75244   -0.9862806
-15.88506  11.15488   -4.096037
-8.872866  5.484147   2.001524
2.956403  -5.430488   4.806402
2.468598  -15.55244   2.855183
3.200305  -15.61341   1.513719
7.224695  -9.637805   1.208841
4.968598  -5.491463   1.635671
7.590549  -1.589024   6.879573
8.017378  4.020732   10.41616
2.590549  0.6670732   8.952744
-0.6411585  8.654878   -1.047256
10.94421  25.91098   -10.86433
14.11494  33.16707   -1.047256
11.85884  27.98415   4.623476
16.18811  27.31342   3.830793
19.54177  31.70366   3.099085
19.35884  34.50853   1.08689
22.59055  29.50854   -11.23018
23.93201  18.35   -22.26677
6.310061  -2.930488   -11.23018
-9.421646  -25.24756   -7.693598
-1.799695  -22.07683   -20.07165
-8.202134  -15.85732   -22.87652
5.700305  7.679268   -13.85213
4.114939  23.65488   -6.352135
3.627134  31.0939   -0.4984757
-2.714329  29.20366   3.464939
-2.165549  26.27683   -0.0106709
-5.519207  18.16707   -4.339939
-3.26311  10.42317   -5.803354
-2.714329  2.984146   -3.36433
-1.189939  -0.552439   1.757622
-4.848475  -5.369512   0.5381096
-11.31189  -7.503658   -3.486281
-18.50701  -2.930488   -3.791158
-20.39726  -2.442683   2.61128
-19.90945  -1.589024   6.63567
-16.7997  -2.503659   7.0625
-13.56799  -6.223171   5.842988
-9.726524  -0.8573171   2.123476
-6.738719  9.87439   -0.7423782
1.127134  26.15488   -18.60823
-2.165549  40.17927   -22.57165
-19.48262  34.20366   -18.36433
-31.00701  33.71585   -10.86433
-40.33628  34.87439   3.830793
-43.50701  29.56951   14.74543
-31.43384  7.862195   15.29421
-22.59238  -19.3939   5.903963
-16.67774  -34.21098   -2.144817
-10.58018  -35.43049   -7.754574
-4.7875  -34.57683   -10.92531
1.73689  -35.36951   -12.20579
-1.921646  -35.61341   -9.157013
-8.019207  -34.21098   -5.803354
-12.2875  -38.17439   -8.242378
-16.61677  -46.71098   -13.42531
-16.61677  -52.07683   -12.20579
-18.44604  -47.86951   -5.4375
-18.14116  -39.21098   -2.449695
-29.5436  -36.52805   -1.839939
-29.36067  -33.11341   -7.9375
-25.58018  -40.12561   -9.949696
-35.33628  -36.8939   -4.583842
-45.09238  -31.22317   16.94055
-42.59238  -32.99147   34.37957
-38.50701  -38.84512   38.40396
-38.99482  -49.82073   32.67226
-31.31189  -48.6622   25.23323
-16.00701  -39.57683   15.0503
-16.37287  -30.67439   10.0503
-21.73872  -30.36951   16.08689
-22.34848  -35.06464   11.26982
-14.5436  -47.07683   -2.266768
-8.567987  -59.69878   -10.13262
-7.226524  -60.30854   -8.242378
-6.128963  -48.41829   -1.169207
-6.616768  -35.55244   9.440549
-9.970427  -30.91829   16.51372
-14.84848  -34.75976   17.0625
-12.40945  -39.21098   7.550304
-6.921646  -38.05244   -1.535061
-5.824085  -39.82073   0.1722559
-10.21433  -35.43049   2.184451
-12.95823  -31.71098   5.416158
-10.39726  -31.77195   2.367378
-6.555793  -29.69878   1.452744
-9.055793  -22.50366   3.099085
-12.0436  -18.47927   7.0625
-16.61677  -24.15   12.36738
-21.43384  -33.72317   14.62348
-25.39726  -38.96708   14.86738
-26.18994  -38.78415   13.22104
-21.00701  -32.07683   9.196646
-9.543597  -25.61341   2.550305
-24.60457  -19.94268   4.745427
-14.90945  -15.49146   11.08689
-13.68994  -20.06463   5.903963
-17.22652  -29.02805   2.367378
-21.25092  -27.74756   3.464939
-23.32409  -23.54024   8.282012
-21.7997  -22.74756   12.36738
-15.70213  -14.82073   19.19665
-19.36067  -5.125609   20.0503
-16.61677  -24.08902   20.90396
-14.90945  -28.47927   18.28201
-11.92165  -15.43049   14.5625
-14.17774  -8.662195   13.34299
-17.10457  -17.25976   9.5625
-15.09238  -31.95488   1.757622
-12.95823  -39.63781   -4.217988
-12.34848  -36.22317   -5.071647
-12.71433  -28.9061   -2.38872
-15.39726  -25.79634   3.464939
-15.2753  -29.88171   5.294207
-14.36067  -37.38171   2.367378
-16.92165  -40.97927   -0.9862806
-16.49482  -39.88171   -4.88872
-16.31189  -37.07683   -6.900915
-7.958232  -31.58902   -11.90092
-2.531402  -26.52805   -13.12043
-18.50701  -3.296341   -10.13262
-12.34848  -0.7963415   -27.26677
-15.39726  -16.22317   -47.75457
-5.824085  -33.17439   -14.03506
-10.15335  -23.96707   4.501524
-14.90945  -12.19878   2.184451
-7.104573  -14.69878   4.074695
-6.372866  -22.1378   5.842988
-10.21433  -32.01585   8.464939
-12.0436  -24.51585   8.830792
-13.68994  -26.77195   4.928353
-14.23872  -39.33293   3.769817
-12.47043  -52.62561   -0.3765245
-21.61677  -64.14999   -2.876524
-29.36067  -77.25975   -7.693598
-33.99482  -89.57683   -14.03506
-38.75091  -90.91829   -17.51067
-36.18994  -80.06463   -13.48628
-25.2753  -69.94268   -16.77896
-19.72652  -62.38171   -19.15701
-18.75092  -60.30854   -15.25457
-18.56799  -62.86951   -17.08384
-0.8240853  -57.99147   -21.71799
3.810061  -62.07683   -25.80335
6.371037  -63.60122   -16.77896
-3.567988  -55.24756   -0.07164651
-6.921646  -58.11341   4.135671
-10.33628  -86.34512   -13.30335
-6.677744  -93.78414   -38.85213
-5.33628  -75.79634   -39.76677
-3.26311  -62.44268   -36.04725
5.700305  -63.78415   -16.04726
-4.970427  -74.14999   -4.766768
-10.39726  -113.7232   -6.108232
11.79787  -155.3085   -14.27896
10.57835  -181.772   -27.87652
-9.787499  -190.6134   -39.46189
-2.104573  -167.0159   -58.91311
8.566158  -125.9793   -64.33994
23.74908  -93.35732   -63.60823
30.88323  -79.6378   -57.9375
27.4686  -82.07683   -54.88872
22.10274  -100.7354   -52.81555
22.04177  -121.9549   -45.31555
36.67591  -95.61341   -42.32774
42.10275  -58.29634   -47.87652
57.89543  -63.96708   -54.40091
63.93201  -102.6866   -78.79116
56.31006  -131.8329   -107.2058
50.33445  -141.1012   -115.7424
25.82226  -122.9305   -107.3277
8.627134  -100.0646   -86.04726
6.005183  -86.04025   -53.12043
9.236891  -72.62561   -26.35213
11.85884  -58.17439   -18.12043
24.54177  -52.50366   -30.9253
45.2125  -63.47927   -46.71799
49.23689  -87.44268   -50.1936
38.26128  -106.8329   -47.99847
16.61494  -103.2354   -40.25457
16.98079  -93.60122   -39.21799
-4.665549  -79.14999   -51.10823
-25.94604  -79.14999   -72.99847
-24.23872  -90.91829   -69.64482
-26.18994  -86.77195   -28.48628
-48.93384  -33.47927   -16.10823
-77.71433  -42.19878   -9.522866
-36.31189  -76.52805   -6.169208
16.12713  -45.18659   -17.14482
43.44421  -6.954878   -37.99847
53.13933  6.886586   -41.59604
48.01738  6.581707   -35.25457
38.13933  -2.137805   -34.64482
10.7003  13.77683   -28.36433
11.43201  18.41098   -12.02287
-6.007012  14.56951   6.757622
-6.982622  15.42317   16.5747
-13.93384  13.28902   27.73323
-15.0314  21.52073   12.0625
-13.50701  20.3622   -12.26677
-6.128963  20.42317   -10.31555
-5.031402  28.16707   -6.474086
-5.33628  23.22805   -1.900915
-7.653354  11.3378   -1.230183
-24.17774  9.813415   -4.339939
-23.50701  7.313415   1.513719
0.7003049  20.78902   10.0503
19.48079  33.89878   -0.5594514
23.81006  36.27683   -30.55945
3.261281  26.94756   -49.46189
-20.76311  19.32561   -12.81555
-33.68994  12.49634   14.37957
-39.84848  14.32561   15.72104
-34.84848  4.813415   18.76982
-17.71433  14.38659   7.855183
-5.031402  32.98415   -10.25457
1.614939  37.49634   -26.53506
12.40762  32.13049   -30.31555
26.06616  32.00854   -18.97408
20.02957  40.48415   -10.31555
10.7003  45.30122   0.477134
7.956403  37.74024   5.721036
1.919817  38.35   6.391768
-9.177744  31.15488   -0.07164651
0.09054881  13.65488   -5.4375
-4.909451  12.13049   -7.144817
-11.31189  13.89878   -11.53506
-15.39726  12.19146   -13.12043
-18.44604  1.032927   -28.1814
-17.59238  7.496342   -34.58384
-4.665549  14.69146   -48.91311
26.98079  -26.34512   -63.36433
65.21249  -47.56464   -95.80335
110.8223  -30.67439   -66.53506
118.5662  -13.78415   -24.76677
88.32225  -14.57683   -22.26677
53.68811  -33.84512   -24.03506
26.49299  -32.68659   -9.400915
6.371037  -14.51585   -22.51067
6.18811  10.85   -31.47408
18.01738  15.11829   -22.63262
16.79786  8.715854   -12.81555
15.51738  2.313415   -11.35213
10.33445  -8.540244   -14.03506
0.6393293  -17.86951   -11.53506
-3.689939  -32.32073   -12.32774
-1.677744  -71.8939   -27.4497
-9.848475  -38.78415   -22.4497
-5.214329  -36.4061   -23.12043
9.297866  -34.3939   5.233232
4.907622  -12.74756   -6.474086
1.553963  -2.381707   -34.94969
8.566158  -10.49146   -10.07165
1.310061  -14.21098   -6.291159
-7.043597  -25.06463   -1.778964
-2.104573  -30.73536   5.538109
-18.01921  -39.88171   -13.05945
-39.36067  -53.23537   12.3064
-43.56799  -39.21098   24.25762
-39.11677  -18.41829   15.41616
-32.71433  -7.686585   17.61128
-37.71433  -5.064634   23.70884
-32.2875  -7.808537   22.91616
-21.92165  -9.210976   12.61128
-15.88506  -8.113415   -3.608232
-12.5314  -7.015853   -13.36433
-17.16555  -7.808537   -17.81555
-14.23872  -12.38171   -21.71799
-6.494817  -18.47927   -20.37652
5.456403  -20.61341   -17.26677
19.48079  -23.05244   -14.27896
29.29786  -27.25976   -12.14482
44.54177  -33.60122   -12.63262
53.93201  -41.22317   -13.1814
67.10274  -51.04025   -12.4497
69.90762  -52.86951   -12.4497
35.88323  -50.79634   3.58689
18.50518  -50.24756   33.40396
26.00518  -59.15   22.5503
16.98079  -62.07683   11.94055
8.322256  -60.00366   12.79421
7.529573  -53.35732   15.66006
17.04177  -50.43049   17.00152
22.9564  -46.22317   9.684451
29.66372  -45.24756   30.41616
18.56616  -45.91829   1.940549
9.907622  -31.83293   -1.535061
1.553963  -28.29634   -12.14482
1.371037  -29.21098   -9.644817
7.590549  -27.07683   -1.108232
15.57835  -18.6622   13.34299
24.9686  -15.12561   24.92835
9.663719  -31.10122   9.135671
3.383232  -33.96708   4.013719
10.88323  -32.32073   12.3064
10.51738  -42.25976   20.53811
12.9564  -48.23537   32.12348
16.12713  -135.8573   31.5747
3.566159  -167.0768   33.76982
6.127134  -144.3329   67.48933
-0.09237802  -112.1988   62.79421
13.32226  -99.82073   45.96494
15.7003  -99.27195   44.19665
11.37104  -98.11341   43.34299
6.980793  -109.15   48.16006
6.432012  -111.8329   43.8308
3.200305  -108.6012   33.76982
0.6393293  -106.7719   19.92835
1.675915  -110.1256   12.79421
12.16372  -125.1866   9.684451
25.02957  -139.6378   6.757622
42.59055  -146.2841   -4.949696
48.74909  -144.089   -1.41311
43.93201  -130.9183   10.59908
43.81006  -122.8085   7.184451
51.37104  -128.4793   -9.217988
53.20031  -143.6622   -13.66921
28.38323  -156.3451   8.099085
4.114939  -175.1866   25.29421
-17.65335  -186.3451   31.63567
-25.33628  -188.6622   20.84299
-19.72652  -185.0037   6.757622
-9.848475  -185.5524   -1.41311
-2.2875  -186.1622   -4.461891
10.4564  -182.2598   -5.376525
23.93201  -181.772   -9.705793
34.17591  -182.3207   -14.09604
37.9564  -188.8451   -8.91311
37.59055  -203.7841   -9.705793
24.05396  -211.4061   -9.278964
19.66372  -208.4793   -9.827744
6.980793  -202.0768   -13.79116
0.09054881  -197.1378   -11.90092
-4.360671  -182.9915   -17.75457
-7.2875  -167.2598   -34.58384
-5.885061  -159.6988   -44.33994
-4.726524  -158.9061   -44.88872
-16.00701  -172.6866   -40.01067
-28.08018  -189.4549   -29.33994
-23.68994  -201.0403   -29.46189
-13.75091  -198.2354   -33.05945
3.992988  -182.9305   -31.29116
5.639329  -177.6866   -27.57165
-5.214329  -163.4183   -24.58384
-11.7997  -152.6866   -35.37652
-15.2753  -146.1012   -48.36433
-28.38506  -145.9793   -46.71799
-42.22652  -155.1866   -34.82774
-52.7753  -160.2476   -29.09604
-50.82409  -161.5281   -33.73018
-48.62896  -162.2598   -41.1692
-39.84848  -151.65   -47.08384
-19.17774  -132.9915   -49.58384
-37.34848  -112.7476   -44.76677
-88.20213  -113.6012   -16.41311
-84.78751  -118.0524   -7.449696
-79.48263  -110.6134   -13.05945
-84.90945  -107.5646   -17.99848
-102.1656  -118.7232   -30.80335
-111.007  -125.4915   -46.77896
-120.2143  -123.1134   -61.23018
-111.8607  -118.5402   -69.88873
-101.4948  -114.9427   -67.26677
-103.3851  -110.9793   -53.30335
-119.8485  -107.5646   12.91616
-171.5558  -132.0768   124.3796
-176.3729  -162.4427   187.9162
-157.8363  -160.1866   159.0747
-127.7753  -113.2963   0.782012
-123.2631  -113.7841   -69.15701
-141.6168  -112.1378   -39.52287
-148.629  -82.32073   -31.47408
-150.1534  -80.73537   -37.9375
-103.7509  -97.80853   -90.92531
-59.97042  -99.45487   -185.3156
-34.36067  -95.79634   -232.6936
-27.47043  -88.66219   -198.7302
-7.775305  -79.82073   -112.6936
6.066159  -66.4061   -44.76677
-1.128963  -66.4061   -10.31555
-12.83628  -62.68659   4.196646
-28.20214  -67.25975   40.84299
4.175915  -90.85732   56.94055
25.94421  -92.1378   33.16006
13.01738  -73.41829   2.428354
-14.17774  -44.51585   -30.6814
-23.32409  -28.78415   -41.65701
-19.42165  -28.11341   -39.64482
-24.97043  -32.07683   -27.6936
-12.34848  -29.27195   -12.99848
-1.189939  -27.38171   9.867377
4.114939  -29.45488   14.8064
8.200305  -23.23536   14.8064
14.29787  -11.34512   8.282012
21.73689  -14.75976   -2.815549
26.49299  -15.18659   -9.949696
35.76128  -9.820732   -9.644817
26.98079  -1.771951   -5.376525
6.005183  6.215854   4.501524
-8.811891  20.24024   12.12348
-24.5436  34.20366   19.13567
-31.31189  49.56951   27.67226
-34.5436  64.56951   42.3064
-33.99482  77.92317   62.85518
-37.10457  96.52074   77.48933
-41.79969  104.9963   96.33079
-39.60457  119.5695   117.4893
-35.64116  134.5085   139.2576
-27.83628  151.7646   150.3552
-24.84848  169.2646   152.8552
-16.73872  184.7524   140.0503
3.566159  201.3378   120.721
5.2125  237.6183   93.76981
-49.29969  257.5573   92.0625
-51.37286  249.4476   110.0503
-61.31189  220.9719   131.1479
-72.95824  188.5939   147.9162
-73.26311  193.289   148.221
-69.23872  211.4597   136.1479
-70.82409  216.2768   115.9649
-68.26311  216.0329   102.1844
-49.48262  216.3988   85.41615
-30.76311  217.2524   65.78201
-14.23872  225.911   43.8308
6.18811  230.9719   42.79421
16.98079  243.228   51.14787
-52.2875  235.85   75.66006
-61.00701  219.3866   96.87957
-65.64116  213.5329   109.5015
-48.87286  205.6671   104.0137
-26.73872  199.5695   86.75762
-0.03140241  186.3988   61.75762
29.7247  183.7159   38.95275
65.21249  193.5329   8.342988
108.5052  214.0207   -25.62043
47.16372  227.4354   -23.73018
20.63933  192.9232   33.46494
27.83445  167.1305   63.22104
24.9686  163.9597   63.34299
19.29786  176.7037   47.48933
3.992988  185.1793   39.92836
1.797866  196.2159   34.92836
9.236891  217.4354   24.25762
34.23689  240.2402   6.696646
65.57835  257.6793   -29.27896
53.44421  273.6549   -77.38873
13.13933  237.9232   -71.47409
-27.16555  189.4476   -35.4375
-40.94604  166.4597   -10.62043
-58.56799  167.9232   4.013719
-84.97043  182.9232   7.367378
-99.42165  211.1549   13.16006
-101.9826  241.7646   10.17226
-78.32409  264.0207   -12.63262
-29.17774  267.6183   -60.49847
-14.17774  261.2768   -115.6204
-18.87287  253.9597   -160.5594
-8.263109  235.3622   -202.3887
-23.38506  250.3622   -233.5473
-2.2875  243.8378   -231.1692
-16.06799  229.5085   -191.779
-41.18994  210.789   -124.218
-94.42165  192.8622   -109.8887
-125.2143  180.728   -79.40092
-152.0436  188.0451   -73.66921
-153.7509  190.1793   -79.76677
-129.4826  181.7037   -117.3887
-82.47043  176.9476   -177.5107
-36.92165  180.85   -204.8887
-2.409451  191.8866   -217.8765
-68.08018  179.8134   -193.4863
-111.129  165.5451   -157.6936
-131.068  167.6793   -124.4619
-133.0802  165.9719   -110.3156
-111.5558  159.8134   -102.8156
-84.2997  154.4476   -86.16921
-56.98262  139.0207   -55.98628
-28.87287  132.3744   -22.08384
-7.409451  145.4841   -15.74238
12.52957  161.6427   -40.80335
33.74909  180.1183   -64.88873
65.63933  196.7037   -86.96189
81.49299  208.1061   -86.35213
95.21249  209.2037   -70.49847
100.7613  211.3988   -54.33994
56.06616  193.8988   -11.10823
39.05396  165.0573   51.20884
31.43201  165.6671   88.76981
13.56616  154.7524   69.19665
-5.397256  125.6061   26.63567
-33.08018  105.911   -2.38872
-60.0314  94.93537   10.0503
-51.12896  76.33781   17.61128
-42.65335  78.53293   20.66006
-32.47042  92.25244   34.3186
-13.68994  94.20366   43.95275
-16.31189  79.26463   72.00153
-13.01921  78.1061   70.53811
-10.33628  79.87439   62.55031
-18.20214  80.17927   55.59909
-2.958232  88.77683   63.09909
13.2003  94.32561   66.02591
15.15152  86.27683   52.91616
12.65152  84.02074   38.76982
14.54177  84.26463   36.20884
20.33445  85.91098   42.73323
19.35884  87.49635   49.01372
10.4564  91.15488   50.96494
4.66372  96.27683   40.29421
3.322256  107.9232   22.42835
10.82226  109.5085   -0.7423782
8.688109  94.63049   -8.120427
9.419817  83.47195   -5.376525
12.52957  77.80122   3.708841
9.663719  78.35001   9.867377
0.09054881  82.00854   5.721036
-15.39726  82.13049   2.672256
-16.73872  93.1061   14.13567
-25.51921  95.6061   27.79421
-27.95823  102.8012   35.23323
-30.39726  108.35   21.02592
-25.76311  114.6915   -5.254573
-25.21433  122.7402   -12.75457
-26.00701  135.2402   -14.88872
-27.71433  146.5207   -13.60823
-34.48262  151.6427   -7.693598
-39.5436  152.9841   -7.144817
-42.2875  144.7524   12.67226
-48.26311  151.8256   30.23323
-54.42165  166.0939   35.17226
-62.0436  188.289   16.51372
-72.71433  199.3866   -10.1936
-78.01921  203.6549   -39.88872
-73.26311  200.1793   -81.35213
-74.5436  177.8622   -82.2058
-93.01921  151.2159   -17.14482
-112.2265  135.911   58.22104
-125.946  137.5573   102.4893
-164.7875  125.911   145.9649
-180.3363  128.1061   198.0991
-180.1534  144.4476   216.3918
-182.8363  146.2768   204.4406
-185.8851  150.3012   171.7576
-188.2021  146.1549   147.7332
-195.2753  136.0939   159.9283
-197.0436  127.8012   190.721
-206.1899  118.8378   207.1235
-216.4948  105.6061   213.1601
-225.1534  82.80122   217.4283
-236.5558  68.65488   220.782
-232.7143  62.61829   218.404
-226.007  60.36219   216.8796
-218.2021  59.75244   208.7088
-210.3973  53.35   203.8308
-203.8729  42.49634   200.5991
-215.5192  31.70366   188.282
-226.2509  9.142683   198.6479
-240.3363  -8.05244   224.0137
-250.8851  -18.6622   250.9649
-272.0436  -21.83293   262.0625
-287.0436  -18.72317   252.0015
-302.5314  -23.05244   241.3918
-310.2753  -11.34512   225.3552
-312.7143  9.020731   216.5747
-307.2265  15.05732   211.9406
-298.385  16.58171   192.7942
-301.8607  28.77683   165.1113
-296.7997  32.92317   158.8308
-294.6655  44.63049   142.1235
-285.3363  46.3378   133.221
-267.1655  35.48415   145.2332
-246.8607  12.74024   149.3796
-228.8119  -16.77195   140.9649
-230.5802  4.691463   125.0503
-216.1899  42.74024   86.33079
-211.6168  57.86219   55.17226
-214.1777  37.86219   61.14787
-211.9216  26.64268   67.5503
-209.2387  27.92317   65.11127
-204.7875  24.56951   62.0625
-201.6777  29.99634   55.11128
-201.9216  36.64268   36.63567
-207.8973  33.16707   21.14787
-205.3973  24.75244   21.87957
-197.7143  1.032927   45.84299
-196.9826  -10.97927   63.76982
-187.7753  1.520732   57.73323
-179.5436  7.435366   45.59909
-179.9095  5.057317   32.61128
-174.1777  6.703659   29.98933
-168.1412  -9.881707   40.47713
-170.6412  -35.18659   44.98933
-178.1412  -39.94268   41.69665
-181.4338  -26.77195   29.37957
-182.3485  -19.88171   18.46494
-180.8241  -30.55244   17.36738
-178.446  -48.60122   20.72104
-174.1777  -62.50366   23.83079
-183.3851  -54.21098   7.733232
-192.3485  -32.07683   -24.46189
-178.2021  -20.18658   -35.31555
-169.2997  -24.82073   -25.01067
-170.3363  -38.23537   -11.23018
-172.9582  -43.72317   -1.657012
-173.446  -44.3939   3.221036
-172.5314  -44.57683   5.11128
-165.8241  -39.88171   0.05030471
-165.5192  -42.19878   7.245427
-167.1656  -47.50366   28.52592
-168.568  -46.1622   43.22104
-173.0192  -43.35732   45.17226
-172.3485  -35.18659   39.3186
-172.5924  -20.00366   18.64787
-172.8363  -10.06463   4.684451
-168.2631  -11.46707   11.26982
-170.1534  -14.21098   19.37957
-176.5558  -20.18658   29.68445
-176.3119  -13.78415   29.86738
-171.068  1.093902   20.84299
-164.6046  9.569512   16.14787
-158.507  3.776829   16.69665
-151.007  -6.954878   16.51372
-151.1899  -18.23536   18.16006
-150.5192  -19.21098   17.91616
-156.1899  -14.27195   2.733232
-157.4704  -10.36951   -11.53506
-154.1777  -16.04024   -18.1814
-163.507  -24.33293   -23.30335
-172.1656  -32.25976   -25.1936
-178.6899  -35.43049   -32.20579
-181.5558  -36.65   -53.30335
-187.0436  -36.10122   -88.12043
-181.6777  -36.65   -126.2912
-178.3241  -45.55244   -137.8765
-170.8851  -57.38171   -99.21799
-157.1656  -86.58902   -27.02287
-156.9826  -123.0524   5.660061
-164.4826  -150.0646   4.684451
-174.4826  -150.1256   -18.66921
-178.568  -130.7963   -64.9497
-185.0314  -116.65   -135.0107
-191.5558  -114.2719   -199.0351
-184.7875  -101.3451   -248.9741
-146.068  -73.47926   -241.718
-113.0192  -84.57683   -172.4497
-126.068  -138.0524   -77.32774
-131.068  -199.211   -20.49848
-134.7875  -240.0646   -25.1936
-149.7265  -229.9427   -81.47409
-172.4704  -158.9061   -163.9741
-191.4948  -53.9061   -235.1936
-217.9582  29.50854   -300.0717
-235.1534  30.91098   -330.6814
-235.946  32.31341   -331.5351
-214.6046  39.81341   -289.7668
-206.3119  24.99634   -221.5351
-213.9338  4.630488   -178.4253
-213.446  -5.247561   -182.4497
-201.6168  -17.86951   -199.8887
-192.2875  -19.02805   -211.9619
-195.5192  -3.60122   -215.9863
-187.2265  13.28902   -225.6204
-215.7021  22.37439   -239.7058
-251.2509  26.52073   -223.5473
-241.3119  5.545122   -193.1814
-220.7021  -3.479268   -172.4497
-202.3485  -11.34512   -162.7546
-212.6534  -32.93049   -148.7912
-223.1412  -50.91829   -127.8156
-208.2021  -57.93049   -95.49847
-177.4095  -18.96707   -70.07165
-171.7997  -10.36951   -65.25458
-185.8851  0.3012195   -61.23018
-190.1534  -0.6743903   -65.6814
-206.007  -14.69878   -64.58385
-204.1777  -0.4914634   -64.52287
-211.1899  -0.7963415   -55.01067
-212.3485  -13.41829   -61.65701
-192.6534  -28.05244   -62.81555
-181.6168  -30.12561   -59.03506
-176.1899  -11.58902   -46.29116
-167.4095  15.6061   -41.71799
-173.507  38.1061   -38.1814
-189.2997  39.87439   -28.12043
-204.7875  18.53293   -22.14482
-224.7265  -6.406097   -22.14482
-227.0436  -14.27195   -30.1936
-212.1046  -8.784146   -54.58384
-189.7875  1.703659   -70.74238
-192.7753  6.337805   -61.71799
-178.9338  3.289024   -31.59604
-152.8363  11.76463   -5.681403
-146.068  29.14268   -1.230183
-173.2021  44.44756   2.489329
-172.1046  130.6061   7.489329
-166.7997  107.2524   3.099085
-187.4095  67.19147   -18.91311
-213.0802  67.37439   -53.12043
-232.2265  94.20366   -67.57165
-233.2631  150.6671   -54.27896
-263.568  52.25244   -42.38872
-235.3973  86.33781   -29.52287
-192.7753  135.9719   -14.82774
-181.2509  125.1183   -0.9253051
-184.0558  82.25244   8.647865
-184.1168  75.91098   28.83079
-196.068  95.85001   54.62348
-216.9826  125.0573   70.47713
-227.9582  158.5329   82.67226
-225.2143  183.411   86.94054
-242.7753  195.3012   87.5503
-258.9948  194.7524   94.13567
-255.8851  200.5451   94.44054
-255.946  199.9354   99.13567
-270.1534  188.6549   124.0747
-259.7875  172.0085   142.4893
-234.8485  168.8378   147.6723
-213.9948  154.1427   144.7454
-186.9216  127.1305   135.2942
-169.2997  101.0939   117.0625
-154.0558  92.43537   96.51372
-139.8485  85.17927   104.6235
-133.8119  91.45975   106.5747
-131.007  103.9598   85.23323
-134.8485  111.8866   61.87957
-147.9582  92.67927   65.90396
-146.2509  62.25244   84.68445
-144.0558  35.48415   96.57469
-154.8485  26.15488   91.51372
-173.7509  21.39878   76.02591
-189.2387  33.89878   54.86738
-184.7875  59.81341   26.51372
-159.9704  83.77683   20.84299
-129.3607  58.47195   59.5625
-110.1534  4.142683   100.9649
-93.75092  -26.10122   107.1844
-85.88506  -22.32073   103.0381
-98.44604  -10.36951   119.4405
-115.3973  2.191463   147.3674
-127.8363  37.37439   150.5991
-127.9582  76.03293   146.4527
-107.7753  108.6549   132.9771
-60.15335  115.0573   127.2454
-9.482622  111.3988   131.5137
-37.16555  119.2037   159.9893
-58.75091  99.08171   217.9771
-68.38506  96.27683   260.0503
-93.20213  117.3134   267.1235
-107.2875  132.9232   267.4283
-88.44604  144.6305   249.4406
-41.92165  156.8866   195.5991
20.33445  173.8988   134.8674
104.4198  207.6183   87.42835
127.9564  235.6671   63.89177
61.24909  252.6793   135.4771
-34.97042  231.3378   302.3064
-113.2631  208.228   382.1235
-142.1046  193.5329   349.0137
-144.1777  212.6793   298.0381
-138.8119  210.2402   265.0503
-111.9216  179.8744   255.843
-22.0436  150.2402   259.7454
84.60274  134.4476   221.7576
181.554  141.5817   194.8674
106.6759  148.8988   235.4771
19.17591  150.728   242.1235
19.66372  187.6793   189.4406
35.33445  202.9841   168.8918
53.62714  174.2646   207.9162
65.82225  130.3012   263.404
89.17591  110.6671   291.3308
105.5784  90.24025   299.6235
82.4686  48.53292   328.0991
58.99299  18.16707   327.7942
77.89542  46.39878   247.8552
134.2369  130.3012   112.9162
171.6759  163.4719   25.35518
163.3832  209.7524   -22.63262
114.054  176.8866   28.95274
82.34664  100.2402   141.1479
28.62713  -73.23537   300.5991
-25.51921  -189.272   364.1967
-41.25091  -177.2598   327.0015
-40.94604  -75.79634   220.2942
-41.49482  22.19146   111.5137
-17.34848  76.39878   28.76982
6.858841  85.97195   14.62348
4.785671  25.11829   82.42835
20.76128  -30.61341   178.8918
25.94421  -30.91829   200.4771
18.38323  -44.45488   212.8552
-0.7631097  -41.95488   193.5259
-14.84848  -14.51585   141.6966
-5.946036  -3.540244   100.843
-15.21433  -4.454878   78.22103
-21.18994  -13.29634   94.86738
-22.71433  -12.62561   102.7942
-25.15335  -20.30854   109.9893
-30.88506  -33.9061   116.0259
-34.17774  -46.77195   127.1235
-38.50701  -60.73537   133.5869
-32.7753  -47.62561   101.0869
-20.33628  -19.08902   38.64787
-16.12896  4.996342   -21.83994
-7.531403  31.64268   -59.15701
1.980793  55.78902   -87.26677
-1.372866  63.35   -75.86433
-3.628963  58.95975   -29.58384
-12.89726  55.17927   18.28201
-17.0436  43.35   42.73323
-35.70213  27.43537   63.46494
-49.5436  -19.82073   94.62347
-63.56799  -9.942683   57.18445
-57.59238  4.996342   16.69665
-63.01921  -19.27195   17.91616
-69.36067  1.886585   6.63567
-65.27531  18.28902   26.51372
-64.90945  37.61829   52.48933
-55.33628  32.98415   52.91616
-58.32409  11.03293   26.02592
-57.2875  -20.73536   10.78201
-55.21433  -42.44268   44.86738
-47.89725  -28.72317   55.35518
-71.43385  -21.77195   65.2942
-46.25091  14.14268   56.39177
-32.40945  19.32561   -6.717988
-29.42165  2.37439   -50.4375
-18.87287  22.98415   -24.88872
-15.58018  47.55732   40.59909
26.49299  114.4476   29.19665
9.175915  84.93537   74.13567
20.7003  93.35001   88.28201
47.9564  174.8134   72.12347
28.01738  163.1671   8.403963
8.627134  127.9232   24.62348
1.310061  116.7037   30.96494
3.078354  102.9841   23.22104
11.49299  48.65488   16.14787
23.81006  17.8622   28.16006
6.675915  69.44756   45.72104
-20.45823  112.1915   66.75762
-24.60457  76.52074   66.45274
2.956403  67.25244   71.20884
-8.872866  48.16707   41.51372
-21.00701  -32.25976   0.3551828
-1.616768  -22.44268   28.28201
-18.08018  -25.49146   55.23323
-20.15335  -4.820732   89.37957
-56.79969  1.581707   92.97713
-17.7753  33.53292   202.9162
-26.49482  14.56951   193.9527
-20.70214  35.54512   149.1966
-26.7997  34.50853   129.3186
-32.89725  27.61829   103.7088
-15.58018  21.15488   92.36738
-13.32409  58.65488   81.57469
-23.44604  93.95975   75.11127
-44.60457  91.88659   59.44055
-52.65335  81.33781   37.24543
-62.0436  67.55732   31.5747
-68.08018  41.3378   55.05031
-70.64116  7.679268   77.12347
-62.40945  -21.71098   78.52591
-52.16555  -30.97927   76.75762
-35.70213  -37.62561   73.22103
1.919817  -18.9061   62.91616
15.15152  -3.60122   43.52592
-5.519207  -9.271952   31.08689
-10.0314  -36.10122   40.78201
-24.90945  -55.97927   57.73323
-59.48262  -62.62561   82.91615
-105.8851  -37.74756   113.5869
-150.2143  4.874391   128.343
-175.4582  27.37439   125.1723
-147.7143  -4.15   105.5991
-138.8119  -46.83293   79.01372
-136.5558  -71.46707   75.72103
-165.7631  -84.51585   76.14787
-174.3607  -95.30853   67.0625
-151.4338  -87.99146   50.41616
-152.4095  -83.54025   57.79421
-182.4704  -64.14999   82.91615
-225.3363  -46.58903   110.782
-281.1899  -66.95487   145.1113
-291.1899  -97.74756   140.721
-275.7021  -92.07683   133.5869
-242.6534  -70.24756   101.6966
-168.0802  8.593903   45.11128
-137.2265  9.325609   27.36738
-130.7021  12.13049   27.79421
-117.4704  11.21585   24.98933
-113.1412  -3.235366   36.51372
-133.8119  -9.028049   45.47713
-146.1899  -3.723171   48.09909
-129.8485  13.22805   42.73323
-121.5558  23.47195   39.74543
-104.1168  23.16707   32.48933
-86.49482  29.38659   15.29421
-55.09238  33.77683   6.391768
-40.76311  34.44756   9.989329
-42.5314  32.13049   14.62348
-61.43384  26.94756   22.12348
-79.48263  33.8378   27.5503
-92.59238  49.87439   26.87957
-106.1899  72.43537   28.83079
-115.5192  83.53293   30.41616
-99.2997  79.75244   20.29421
-81.06799  62.80122   11.02591
-58.38506  32.49634   9.01372
-39.11677  15.54512   6.574695
-30.15335  -4.881707   12.42835
-32.83628  -12.56463   16.02592
-31.18994  -22.32073   21.02592
-27.65335  -16.83293   14.5625
-46.18994  -2.808537   9.684451
-62.40945  28.16707   12.85518
-65.88506  44.81341   18.40396
-55.64116  30.05732   14.86738
-31.61677  -25.85732   15.84299
-18.50701  -70.18658   21.63567
-19.84848  -87.19878   23.09908
-21.61677  -79.82073   20.78201
-27.71433  -71.95487   18.52592
-33.93384  -70.85732   11.63567
-27.65335  -59.45488   0.05030471
-17.65335  -40.06464   4.928353
31.55396  -25.36951   18.09908
78.56615  -10.85732   24.98933
-106.9826  -69.14999   -10.31555
-160.8241  -115.1866   -30.13262
-121.007  -76.4061   -36.29116
-73.68994  -45.97927   -23.60823
-22.34848  -42.32073   -5.620427
-4.116768  -100.6134   -17.75457
30.4564  -137.1988   -44.21799
43.56616  -137.1378   -56.04725
9.724695  -151.8939   -41.77896
-37.59238  -153.9671   -39.46189
-71.73872  -144.6988   -35.07164
-83.14116  -109.3939   -28.4253
-79.66555  -76.34512   -20.1936
-73.44604  -53.11341   -19.9497
-59.72652  -36.28415   -19.9497
-40.58018  -28.35732   -10.13262
-28.44604  -21.8939   -13.30335
-13.93384  -6.832927   -18.48628
3.078354  15.66707   -5.986281
5.822256  36.70366   16.02592
7.102744  62.00853   24.25762
15.4564  91.64268   26.63567
34.35884  122.3744   36.26982
65.7003  145.728   47.36738
85.63933  166.8256   54.13567
80.76128  165.1793   57.12348
66.31006  144.6915   62.12348
44.90762  109.6915   58.64787
21.91982  74.26463   53.58689
11.85884  58.35   51.26982
24.48079  75.17927   52.36738
41.91982  105.0573   57.85518
53.38323  128.289   73.03811
76.67591  146.7646   87.73323
101.3101  154.9963   99.68445
126.493  148.4719   114.6235
115.9442  135.789   135.2332
62.2247  169.6305   133.4649
34.11494  169.9354   89.92835
9.907622  126.9476   52.61128
-4.543597  67.19147   61.69665
6.614939  73.22805   61.39177
22.4686  113.472   74.86738
44.66372  174.7524   103.221
60.33445  208.0451   127.3674
54.29787  189.8134   140.1113
91.06615  190.2402   109.3186
109.3588  190.9719   106.6357
107.1027  202.5573   97.67226
85.63933  237.7402   98.28201
57.89543  221.8866   77.12347
43.56616  220.728   90.72103
28.32226  223.6549   96.26981
15.63933  239.2037   99.8064
3.383232  267.0695   142.0015
5.883232  286.3988   140.0503
-11.37287  274.2036   136.5747
-6.555793  250.728   149.1357
3.261281  259.9354   135.2332
-5.824085  255.728   127.1235
-3.628963  250.9719   109.1357
2.895427  233.5329   91.51372
20.7003  229.3256   86.45274
20.39543  227.6793   77.12347
6.553964  213.8988   59.44055
-9.787499  178.9597   30.53811
-24.11677  145.5451   7.184451
-52.0436  155.85   -7.327744
-112.3485  171.4597   -31.96189
-155.8241  182.5573   -50.55945
-182.3485  181.3378   -54.03506
-210.7631  167.0085   -57.26677
-222.0436  156.5207   -54.76677
-227.8973  149.3866   -51.96189
-208.9338  172.3134   -49.09604
-200.6412  185.5451   -54.40091
-179.0558  182.2524   -53.30335
-149.7265  176.1549   -45.01067
-114.5436  157.1305   -43.30335
-96.98263  117.7402   -36.65701
-84.72652  91.64268   -15.55945
-78.08018  103.35   9.196646
-84.23872  171.7037   29.25762
-92.10458  235.4232   52.55031
-65.21433  283.6549   74.68445
-59.84848  247.5573   78.40396
-55.64116  169.1427   94.68445
-33.62896  139.8744   117.1235
-25.39726  158.5329   126.3308
-35.21433  180.6671   129.1357
-40.58018  162.0695   129.5625
-27.7753  133.9597   131.6966
-28.38506  141.7037   147.1844
-32.34848  154.2037   156.8186
-38.81189  141.0939   145.721
-45.64116  127.4963   143.7698
-48.56799  126.8866   145.782
-41.31189  116.6427   148.282
-33.20213  85.78902   148.5869
-25.0314  43.89878   140.721
-14.84848  -29.94268   124.8674
1.249085  -124.5159   100.1113
20.7003  -220.5524   73.83079
38.13933  -302.6256   62.67226
45.88323  -376.1622   55.29421
66.49299  -453.4183   47.97713
68.87103  -488.6012   28.83079
60.33445  -503.3573   32.97713
39.54177  -487.8695   27.61128
8.749085  -467.7476   11.02591
-30.76311  -465.7354   -3.669207
-50.39725  -499.5768   -7.998476
-61.79969  -573.1134   -4.278964
-74.66555  -613.1134   -9.522866
-81.37287  -617.0768   -20.55945
-75.09238  -634.3329   -77.38873
-66.86067  -631.772   -22.26677
16.61494  -618.4792   9.074695
53.32226  -599.5159   6.452744
71.91982  -545.4305   -13.48628
46.18811  -456.589   -20.37652
14.23689  -346.4671   -1.900915
11.24909  -247.0159   14.92835
17.2247  -199.5768   28.28201
24.54177  -210.5524   37.73323
38.56616  -253.7232   47.18445
38.01738  -302.1988   55.53811
35.15152  -348.9061   72.73323
42.9564  -384.3329   90.17226
35.76128  -393.9671   78.52591
9.907622  -347.3817   33.09909
-7.592378  -241.2841   -15.74238
-12.47043  -119.6988   -53.79116
-35.45823  -49.08903   -83.91311
-39.42165  -40.61341   -81.83994
-35.70213  -39.45488   -79.82774
-23.87287  -35.67439   -61.29116
-11.37287  -38.29634   -29.9497
-19.5436  -41.95488   1.147866
-11.18994  -34.94268   27.0625
-32.22652  -84.69878   15.66006
-37.0436  -123.0524   -42.32774
-57.89725  -98.54025   -47.99847
-30.51921  -5.308537   -42.99847
-20.39726  46.39878   -22.57165
-3.080183  32.06951   -23.30335
7.651525  -14.08902   -20.37652
14.90762  -65.12561   -17.26677
26.37104  -102.0159   -29.03506
42.16372  -124.3329   -18.1814
45.70031  -139.3939   8.464939
45.82226  -152.2598   18.64787
40.94421  -139.6988   -12.20579
39.60275  -122.8085   -5.498476
35.76128  -127.2598   -12.51067
23.68811  -152.8085   -42.6936
9.358842  -177.0768   -32.14482
3.871037  -192.1988   -19.03506
4.602744  -190.7963   -9.88872
-14.90945  -211.711   -9.278964
-23.81189  -250.0037   -39.58384
11.67591  -250.2476   -49.64482
19.11494  -246.772   -17.81555
21.37104  -238.1744   -3.608232
2.529573  -215.9793   -1.047256
-17.5314  -147.0159   0.477134
-17.40945  -59.21098   31.20884
-5.214329  24.50854   49.86738
-31.43384  121.0329   46.02592
-54.36067  201.9476   13.16006
-82.89726  227.1305   -24.58384
-68.08018  223.6549   -41.59604
-52.95823  200.6061   -59.82774
-60.51921  159.0817   -78.66921
-74.5436  153.5939   -122.3277
-83.62897  200.6671   -150.6814
-97.28751  269.8744   -172.2668
-89.84848  319.4476   -49.58384
16.55396  447.8622   2.794207
5.456403  395.1183   -65.25458
71.24908  358.7159   -88.30335
159.4198  334.5695   -79.58385
144.7247  297.0695   -108.7912
32.10275  270.911   -103.4253
37.34665  195.911   -57.6936
-43.44604  112.6793   -39.94969
-17.95823  47.74024   -81.77897
-60.0314  -23.29634   -125.6204
-92.65336  -139.3939   -139.0351
-26.43384  -277.1988   -182.2668
-32.0436  -408.4793   -97.75458
-42.10457  -390.7964   -119.7668
-85.76311  -190.7963   -89.21799
-77.5314  52.92317   -46.10823
-99.23872  150.85   -44.33994
-90.51921  116.4598   -51.90091
-58.20213  49.20366   -28.4253
-33.38506  0.4231707   9.501524
-37.16555  -18.72317   42.48933
-38.38506  -26.77195   65.11127
-35.58018  -24.02805   75.72103
-29.36067  -44.94268   93.28201
-8.385061  -89.45487   99.5625
34.29787  -147.1988   90.90396
67.04176  -183.9671   73.03811
100.8832  -185.5524   45.96494
119.1149  -158.6012   49.5625
100.2125  -101.1012   58.95275
78.50518  -46.77195   63.89177
69.05396  20.17927   72.67226
37.34665  69.81342   98.70884
-5.092378  62.98415   112.9771
-16.06799  38.65488   78.52591
-6.738719  12.31341   34.86738
-12.65335  4.996342   1.08689
5.822256  -18.54024   -13.30335
-5.702134  -36.46708   5.782012
-7.470427  -54.33293   7.916158
4.358841  -77.74756   12.18445
16.00518  -101.8939   15.53811
-1.982622  -112.1988   38.28201
-19.60457  -77.01585   61.94055
-19.17774  -35.12561   67.91615
-5.824085  -19.08902   61.20884
4.23689  -49.27195   32.97713
3.261281  -109.3939   21.39177
9.480793  -165.1256   14.5625
27.83445  -211.1622   18.40396
79.48079  -244.5768   24.8064
120.5784  -264.211   33.40396
131.6149  -244.6988   38.70884
133.932  -204.4549   9.745426
131.7369  -162.6256   -24.76677
124.7247  -139.5768   -30.37652
146.371  -151.9549   -53.60823
128.6881  -206.1622   -57.02287
90.63933  -270.8573   -19.15701
100.7003  -298.5403   -4.583842
115.5784  -295.6744   -4.157012
115.0905  -287.8085   -30.9253
104.5418  -260.6744   -17.02287
99.54176  -222.0159   5.964939
63.87104  -210.1256   19.98933
29.11494  -232.7476   30.59908
29.41982  -257.5037   36.02592
50.33445  -247.9915   28.40396
78.01737  -206.9549   30.23323
121.493  -184.5159   26.02592
148.4442  -219.15   9.806402
123.0784  -284.7598   11.94055
102.5296  -316.4061   18.09908
94.60274  -287.5646   26.14787
76.61494  -218.5403   33.09909
65.76128  -152.9305   27.5503
70.39542  -128.6012   26.39177
124.6027  -150.7354   36.3308
251.9808  -191.9549   54.92836
335.3954  -220.0646   117.3064
212.8954  -185.4915   143.343
25.15152  -157.4427   120.4771
36.98079  -141.9549   55.29421
94.11494  -120.6134   40.29421
138.871  -103.1134   53.95275
151.9198  -96.52805   88.03811
142.9564  -96.10122   89.68445
120.7613  -74.27195   94.92835
99.17591  -29.88171   92.85518
48.13933  -19.94268   69.25762
2.16372  -1.467073   48.89177
-34.66555  2.37439   46.3308
173.2613  0.1792683   55.78201
246.493  0.85   85.90396
75.02957  -82.74756   105.9649
-19.17774  -115.3695   135.1113
18.62713  -129.7598   90.90396
102.4686  -103.3573   67.3064
87.4686  -43.96708   54.0747
87.40762  -10.18659   39.0747
62.9564  -20.00366   5.721036
44.23689  -25.73536   -16.83994
35.94421  -41.83293   -31.77896
27.89543  -56.71098   -27.08384
28.07835  -59.51585   2.733232
34.90762  -40.61341   43.46494
132.5905  -18.9061   64.68445
143.6881  8.837805   60.72104
150.7003  23.47195   54.0747
145.0905  30.24024   75.0503
204.6027  36.03292   256.1479
151.9808  -5.796341   372.8552
144.3588  -45.73537   376.5747
165.0905  -61.4061   288.1601
174.8466  -32.19878   224.2576
174.4808  17.61829   191.0869
180.1515  41.15488   154.8064
192.4076  47.55732   146.3918
214.9076  36.76463   151.5747
245.2125  21.15488   162.6723
261.0662  2.191463   173.282
245.0905  -0.7353659   184.0747
205.2735  3.715854   155.782
176.7369  32.13049   119.2576
165.9442  36.27683   90.53811
150.3954  29.14268   85.11127
115.3954  35.30122   70.23323
89.05396  39.38659   54.74543
69.66372  47.19146   41.26982
83.26128  34.50853   56.02592
117.1637  18.28902   83.34299
155.4564  44.32561   134.3186
168.0784  18.04512   195.782
177.8344  1.947561   152.7332
177.6515  8.837805   130.1723
162.7125  42.06951   132.3064
129.4198  62.49634   148.8918
84.05396  82.80122   168.8308
46.31006  89.44756   158.7088
42.2247  69.26463   148.7088
51.98079  33.35   139.1966
53.38323  27.25244   102.4893
87.89542  1.642683   97.7942
122.7735  -21.46707   100.0503
159.3588  -21.77195   99.86738
175.3344  -19.88171   81.51372
188.2613  -13.23537   44.68445
212.8344  -5.735366   -4.583842
241.0052  -31.1622   -60.98628
280.5174  -71.34512   -91.35213
325.7613  -149.6988   -98.91311
372.4686  -213.7841   -70.62043
429.8466  -233.4793   -56.53506
459.6028  -209.7598   -18.54726
483.7491  -203.1134   1.940549
489.9076  -197.5646   18.03811
282.2857  -25.12561   6.818597
68.50518  280.3622   25.66006
70.57835  239.7524   29.37957
115.4564  129.1427   18.16006
113.8101  44.81341   10.23323
118.3223  18.04512   8.099085
93.38323  50.17927   32.97713
73.74908  61.3378   54.5625
49.11494  59.69146   69.68445
23.44421  90.30122   82.12347
68.26128  147.6793   86.26981
74.17591  169.9354   152.1844
152.8344  184.5695   211.2698
131.1271  126.6427   261.8796
130.7003  107.1305   263.5259
186.554  160.911   174.9893
168.6271  119.3866   199.0747
126.6149  69.32561   229.1966
75.21249  3.532927   260.4771
18.87104  -87.32073   283.282
-16.98262  -185.4915   285.5991
-32.65335  -263.9061   266.2698
213.3832  -117.9305   179.0137
297.4076  3.654878   150.904
278.2003  113.0451   184.6235
254.2979  183.35   184.0137
231.9808  202.6183   173.7698
169.4198  150.85   148.0381
111.9808  82.19147   135.843
156.2491  74.14268   134.5625
222.4686  85.66708   158.343
234.1759  91.76463   156.1479
177.2247  78.65488   113.4649
75.02957  44.93536   82.5503
64.17591  23.41098   54.92836
228.0784  2.069512   12.24543
259.4808  -9.637805   39.19665
237.6515  -3.113415   79.86738
175.1515  1.093902   77.24542
74.17591  -5.979268   47.24543
-17.7753  0.9109756   23.52592
-67.22652  26.82561   0.1112803
-97.22652  62.86219   1.818597
-86.98263  92.74025   38.34299
-56.92165  85.30122   79.25762
-33.38506  51.3378   88.22103
-3.019207  21.27683   57.97713
71.24908  24.56951   61.02592
133.7491  41.94756   89.92835
159.054  49.81341   126.8796
153.0784  30.66707   115.2942
117.7125  -9.028049   91.39177
67.65152  -41.83293   65.17226
60.51738  -39.94268   48.89177
69.11494  -14.27195   43.76982
1.18811  -1.040244   44.92836
-41.00701  3.167073   36.02592
-73.87287  -12.19878   25.53811
-38.93384  -23.78415   37.18445
4.907622  -33.11341   55.59909
43.13933  -43.9061   58.34299
83.62713  -52.80854   71.20884
93.01737  -112.3817   145.6601
70.15152  -153.6622   176.6966
42.16372  -161.5281   181.6357
27.2247  -138.6622   154.0137
-3.689939  -106.2841   97.97713
75.94421  -73.17439   64.3186
39.35884  -46.71098   46.5747
48.13933  -42.01585   39.5625
64.11494  -28.72317   29.68445
69.11494  4.813415   16.26982
61.55396  24.93537   13.64787
88.68811  20.85   -1.657012
120.2735  -4.271951   -20.98628
138.2613  -37.25976   -60.98628
126.2491  -70.61341   -103.6692
131.0052  -82.62561   -125.6204
203.1393  -26.83293   32.67226
43.68811  -81.04025   -0.1326221
34.9686  -46.1622   71.8186
-10.70213  -1.771951   74.62347
-5.092378  63.04512   38.89177
-12.59238  6.276829   6.818597
-27.59238  -24.69878   -32.75457
-28.32409  -13.17439   -56.35213
-0.7631097  -18.6622   -45.62043
-21.86067  -65.43049   19.19665
-4.970427  -72.74756   17.42835
3.200305  -68.84512   -4.827744
11.61494  -56.52805   -20.37652
144.9686  -2.320732   -41.23018
-44.48262  -74.82073   30.35518
-28.14116  -21.77195   30.78201
10.09055  17.61829   17.67226
6.73689  12.8622   9.806402
-18.50701  -16.04024   18.76982
-23.56799  -28.29634   15.29421
-21.37287  -28.9061   14.92835
-14.05579  -22.74756   23.52592
-0.9460365  -14.6378   36.39177
11.43201  -24.45488   39.68445
12.2247  -40.00366   41.94055
19.84665  -53.05244   26.94055
48.68811  -59.15   14.5625
6.797866  -104.211   12.61128
21.73689  -75.97926   15.96494
22.59055  -81.8939   13.58689
4.358841  -55.18659   7.916158
-17.59238  -27.50366   21.69665
-25.88506  -2.991463   -8.730184
-30.76311  33.77683   -13.24238
-41.79969  14.75244   6.63567
-51.55579  -62.13781   22.0625
-16.49482  -63.9061   4.196646
12.10274  -46.83293   -13.48628
22.89543  -20.24756   -16.65701
15.2125  -23.9061   -15.49848
12.4686  -32.13781   -3.669207
13.13933  -28.29634   31.14787
12.83445  -21.28415   47.18445
24.05396  -13.9061   29.98933
30.27348  -15.91829   7.855183
29.11494  -29.02805   -15.01067
27.04177  -28.11341   -32.44969
21.67591  -6.101219   -33.73018
34.66372  4.813415   -22.38872
41.37104  22.25244   6.208841
41.79787  28.53293   27.85518
30.88323  -11.95488   46.14787
18.2003  -28.72317   35.41616
22.89543  -41.77195   25.11128
37.40762  -44.33293   12.79421
72.16372  -26.04024   2.672256
82.65152  0.85   -2.144817
84.17591  -1.710976   5.842988
55.63933  -18.17439   27.24543
9.297866  -20.36951   42.24543
-21.49482  -19.57683   39.44055
-44.97042  -22.07683   19.44055
-44.66555  -5.552439   9.074695
-19.66555  16.82561   -17.81555
5.639329  22.61829   -4.339939
16.61494  32.06951   -16.53506
17.77348  17.55732   -12.63262
12.16372  -18.78415   -0.4984757
17.2247  -39.15   -13.36433
18.07835  -47.74756   -68.24238
-6.921646  -74.69878   -10.55945
5.273476  -81.58902   43.70884
28.44421  -42.99147   18.34299
54.23689  -3.60122   12.0625
30.09055  27.98415   11.51372
-0.3972561  26.70366   13.22104
2.895427  21.76464   12.5503
18.50518  26.15488   -4.88872
23.2003  30.66707   -42.38872
24.11494  17.8622   -55.98628
-36.79969  2.801219   -43.1814
78.50518  -2.137805   -3.36433
89.41982  22.74024   -11.47409
116.0052  47.31341   -22.4497
112.2247  59.87439   -18.05945
95.63933  52.86219   -8.669208
80.21249  29.93537   -0.1935977
72.9564  2.496341   11.75762
47.10275  -24.02805   20.35518
34.05396  -34.45488   17.36738
34.66372  -17.25976   18.16006
44.29787  -8.113415   45.53811
35.33445  -12.99146   82.67226
12.16372  -18.72317   108.4649
34.41982  -29.33293   83.89177
37.10275  -34.51585   71.45274
30.57835  -25.67439   57.42836
17.9564  -23.11341   42.3064
20.27348  -17.1378   23.83079
13.26128  -16.8939   3.769817
10.82226  -30.24756   21.45274
8.749085  -54.57683   35.66006
21.24908  -73.35732   47.42836
26.31006  -85.79634   59.0747
31.73689  -86.16219   56.45275
44.54177  -68.54025   42.18445
55.76128  -47.07683   33.8308
55.33445  -40.00366   35.78201
45.2125  -41.8939   34.25762
55.27348  -34.88171   33.22104
59.90762  -27.80854   39.3186
59.17591  -17.68658   42.91616
70.7003  -6.406097   32.42836
107.2857  19.81342   -0.9253051
106.1881  24.14268   -13.60823
112.1637  19.63049   2.001524
130.6393  7.618293   7.428353
127.9564  -14.82073   8.708841
112.5296  -39.51585   23.52592
141.432  -34.63781   40.17226
150.5784  -47.56464   69.62347
188.2613  -32.74756   88.03811
229.1149  -17.99146   58.76982
237.9564  -22.01585   31.94055
254.2369  -27.86951   34.25762
250.5174  -41.04025   52.24543
253.4442  -42.32073   75.35518
227.8954  -53.78415   97.42835
166.9198  -70.79634   132.7942
112.0418  -85.85732   160.721
73.74908  -94.75975   163.7088
85.27348  -55.00366   125.5381
120.7003  -0.1256098   73.09908
127.9564  37.61829   56.63567
132.7125  64.38659   63.34299
108.0784  71.94756   77.97713
81.49299  47.67927   122.7942
41.37104  14.75244   166.6357
24.48079  -13.72317   172.4283
28.32226  -18.47927   138.221
39.35884  -2.564634   88.52591
21.37104  22.67927   89.25762
17.34665  63.41097   86.45274
41.55396  92.31342   68.46494
60.88323  93.77683   57.12348
61.67591  69.38659   49.68445
59.84665  34.38659   34.68445
54.7247  -1.467073   21.45274
44.78567  -18.29634   15.0503
41.43201  -15.55244   11.51372
36.61494  -2.503659   13.16006
40.02958  21.52073   21.45274
47.52958  45.54512   20.53811
41.85884  56.21585   27.5503
30.57835  60.30122   31.39177
20.82226  63.35   26.08689
19.41982  56.94756   20.17226
29.90762  55.91097   10.84299
42.34665  59.08171   2.855183
36.79787  53.89878   12.24543
25.15152  43.5939   19.92835
27.34665  37.25244   14.98933
39.29787  33.16707   5.842988
31.91982  24.69146   4.501524
13.62713  18.22805   10.59908
32.7125  16.39878   8.58689
39.17591  12.80122   4.5625
41.61494  18.28902   11.20884
37.52958  21.52073   21.39177
33.13933  16.0939   30.17226
28.74908  12.37439   31.08689
38.99299  16.52073   26.08689
44.7247  17.98415   19.92835
41.85884  17.61829   14.5625
40.88323  21.39878   13.03811
38.26128  20.11829   13.58689
30.09055  11.03293   19.44055
21.61494  8.106097   26.63567
25.39543  27.98415   18.95274
33.62714  46.94756   6.025914
42.2247  61.88659   -5.315549
47.59055  82.98415   -8.547256
57.16372  92.98415   2.61128
39.05396  74.69147   12.61128
22.77348  39.56951   0.5381096
35.4564  22.74024   -12.75457
46.85884  31.3378   -23.85213
41.43201  30.48415   -27.9375
30.2125  23.35   -27.4497
13.44421  24.75244   -28.85213
12.04177  14.38659   -27.81555
12.04177  14.32561   -27.02287
22.04177  27.43537   -26.65701
24.23689  33.53292   -25.25457
36.00518  36.58171   -24.33994
36.31006  43.41097   -15.74238
41.61494  33.77683   -1.596037
41.24909  20.24024   7.916158
30.82226  10.17927   8.769817
18.81006  3.837805   9.989329
8.383231  -0.7353659   10.35518
5.029573  -11.52805   10.78201
4.175915  -20.06463   4.867378
0.7612805  -22.1378   -5.925305
-0.3362804  -19.94268   -6.41311
0.09054881  -22.56463   -10.1936
12.10274  -35.06464   -9.339939
27.7125  -30.24756   -6.291159
60.27348  -33.78415   14.07469
116.1881  -67.07683   65.11127
124.9686  -51.1622   75.66006
112.2857  -21.1622   69.5625
95.33445  1.886585   52.67226
95.63933  15.30122   35.84299
104.5418  10.97195   36.5747
105.0905  -10.06463   40.66006
98.01737  -31.77195   43.76982
80.21249  -23.05244   40.11128
66.49299  -14.27195   33.40396
79.17591  -3.357317   43.03811
83.26128  1.459756   35.78201
91.24908  -2.442683   23.83079
100.5174  -17.07683   20.35518
105.8832  -28.96707   30.53811
109.8466  -43.17439   39.5625
115.5174  -65.00365   40.17226
122.8344  -81.83292   43.46494
110.7613  -61.65   42.3064
101.9808  -40.18659   40.96494
89.35884  -42.25976   34.92836
81.00518  -40.97927   30.11128
99.72469  -39.27195   30.72104
127.7125  -37.44268   42.42836
166.8588  -22.01585   49.13567
191.371  6.276829   54.37957
222.9564  44.87439   54.68445
293.3223  93.83781   32.00153
272.1637  85.78902   16.39177
228.871  69.56951   -13.85213
171.8588  51.94756   51.5747
125.9442  42.43536   65.66006
101.371  38.35   67.0625
74.78567  44.87439   71.20884
51.18811  42.80122   71.14787
31.61494  39.08171   58.95275
24.54177  32.61829   37.73323
27.52957  32.55732   18.58689
35.2125  40.30122   8.282012
52.28567  52.37439   1.025914
69.66372  66.27683   -4.705793
66.43201  65.85001   -1.96189
49.54177  61.82561   -5.376525
16.18811  53.41097   10.23323
10.82226  51.15488   10.47713
11.37104  50.17927   15.47713
31.00518  46.0939   18.46494
38.81006  38.47195   10.66006
43.87104  31.39878   -9.766768
43.01738  34.69146   -35.25457
33.68811  42.06951   -42.57164
52.77348  52.92317   -57.44969
31.43201  43.8378   -35.6814
24.35884  45.42317   -22.4497
22.7125  43.35   -3.852134
26.98079  32.61829   11.20884
15.09055  42.80122   10.53811
8.566158  41.21585   10.84299
18.01738  35.72805   7.550304
20.2125  32.49634   9.5625
18.50518  34.20366   20.11128
22.9564  40.97195   29.13567
18.2003  52.25244   47.3064
9.236891  66.03293   96.26981
30.09055  98.95975   65.47713
10.88323  79.93537   61.3308
11.37104  64.99635   45.41616
-9.909451  60.17927   37.0625
-23.38506  55.6061   16.87957
-19.84848  48.95975   12.79421
-9.665548  54.87439   44.0747
-14.11677  69.75244   65.41615
-13.99482  65.78902   83.34299
-29.60457  78.16708   84.8064
-49.36067  85.97195   68.95274
-45.64116  72.06951   30.0503
-39.5436  74.93537   43.46494
-49.7875  67.92317   33.89177
-68.62897  88.83781   11.26982
-57.71433  109.9963   8.708841
-37.83628  127.6793   9.684451
-33.14116  138.35   21.87957
-21.06799  145.911   38.28201
-25.70214  140.1793   43.76982
-23.44604  129.0817   39.25762
-11.92165  122.1305   44.3186
-3.507012  113.289   56.08689
2.346646  101.8866   66.20884
6.919817  101.8256   69.62347
10.88323  112.3744   68.64787
31.85884  129.9354   51.26982
41.73689  153.5939   16.69665
39.78567  160.3012   -10.92531
34.29787  139.2037   -16.90092
15.4564  103.8988   -0.8033538
10.4564  85.66708   22.91616
24.84665  76.45975   54.3186
46.24909  81.0939   80.53811
67.40762  97.98415   90.41615
64.66372  105.7281   80.0503
76.67591  111.3988   48.76982
88.32225  121.0939   9.806402
88.93201  126.1549   -23.30335
62.2247  119.3256   -27.14482
32.77348  104.3866   -16.53506
33.68811  94.87439   1.818597
49.60275  94.87439   28.16006
64.84664  95.3622   40.29421
72.16372  98.83781   39.8064
69.35884  92.61829   31.94055
73.68811  89.99635   10.84299
94.90762  98.1061   -20.1936
86.85884  82.25244   -40.98628
71.49299  42.49634   -44.27896
60.15152  30.78902   -54.64482
59.35884  29.63049   -58.6692
75.09055  48.28902   -68.30335
79.66372  59.14268   -88.73019
56.55396  57.67927   -114.8887
41.06616  45.11829   -107.8765
35.39543  29.93537   -72.9375
43.74909  17.98415   -45.62043
56.00518  3.654878   -45.31555
73.74908  -9.942683   -65.1936
98.2003  -3.540244   -106.657
104.9076  15.3622   -155.0107
96.06615  34.44756   -207.5107
71.67591  36.70366   -233.4863
57.77348  36.94756   -221.5351
42.89543  29.56951   -185.5594
42.77348  22.80122   -149.157
52.9564  15.97195   -126.5351
70.02957  11.21585   -133.7912
95.51737  7.984147   -169.4009
117.4076  -3.784146   -218.9741
113.0174  -27.25976   -271.1082
91.79787  -45.18659   -293.4253
54.90762  -44.27195   -294.3399
32.10275  -33.41829   -275.9863
30.51738  -25.36951   -239.7668
52.52958  -20.06463   -213.3643
74.23689  -16.4061   -198.4253
88.74908  -19.51585   -192.6326
117.6515  -31.22317   -201.1082
119.2979  -49.51585   -220.6204
102.1027  -75.73537   -241.0473
40.15152  -98.17439   -248.1814
-22.7753  -117.9915   -247.7546
-41.06799  -98.72317   -255.7424
-31.98262  -84.75975   -253.9741
-0.7631097  -61.04025   -242.1448
37.16372  -35.30854   -231.779
58.13933  -22.56463   -255.8643
74.05396  -23.29634   -302.8765
82.83445  -39.15   -325.4375
79.05396  -63.11341   -306.596
60.57835  -106.4061   -287.9985
34.84665  -126.1622   -267.9985
7.895427  -96.77195   -276.718
-1.677744  -56.10122   -302.4497
-9.909451  -21.71098   -322.2058
-18.01921  -24.45488   -357.0229
12.2247  -24.88171   -288.7912
22.40762  -48.17439   -230.6814
24.9686  -77.80853   -183.6692
45.33445  -80.06463   -173.9131
31.79786  -58.84512   -200.0717
0.4564025  -30.12561   -237.2668
-7.775305  -7.869512   -269.3399
-13.32409  -9.393903   -257.0838
-5.519207  -7.137805   -257.5717
-2.958232  7.679268   -187.6326
18.07835  -13.96707   -55.9253
32.28567  -20.79634   -31.23018
44.66372  -23.78415   -67.81555
33.13933  -23.84512   -132.6326
-12.47043  -17.62561   -159.7058
-40.70213  -13.29634   -177.0229
-57.59238  4.142683   -160.1326
-33.20213  0.2402439   -91.77897
-16.73872  -11.71098   -47.6936
-6.555793  -27.25976   -32.26677
2.224695  -37.99147   -33.73018
4.66372  -42.62561   -29.76677
11.91982  -41.95488   -30.37652
7.468598  -38.9061   -42.44969
-5.397256  -33.54025   -58.36433
-13.20213  -29.6378   -64.76677
-18.99482  -30.12561   -61.96189
-18.26311  -31.34512   -46.77896
-13.93384  -34.63781   -25.62043
-7.165549  -40.55244   -9.705793
-1.372866  -43.17439   -1.230183
1.066159  -42.38171   -2.998476
-0.7021341  -36.10122   -15.86433
-7.531403  -26.77195   -38.73018
-15.94604  -25.12561   -59.94969
-19.90945  -20.97927   -71.29116
-17.40945  -14.69878   -59.82774
-13.93384  -13.72317   -36.77896
-6.31189  -16.4061   -13.97409
-10.94604  -15.18659   8.464939
3.566159  -21.65   20.0503
11.67591  -25.97927   25.66006
14.90762  -25.85732   18.52592
17.10274  -20.00366   7.001524
8.992988  -9.454879   -1.596037
-5.580183  -6.589024   -11.90092
-13.08018  2.679268   -18.4253
-16.86067  8.715854   -21.41311
-15.33628  5.301219   -6.778964
-10.64116  0.7280488   10.11128
-6.677744  0.1792683   30.41616
0.3954269  -3.60122   46.87957
8.871037  -12.86951   55.17226
12.89543  -18.35732   49.8064
10.33445  -16.1622   30.53811
7.041769  -8.60122   9.989329
