-2.16245  -33.62233   -40.3541
-1.227978  -25.36924   -48.8141
-1.850961  -24.14656   -46.1069
-2.16245  -24.45223   -47.1221
-0.9164892  -23.84089   -45.7685
-1.539472  -25.67491   -48.4757
-1.539472  -25.06357   -47.1221
-4.031389  -25.67491   -46.4453
-2.473939  -25.98058   -47.4605
-2.473939  -26.59192   -46.1069
-2.473939  -24.14656   -48.1373
-2.473939  -24.14656   -47.4605
-0.9164892  -25.67491   -45.0917
-0.9164892  -23.84089   -45.7685
-0.9164892  -24.45223   -48.4757
-1.850961  -25.36924   -48.8141
-0.2935108  -25.67491   -46.4453
-2.473939  -26.59192   -47.4605
-2.16245  -25.06357   -45.0917
-1.227978  -24.14656   -46.7837
-1.227978  -24.7579   -49.4909
-1.850961  -24.7579   -50.8445
-1.539472  -25.06357   -49.1525
-1.850961  -25.36924   -50.1677
-2.473939  -25.36924   -48.8141
-1.850961  -23.53522   -50.1677
-2.473939  -24.7579   -46.7837
-2.16245  -25.06357   -47.7989
-4.031389  -24.45223   -49.1525
-2.785429  -25.67491   -45.7685
-0.9164892  -24.45223   -47.7989
-1.850961  -23.53522   -46.7837
-0.2935108  -25.06357   -49.1525
-3.408411  -26.28625   -49.1525
-1.227978  -24.14656   -46.7837
-1.227978  -23.53522   -48.8141
-2.785429  -26.28625   -47.7989
-2.16245  -24.45223   -48.4757
-1.850961  -26.59192   -50.1677
-1.850961  -24.7579   -49.4909
-2.473939  -26.59192   -49.4909
-3.408411  -23.84089   -48.4757
-1.539472  -25.67491   -47.1221
-3.096922  -26.59192   -47.4605
-0.9164892  -25.06357   -47.7989
-1.539472  -25.06357   -48.4757
-4.342878  -24.7579   -49.4909
-2.473939  -24.14656   -47.4605
-2.16245  -25.67491   -46.4453
-0.9164892  -25.67491   -47.1221
-3.408411  -24.45223   -49.1525
-1.539472  -25.06357   -49.1525
-2.785429  -25.67491   -47.7989
-2.785429  -26.28625   -47.1221
-1.227978  -24.14656   -48.8141
-3.096922  -24.7579   -50.1677
-3.096922  -25.98058   -48.8141
-2.16245  -24.45223   -49.8293
-3.7199  -24.7579   -46.7837
-0.9164892  -26.28625   -50.5061
-2.16245  -26.89759   -48.4757
-2.473939  -25.36924   -48.8141
-2.785429  -25.06357   -47.7989
-3.096922  -24.14656   -48.8141
-2.473939  -25.36924   -48.1373
-2.473939  -24.14656   -49.4909
-1.850961  -25.36924   -48.1373
-2.473939  -25.98058   -48.1373
-1.539472  -25.06357   -48.4757
-3.7199  -25.36924   -48.8141
-2.16245  -24.45223   -48.4757
-2.473939  -25.36924   -47.4605
-0.9164892  -24.45223   -48.4757
-0.9164892  -23.84089   -49.1525
-1.850961  -23.53522   -48.8141
-0.9164892  -24.45223   -47.7989
-3.7199  -25.36924   -48.8141
-1.227978  -25.98058   -48.8141
-4.031389  -24.45223   -49.1525
-0.9164892  -24.45223   -47.7989
-1.850961  -25.36924   -49.4909
-3.096922  -25.36924   -49.4909
-2.16245  -24.45223   -49.1525
-2.785429  -23.84089   -49.1525
-2.785429  -24.45223   -48.4757
-2.473939  -23.53522   -48.1373
-1.850961  -24.14656   -48.1373
-1.539472  -24.45223   -47.7989
-2.785429  -26.28625   -46.4453
-1.850961  -26.59192   -46.7837
-3.7199  -24.14656   -49.4909
-1.850961  -26.59192   -47.4605
-2.16245  -25.06357   -49.1525
-0.605  -24.14656   -49.4909
-1.850961  -24.7579   -48.8141
-2.785429  -23.84089   -47.7989
-1.850961  -24.7579   -48.8141
-1.539472  -26.28625   -48.4757
-1.850961  -23.53522   -49.4909
-2.473939  -24.14656   -48.8141
-1.850961  -24.7579   -49.4909
-2.785429  -25.06357   -47.7989
-2.473939  -25.98058   -48.1373
-3.7199  -23.53522   -48.1373
-2.16245  -25.06357   -48.4757
-1.850961  -25.36924   -48.1373
-0.9164892  -25.67491   -48.4757
-3.096922  -24.7579   -47.4605
-0.2935108  -25.67491   -46.4453
-1.539472  -26.28625   -47.7989
-2.16245  -23.84089   -47.7989
-0.605  -25.98058   -47.4605
-2.473939  -24.7579   -50.1677
-3.096922  -25.36924   -48.8141
-3.7199  -24.7579   -48.8141
-3.096922  -24.7579   -49.4909
-1.539472  -25.06357   -48.4757
-1.227978  -22.92388   -48.8141
-1.850961  -27.20326   -47.4605
-1.227978  -24.7579   -48.8141
-2.473939  -24.14656   -49.4909
-1.227978  -23.53522   -48.8141
-3.096922  -24.7579   -47.4605
-2.473939  -24.7579   -47.4605
-1.850961  -24.14656   -48.8141
-2.16245  -23.22955   -49.8293
-1.850961  -25.36924   -48.8141
-2.16245  -25.67491   -46.4453
-1.850961  -25.98058   -47.4605
-0.605  -25.98058   -46.1069
-2.473939  -25.36924   -48.1373
-2.16245  -26.89759   -47.7989
-1.850961  -24.7579   -46.7837
-1.539472  -24.45223   -49.1525
-1.539472  -24.45223   -49.8293
-2.16245  -24.45223   -48.4757
-1.227978  -25.36924   -49.4909
-1.850961  -25.98058   -45.4301
-1.539472  -24.45223   -48.4757
-3.7199  -24.14656   -48.8141
-1.227978  -25.36924   -48.8141
-0.2935108  -24.45223   -49.8293
-1.539472  -24.45223   -49.1525
-3.096922  -26.59192   -48.8141
-1.539472  -24.45223   -48.4757
-2.16245  -24.45223   -48.4757
-1.539472  -25.06357   -49.1525
-1.227978  -24.7579   -48.1373
-2.473939  -24.14656   -47.4605
-1.227978  -23.53522   -45.4301
-1.850961  -23.53522   -48.1373
-1.850961  -24.14656   -48.8141
-1.539472  -25.06357   -48.4757
-2.473939  -22.31254   -48.8141
-1.850961  -22.92388   -48.1373
-1.850961  -24.14656   -50.1677
-3.408411  -26.28625   -49.1525
-1.850961  -24.14656   -49.4909
-2.16245  -24.45223   -48.4757
-1.850961  -25.36924   -48.1373
-2.785429  -25.06357   -47.1221
-1.539472  -23.84089   -49.1525
-2.16245  -25.06357   -47.7989
-1.850961  -25.36924   -47.4605
-1.539472  -24.45223   -48.4757
-2.16245  -25.06357   -49.1525
-4.031389  -25.06357   -47.1221
-1.227978  -24.7579   -47.4605
-0.9164892  -25.67491   -47.1221
-1.539472  -25.67491   -48.4757
-1.227978  -24.7579   -49.4909
-0.605  -25.98058   -46.7837
-1.227978  -25.36924   -46.7837
-2.785429  -25.67491   -46.4453
-2.473939  -24.7579   -48.8141
-2.785429  -24.45223   -47.7989
-2.16245  -25.06357   -49.1525
-2.785429  -25.67491   -47.7989
-3.408411  -24.45223   -47.1221
-2.785429  -25.06357   -47.7989
-0.605  -25.36924   -48.8141
-1.539472  -25.06357   -47.7989
-3.408411  -24.45223   -49.8293
-0.605  -25.98058   -48.8141
-1.850961  -24.7579   -47.4605
-2.16245  -25.06357   -49.8293
-2.785429  -25.67491   -47.7989
-1.539472  -25.06357   -47.1221
-1.227978  -24.7579   -47.4605
-1.850961  -24.7579   -45.4301
-1.539472  -24.45223   -47.1221
-1.539472  -25.06357   -47.1221
-1.850961  -26.59192   -47.4605
-1.227978  -25.36924   -46.7837
-2.473939  -23.53522   -49.4909
-3.408411  -24.45223   -49.8293
-1.539472  -26.89759   -50.5061
-0.9164892  -25.06357   -48.4757
-1.850961  -25.36924   -48.8141
-0.9164892  -25.67491   -49.1525
-2.473939  -23.53522   -48.8141
-2.16245  -24.45223   -47.7989
-1.850961  -24.14656   -48.8141
-1.850961  -24.7579   -48.1373
-1.850961  -24.14656   -48.1373
-2.16245  -26.28625   -50.5061
-1.539472  -24.45223   -48.4757
-1.850961  -22.92388   -48.8141
-1.227978  -25.36924   -49.4909
-2.473939  -25.36924   -47.4605
-1.850961  -25.98058   -49.4909
-2.16245  -26.28625   -47.1221
-4.342878  -25.36924   -49.4909
-1.850961  -26.59192   -48.8141
-1.850961  -24.7579   -50.1677
-1.850961  -24.7579   -50.1677
-3.096922  -23.53522   -48.8141
-2.473939  -24.7579   -48.8141
-1.850961  -24.14656   -49.4909
-3.408411  -25.67491   -49.1525
-2.473939  -24.7579   -48.1373
-0.9164892  -23.84089   -49.8293
-3.408411  -24.45223   -48.4757
-1.850961  -25.98058   -48.8141
-2.473939  -24.7579   -47.4605
-2.16245  -23.84089   -49.1525
-2.16245  -25.06357   -47.1221
-1.850961  -27.20326   -48.1373
-2.785429  -25.06357   -47.7989
-2.785429  -25.67491   -47.1221
-3.7199  -24.14656   -48.8141
-1.539472  -26.89759   -47.7989
-2.473939  -25.36924   -45.4301
-1.850961  -23.53522   -46.7837
-1.227978  -25.36924   -46.7837
-2.16245  -22.61821   -49.1525
-1.227978  -25.36924   -49.4909
-1.850961  -24.7579   -48.1373
-2.785429  -25.06357   -47.1221
-2.16245  -24.45223   -48.4757
-1.539472  -23.84089   -47.7989
-1.539472  -24.45223   -49.1525
-2.785429  -24.45223   -47.1221
-2.16245  -25.06357   -47.1221
-3.7199  -24.7579   -48.8141
-0.605  -23.53522   -48.1373
-2.16245  -24.45223   -49.1525
-2.785429  -23.84089   -49.1525
-2.16245  -24.45223   -49.1525
-4.031389  -25.06357   -48.4757
-1.850961  -25.36924   -48.8141
-3.096922  -25.98058   -46.7837
-2.16245  -24.45223   -49.1525
-2.16245  -26.28625   -49.8293
-2.473939  -25.36924   -48.8141
-1.850961  -22.92388   -47.4605
-0.605  -24.14656   -48.8141
-1.539472  -25.67491   -48.4757
-0.605  -24.7579   -48.1373
-1.850961  -25.98058   -46.7837
-1.539472  -25.06357   -49.8293
-0.9164892  -25.06357   -49.1525
-2.785429  -25.06357   -48.4757
-1.850961  -22.92388   -49.4909
-2.785429  -24.45223   -48.4757
-3.096922  -27.20326   -48.1373
-2.16245  -25.06357   -49.1525
-3.096922  -24.7579   -48.8141
-1.539472  -23.84089   -49.8293
-1.539472  -25.06357   -48.4757
-1.539472  -25.67491   -47.7989
-1.539472  -25.06357   -47.7989
-1.539472  -23.84089   -49.1525
-3.096922  -23.53522   -49.4909
-1.850961  -25.36924   -47.4605
-2.16245  -24.45223   -48.4757
-0.9164892  -25.67491   -47.7989
-2.473939  -25.36924   -48.8141
-2.16245  -24.45223   -50.5061
-1.539472  -25.67491   -48.4757
-3.096922  -23.53522   -49.4909
-0.605  -24.14656   -49.4909
-1.539472  -25.06357   -46.4453
-2.16245  -23.22955   -48.4757
-2.16245  -25.06357   -47.7989
-0.9164892  -23.22955   -50.5061
-2.785429  -23.84089   -50.5061
-0.605  -25.36924   -46.7837
-1.539472  -25.06357   -47.1221
-0.2935108  -25.67491   -47.1221
-1.227978  -24.14656   -48.8141
-2.16245  -25.06357   -46.4453
-1.539472  -26.28625   -46.4453
-1.227978  -25.36924   -46.1069
-0.9164892  -25.06357   -46.4453
-3.408411  -25.06357   -45.7685
-1.539472  -25.67491   -46.4453
-3.408411  -24.45223   -46.4453
-2.16245  -26.28625   -47.7989
-2.785429  -26.28625   -45.7685
-2.16245  -24.45223   -47.7989
-2.473939  -24.14656   -46.7837
-1.539472  -24.45223   -45.0917
-2.16245  -26.89759   -45.7685
-1.850961  -24.7579   -47.4605
-2.785429  -26.89759   -47.7989
-1.539472  -23.84089   -46.4453
-1.227978  -24.7579   -46.7837
-2.16245  -24.45223   -48.4757
-2.785429  -25.06357   -47.7989
-2.473939  -24.14656   -47.4605
-1.539472  -23.84089   -49.1525
-2.473939  -25.36924   -47.4605
-2.785429  -27.50893   -47.7989
-2.785429  -23.22955   -48.4757
-1.227978  -25.36924   -48.8141
-2.785429  -25.67491   -49.8293
-1.539472  -24.45223   -47.1221
-2.16245  -25.06357   -47.7989
-2.473939  -23.53522   -48.8141
-1.227978  -25.36924   -48.1373
-1.850961  -25.36924   -50.1677
-3.7199  -24.7579   -47.4605
-2.473939  -24.14656   -48.1373
-2.785429  -23.22955   -48.4757
-4.654372  -23.84089   -49.1525
-3.096922  -25.36924   -48.8141
0.01797842  -25.36924   -49.4909
-3.096922  -23.53522   -49.4909
-3.7199  -26.59192   -50.1677
-3.096922  -24.14656   -48.1373
-0.9164892  -25.67491   -48.4757
-1.850961  -25.36924   -47.4605
-2.473939  -25.36924   -49.4909
-1.850961  -24.14656   -49.4909
-2.785429  -25.67491   -49.1525
-2.785429  -24.45223   -50.5061
-0.9164892  -24.45223   -49.1525
-2.785429  -24.45223   -47.7989
-3.408411  -25.06357   -45.7685
-3.096922  -22.92388   -48.8141
-2.16245  -23.84089   -49.1525
-1.850961  -26.59192   -48.8141
-2.16245  -25.67491   -47.7989
-2.16245  -25.67491   -49.1525
-3.408411  -25.67491   -48.4757
-4.342878  -24.14656   -48.8141
-3.096922  -23.53522   -48.8141
-2.473939  -26.59192   -49.4909
-3.7199  -24.14656   -48.1373
-2.785429  -25.06357   -48.4757
-2.785429  -24.45223   -47.7989
-1.850961  -25.36924   -48.1373
-3.096922  -25.36924   -48.1373
-1.850961  -25.36924   -48.1373
-0.605  -24.7579   -48.8141
-2.16245  -25.06357   -47.7989
-2.16245  -23.84089   -49.8293
-0.2935108  -23.84089   -48.4757
-1.539472  -25.67491   -47.7989
-0.9164892  -24.45223   -49.1525
-2.785429  -24.45223   -47.7989
-3.096922  -24.14656   -48.8141
-2.785429  -25.06357   -48.4757
-1.539472  -25.06357   -49.8293
-4.031389  -25.06357   -49.8293
-2.785429  -25.06357   -47.7989
-3.096922  -25.36924   -46.1069
-0.2935108  -24.45223   -49.8293
-0.9164892  -23.84089   -48.4757
-1.850961  -25.36924   -47.4605
-2.16245  -23.84089   -48.4757
-3.408411  -25.06357   -49.1525
-0.9164892  -24.45223   -47.7989
-2.16245  -25.06357   -49.1525
-4.654372  -26.28625   -48.4757
-2.16245  -25.67491   -49.8293
-1.227978  -25.98058   -46.7837
-2.785429  -24.45223   -48.4757
-2.785429  -23.22955   -49.1525
-3.408411  -22.61821   -49.1525
-1.539472  -25.06357   -47.7989
-0.605  -24.14656   -49.4909
-1.850961  -23.53522   -49.4909
-3.096922  -25.36924   -50.1677
-2.473939  -25.36924   -48.8141
-2.16245  -24.45223   -49.1525
-3.7199  -25.98058   -47.4605
-2.785429  -23.84089   -47.1221
-1.539472  -25.67491   -47.1221
-1.539472  -23.22955   -48.4757
-0.9164892  -23.84089   -47.7989
-1.227978  -25.36924   -48.8141
-2.16245  -25.06357   -48.4757
-2.785429  -25.67491   -49.1525
-1.539472  -25.67491   -47.1221
-2.473939  -24.14656   -46.1069
-2.473939  -24.7579   -48.1373
-2.473939  -24.7579   -48.1373
-2.473939  -24.14656   -48.8141
-1.539472  -23.84089   -48.4757
-2.785429  -24.45223   -48.4757
-1.850961  -25.98058   -47.4605
-2.16245  -25.06357   -47.7989
-3.096922  -24.7579   -47.4605
-1.539472  -24.45223   -49.1525
-3.096922  -23.53522   -48.8141
-3.096922  -24.7579   -47.4605
-2.473939  -23.53522   -48.1373
-2.473939  -24.14656   -48.1373
-0.605  -23.53522   -48.1373
-1.539472  -24.45223   -47.7989
-2.16245  -24.45223   -48.4757
-1.227978  -24.14656   -48.1373
-3.096922  -22.92388   -48.1373
-2.473939  -24.14656   -48.8141
-1.850961  -24.14656   -48.8141
-1.539472  -23.84089   -46.4453
-1.539472  -26.28625   -47.7989
-1.539472  -23.84089   -47.1221
-2.473939  -22.92388   -47.4605
-2.473939  -24.14656   -47.4605
-2.473939  -24.7579   -46.1069
-2.16245  -25.67491   -47.1221
0.01797842  -26.59192   -46.1069
-0.9164892  -25.67491   -48.4757
-1.850961  -24.7579   -46.7837
-2.473939  -25.36924   -46.7837
-1.539472  -25.67491   -47.7989
-2.785429  -25.06357   -46.4453
-3.096922  -24.14656   -48.1373
-2.785429  -26.28625   -47.1221
-1.227978  -25.98058   -45.4301
-1.227978  -25.98058   -47.4605
-3.096922  -24.14656   -45.4301
-2.473939  -24.14656   -46.7837
-2.16245  -25.06357   -47.1221
-1.227978  -25.98058   -47.4605
-2.785429  -26.28625   -47.7989
-1.539472  -25.06357   -46.4453
-0.9164892  -23.22955   -49.8293
-2.785429  -24.45223   -49.1525
-1.227978  -24.7579   -48.1373
-2.473939  -23.53522   -48.8141
-3.408411  -24.45223   -46.4453
-1.227978  -24.14656   -50.1677
-1.539472  -24.45223   -49.1525
-3.7199  -25.36924   -48.8141
-3.408411  -25.06357   -48.4757
-0.605  -24.7579   -48.1373
-2.16245  -24.45223   -49.8293
-0.2935108  -25.06357   -50.5061
-2.785429  -25.67491   -47.7989
-3.408411  -24.45223   -49.1525
-1.850961  -23.53522   -48.8141
-1.539472  -24.45223   -47.7989
-3.408411  -23.22955   -48.4757
-1.539472  -25.06357   -50.5061
-2.16245  -25.06357   -47.7989
-1.850961  -25.98058   -48.1373
-0.9164892  -23.84089   -49.8293
-2.473939  -24.7579   -48.8141
-2.473939  -24.7579   -50.1677
-3.096922  -24.7579   -50.1677
-2.473939  -24.14656   -48.1373
-1.850961  -22.92388   -50.1677
-1.539472  -22.61821   -47.7989
-1.227978  -23.53522   -47.4605
-2.785429  -24.45223   -47.7989
-2.16245  -25.67491   -46.4453
-1.850961  -24.7579   -48.1373
-4.031389  -23.84089   -49.1525
-4.031389  -24.45223   -48.4757
-2.16245  -23.84089   -47.1221
-2.16245  -25.06357   -48.4757
-3.408411  -25.06357   -49.1525
-2.785429  -24.45223   -49.1525
-1.850961  -25.98058   -47.4605
-2.473939  -24.7579   -48.8141
-2.16245  -22.61821   -49.1525
-2.473939  -25.98058   -48.8141
-2.473939  -23.53522   -48.1373
-2.473939  -25.98058   -48.1373
-1.539472  -23.22955   -47.7989
-1.539472  -24.45223   -49.8293
-2.785429  -23.22955   -49.8293
-0.605  -22.31254   -48.1373
-1.539472  -26.28625   -46.4453
-1.539472  -26.28625   -47.7989
-0.9164892  -25.67491   -47.1221
-2.785429  -25.06357   -48.4757
-0.9164892  -25.67491   -48.4757
-2.16245  -24.45223   -47.7989
-1.227978  -25.36924   -46.1069
-1.539472  -26.28625   -45.0917
-2.473939  -26.59192   -46.7837
-0.605  -26.59192   -48.1373
-1.227978  -25.98058   -47.4605
-0.2935108  -25.06357   -47.1221
-0.605  -27.8146   -46.1069
-0.2935108  -24.45223   -46.4453
-2.473939  -25.36924   -48.8141
0.3294716  -24.45223   -49.1525
-0.9164892  -26.89759   -48.4757
-2.16245  -23.84089   -49.1525
-0.2935108  -26.28625   -48.4757
-0.2935108  -24.45223   -47.1221
0.01797842  -24.14656   -48.1373
-2.16245  -23.22955   -49.1525
-1.227978  -25.98058   -46.7837
-0.605  -25.98058   -49.4909
-0.9164892  -24.45223   -46.4453
-1.539472  -26.28625   -48.4757
1.575431  -25.67491   -49.1525
-0.605  -23.53522   -47.4605
0.95245  -25.06357   -46.4453
3.13288  -24.14656   -47.4605
0.6409608  -25.36924   -48.8141
-1.227978  -25.36924   -48.1373
1.88692  -25.98058   -48.8141
0.6409608  -25.36924   -48.1373
1.88692  -26.59192   -49.4909
1.263939  -26.59192   -47.4605
0.01797842  -25.98058   -48.8141
0.95245  -26.28625   -47.7989
-0.2935108  -26.89759   -47.1221
0.3294716  -25.06357   -49.1525
-0.605  -25.98058   -48.1373
-0.2935108  -26.89759   -49.1525
-0.9164892  -27.50893   -47.7989
0.6409608  -26.59192   -48.1373
-0.9164892  -26.28625   -49.1525
-1.850961  -27.20326   -47.4605
-0.2935108  -25.06357   -47.7989
-0.605  -25.98058   -46.7837
0.01797842  -26.59192   -49.4909
-1.227978  -24.7579   -48.1373
-0.2935108  -26.28625   -47.1221
-1.227978  -25.98058   -46.7837
-1.539472  -26.89759   -45.7685
-2.473939  -26.59192   -48.1373
-1.850961  -27.8146   -47.4605
-1.850961  -27.20326   -47.4605
-4.031389  -28.73161   -47.1221
-4.654372  -26.89759   -47.1221
-4.342878  -27.8146   -47.4605
-3.096922  -28.42594   -46.1069
-3.408411  -28.12027   -48.4757
-6.211822  -28.42594   -46.1069
-4.965861  -27.8146   -46.7837
-5.900329  -27.50893   -47.1221
-4.965861  -26.59192   -46.7837
-5.58884  -27.8146   -46.7837
-3.7199  -27.8146   -46.1069
-6.523311  -25.67491   -48.4757
-7.457778  -27.8146   -46.7837
-6.211822  -27.20326   -47.4605
-6.8348  -27.20326   -45.4301
-7.146289  -26.89759   -47.1221
-6.8348  -26.59192   -46.7837
-7.457778  -27.8146   -47.4605
-8.080761  -25.98058   -46.1069
-8.080761  -26.59192   -47.4605
-8.39225  -27.50893   -47.1221
-7.146289  -26.28625   -47.1221
-8.080761  -26.59192   -48.1373
-9.326722  -27.20326   -48.1373
-7.457778  -26.59192   -47.4605
-8.080761  -26.59192   -46.7837
-8.39225  -23.84089   -47.7989
-8.39225  -26.89759   -45.7685
-9.326722  -25.36924   -46.7837
-8.703739  -25.98058   -47.4605
-6.523311  -24.45223   -48.4757
-9.326722  -25.98058   -48.8141
-9.326722  -23.53522   -46.1069
-8.39225  -23.22955   -45.7685
-8.39225  -23.84089   -48.4757
-9.326722  -24.14656   -46.1069
-10.57268  -24.7579   -46.1069
-7.769272  -23.84089   -49.1525
-9.326722  -24.14656   -46.7837
-10.57268  -24.14656   -46.7837
-9.326722  -24.14656   -46.7837
-11.81864  -24.14656   -48.1373
-9.638211  -23.84089   -45.7685
-10.88417  -25.06357   -48.4757
-10.57268  -25.36924   -44.7533
-11.19566  -24.14656   -44.7533
-10.88417  -24.45223   -45.7685
-11.19566  -24.7579   -44.0765
-10.88417  -26.89759   -43.7381
-12.44162  -24.7579   -44.7533
-11.50715  -25.06357   -45.7685
-10.26119  -24.45223   -47.1221
-11.81864  -24.7579   -46.7837
-11.19566  -24.14656   -46.7837
-11.81864  -25.36924   -45.4301
-12.44162  -24.14656   -44.7533
-11.81864  -24.7579   -45.4301
-12.13013  -25.67491   -45.0917
-13.0646  -24.14656   -43.3997
-12.75311  -26.28625   -45.7685
-11.81864  -24.7579   -42.7229
-12.13013  -25.67491   -43.7381
-13.68758  -24.7579   -44.0765
-13.68758  -24.7579   -43.3997
-14.31056  -26.59192   -45.4301
-13.68758  -25.98058   -43.3997
-12.75311  -24.45223   -45.0917
-13.68758  -24.14656   -45.4301
-12.75311  -25.06357   -43.0613
-14.31056  -25.36924   -44.0765
-15.24503  -25.67491   -45.7685
-14.62205  -26.28625   -45.7685
-13.68758  -25.36924   -45.4301
-15.86801  -24.45223   -45.0917
-14.31056  -25.98058   -46.1069
-15.24503  -26.28625   -45.0917
-13.99907  -25.67491   -45.7685
-13.99907  -25.67491   -46.4453
-13.68758  -25.36924   -45.4301
-14.31056  -25.98058   -45.4301
-12.75311  -23.84089   -45.0917
-10.88417  -25.06357   -46.4453
-12.13013  -24.45223   -46.4453
-11.81864  -24.14656   -46.1069
-9.638211  -26.28625   -45.7685
-10.88417  -24.45223   -43.7381
-10.57268  -25.36924   -44.7533
-9.638211  -25.06357   -45.0917
-8.39225  -25.06357   -45.0917
-9.015228  -23.84089   -46.4453
-10.57268  -25.36924   -44.7533
-10.57268  -23.53522   -46.7837
-10.57268  -22.92388   -46.7837
-9.015228  -24.45223   -46.4453
-9.015228  -25.06357   -47.1221
-8.703739  -23.53522   -46.1069
-9.326722  -21.7012   -48.1373
-8.703739  -25.36924   -47.4605
-10.57268  -24.14656   -46.7837
-9.638211  -24.45223   -46.4453
-9.326722  -24.7579   -46.7837
-9.015228  -25.67491   -49.1525
-9.9497  -24.14656   -48.8141
-7.769272  -24.45223   -45.0917
-9.326722  -24.7579   -46.1069
-10.26119  -24.45223   -44.4149
-8.080761  -24.7579   -44.7533
-9.9497  -24.7579   -46.1069
-10.57268  -24.14656   -44.0765
-9.638211  -25.67491   -45.7685
-8.080761  -25.36924   -45.4301
-8.703739  -23.53522   -45.4301
-9.326722  -24.14656   -47.4605
-8.703739  -24.7579   -46.7837
-8.080761  -25.36924   -45.4301
-8.39225  -26.28625   -46.4453
-9.015228  -25.06357   -47.1221
-7.457778  -25.36924   -48.1373
-6.8348  -25.98058   -48.1373
-6.523311  -25.06357   -48.4757
-8.080761  -26.59192   -45.4301
-6.8348  -25.36924   -48.1373
-7.146289  -25.67491   -47.1221
-6.523311  -25.06357   -45.0917
-6.523311  -24.45223   -47.7989
-5.58884  -24.7579   -47.4605
-6.8348  -25.36924   -48.1373
-6.211822  -25.98058   -48.8141
-6.523311  -25.06357   -47.1221
-6.211822  -26.59192   -47.4605
-6.8348  -24.14656   -46.7837
-4.654372  -23.84089   -47.7989
-6.211822  -24.14656   -47.4605
-5.900329  -23.84089   -46.4453
-4.342878  -24.7579   -48.8141
-5.58884  -25.36924   -47.4605
-7.457778  -24.14656   -47.4605
-5.900329  -26.89759   -49.8293
-5.58884  -22.92388   -47.4605
-6.211822  -25.36924   -47.4605
-6.523311  -25.06357   -47.7989
-5.58884  -23.53522   -48.1373
-4.654372  -26.28625   -46.4453
-5.58884  -23.53522   -48.8141
-4.654372  -23.22955   -47.7989
-5.27735  -23.84089   -49.1525
-5.27735  -23.22955   -47.7989
-4.031389  -23.22955   -47.1221
-6.211822  -22.92388   -47.4605
-3.7199  -21.7012   -48.8141
-6.211822  -21.7012   -48.8141
-5.27735  -21.39553   -47.7989
-4.654372  -22.00687   -47.7989
-4.654372  -22.61821   -47.7989
-5.900329  -22.00687   -47.1221
-7.146289  -22.00687   -46.4453
-6.523311  -22.00687   -47.7989
-6.523311  -22.00687   -49.8293
-8.080761  -23.53522   -47.4605
-7.457778  -22.92388   -47.4605
-7.457778  -20.47852   -48.1373
-7.457778  -21.7012   -47.4605
-7.769272  -20.17285   -47.1221
-10.57268  -20.47852   -46.7837
-6.8348  -21.7012   -48.1373
-7.769272  -20.78419   -47.7989
-8.080761  -19.25584   -46.7837
-9.638211  -18.95017   -47.7989
-9.326722  -17.42182   -49.4909
-9.015228  -18.95017   -49.1525
-10.88417  -18.95017   -47.1221
-9.9497  -18.03316   -48.1373
-10.88417  -18.95017   -47.7989
-9.326722  -19.25584   -46.1069
-11.81864  -17.42182   -47.4605
-12.44162  -19.86718   -46.1069
-12.13013  -18.95017   -47.7989
-11.81864  -18.6445   -46.7837
-12.13013  -17.11615   -47.7989
-13.99907  -16.50481   -47.1221
-12.44162  -17.42182   -46.7837
-12.75311  -17.72749   -47.1221
-13.68758  -16.19914   -46.1069
-13.68758  -17.42182   -46.1069
-13.68758  -18.03316   -44.7533
-15.24503  -16.50481   -46.4453
-14.62205  -18.33883   -46.4453
-13.37609  -17.72749   -46.4453
-15.55652  -16.81048   -46.1069
-13.37609  -17.11615   -46.4453
-16.49099  -17.11615   -46.4453
-16.1795  -16.19914   -46.7837
-14.93354  -18.03316   -44.7533
-14.31056  -16.81048   -46.1069
-16.80248  -14.97646   -46.1069
-17.11397  -15.89347   -45.0917
-15.86801  -16.50481   -48.4757
-16.1795  -15.5878   -45.4301
-17.42546  -14.97646   -45.4301
-18.04844  -14.97646   -45.4301
-17.42546  -14.97646   -45.4301
-18.35993  -15.28213   -45.0917
-17.11397  -14.05945   -44.4149
-16.80248  -15.5878   -46.1069
-17.73695  -14.67079   -44.4149
-16.49099  -14.05945   -46.4453
-17.11397  -15.28213   -43.7381
-17.42546  -13.75378   -46.1069
-16.80248  -13.75378   -44.0765
-18.04844  -13.75378   -44.0765
-18.35993  -13.44811   -46.4453
-18.35993  -14.67079   -45.0917
-19.91738  -13.75378   -44.7533
-19.60589  -13.44811   -45.7685
-19.91738  -13.14244   -45.4301
-18.98291  -12.22543   -43.7381
-19.2944  -12.5311   -44.7533
-21.16334  -14.36512   -44.7533
-18.98291  -14.05945   -45.0917
-18.67142  -12.5311   -44.0765
-20.54036  -13.75378   -44.0765
-20.85185  -15.28213   -45.0917
-19.60589  -12.83677   -43.7381
-19.60589  -12.83677   -43.0613
-22.09781  -12.83677   -43.7381
-20.85185  -12.22543   -41.0309
-21.47483  -11.61409   -43.0613
-21.16334  -11.30842   -42.7229
-21.16334  -13.75378   -42.7229
-20.54036  -12.5311   -44.0765
-21.78632  -11.30842   -41.3693
-21.16334  -11.91976   -41.3693
-22.09781  -11.61409   -45.0917
-23.03228  -11.30842   -41.3693
-23.03228  -11.30842   -44.0765
-22.09781  -11.00275   -41.7077
-24.27824  -12.5311   -42.0461
-25.83569  -11.00275   -42.3845
-24.58973  -10.39141   -41.7077
-23.96675  -10.39141   -41.7077
-26.14718  -10.08574   -40.0157
-25.21271  -10.39141   -41.0309
-28.32761  -10.39141   -39.6773
-25.83569  -10.39141   -41.0309
-27.08165  -9.78007   -39.0005
-27.70463  -11.61409   -39.0005
-28.6391  -10.69708   -38.6621
-27.39314  -10.08574   -39.3389
-27.70463  -11.61409   -39.6773
-27.08165  -12.22543   -39.0005
-28.32761  -12.22543   -36.2933
-30.50804  -12.5311   -36.6317
-28.6391  -12.5311   -35.9549
-30.81953  -12.22543   -37.6469
-28.95059  -13.44811   -34.9397
-30.50804  -11.91976   -35.9549
-30.81953  -12.83677   -32.9093
-34.24592  -11.30842   -32.5709
-32.99996  -11.30842   -30.5405
-32.99996  -13.14244   -29.1869
-32.06549  -14.67079   -28.8485
-32.68847  -14.67079   -30.8789
-33.31145  -15.28213   -28.8485
-34.55741  -14.67079   -26.8181
-34.8689  -15.5878   -27.1565
-37.04933  -16.50481   -27.4949
-34.8689  -15.5878   -27.8333
-34.55741  -16.50481   -28.8485
-36.42635  -17.11615   -28.8485
-35.18039  -17.11615   -26.1413
-34.8689  -17.42182   -24.4493
-37.36082  -18.03316   -24.4493
-35.49188  -17.42182   -23.0957
-36.42635  -18.33883   -23.4341
-36.11486  -20.47852   -21.7421
-37.67231  -20.17285   -21.4037
-35.18039  -18.33883   -22.7573
-36.73785  -19.86718   -20.3885
-37.9838  -20.47852   -20.3885
-37.67231  -20.78419   -21.4037
-36.42635  -22.61821   -17.3429
-37.04933  -20.17285   -17.3429
-37.36082  -22.31254   -17.6813
-37.04933  -22.61821   -18.6965
-36.42635  -22.61821   -17.3429
-37.04933  -21.39553   -17.3429
-34.8689  -22.31254   -19.0349
-38.2953  -21.39553   -16.6661
-37.67231  -22.00687   -15.9893
-37.9838  -22.31254   -17.6813
-37.36082  -23.53522   -15.6509
-37.36082  -23.53522   -14.9741
-37.04933  -23.84089   -15.9893
-36.73785  -22.92388   -13.6205
-37.36082  -21.7012   -14.9741
-36.42635  -22.61821   -15.9893
-37.9838  -23.53522   -14.2973
-35.49188  -23.53522   -15.6509
-35.49188  -22.92388   -16.3277
-38.60678  -24.7579   -16.3277
-36.42635  -23.84089   -17.3429
-37.04933  -22.61821   -15.9893
-37.04933  -23.22955   -15.9893
-38.60678  -22.31254   -17.0045
-38.2953  -23.22955   -15.3125
-34.24592  -23.53522   -17.0045
-36.42635  -22.61821   -16.6661
-35.18039  -24.45223   -17.3429
-37.36082  -22.92388   -17.0045
-36.42635  -23.84089   -17.3429
-35.18039  -23.84089   -17.3429
-34.55741  -23.22955   -18.6965
-38.2953  -23.84089   -17.3429
-36.11486  -22.31254   -18.3581
-36.42635  -22.61821   -17.3429
-34.24592  -24.14656   -16.3277
-35.18039  -22.61821   -18.0197
-33.93443  -24.45223   -20.0501
-35.80337  -21.39553   -18.0197
-34.55741  -23.22955   -19.3733
-35.80337  -26.28625   -19.3733
-35.49188  -24.7579   -17.6813
-33.31145  -25.06357   -20.7269
-34.24592  -24.7579   -18.3581
-33.93443  -23.84089   -20.0501
-33.93443  -23.22955   -18.6965
-33.93443  -23.84089   -20.7269
-32.37698  -22.31254   -19.7117
-33.93443  -24.45223   -20.0501
-33.31145  -25.67491   -20.0501
-34.24592  -24.7579   -21.0653
-32.06549  -25.06357   -20.0501
-33.62294  -25.98058   -20.3885
-32.99996  -26.59192   -18.3581
-32.06549  -28.73161   -18.6965
-32.06549  -29.95429   -19.3733
-31.44251  -29.34295   -17.3429
-31.44251  -28.12027   -20.0501
-30.81953  -29.95429   -17.3429
-32.37698  -29.03728   -19.0349
-33.31145  -29.95429   -19.3733
-32.06549  -29.95429   -19.3733
-33.31145  -29.34295   -19.3733
-32.37698  -29.64862   -17.6813
-29.57357  -29.95429   -19.3733
-33.62294  -30.25996   -19.7117
-32.37698  -29.64862   -19.0349
-31.754  -30.25996   -17.6813
-31.754  -30.25996   -17.0045
-29.88506  -29.64862   -16.3277
-30.81953  -29.95429   -17.3429
-32.99996  -29.64862   -17.0045
-30.81953  -29.95429   -18.6965
-32.68847  -31.17697   -15.3125
-31.13102  -30.8713   -16.3277
-32.99996  -30.25996   -14.9741
-33.62294  -30.25996   -15.6509
-32.37698  -29.03728   -15.6509
-33.31145  -28.73161   -13.2821
-32.37698  -27.8146   -15.6509
-32.99996  -29.64862   -13.6205
-33.31145  -29.95429   -13.9589
-32.99996  -29.03728   -14.2973
-32.37698  -28.42594   -13.6205
-33.93443  -28.73161   -11.9285
-33.93443  -29.34295   -12.6053
-34.24592  -30.25996   -14.2973
-32.37698  -28.42594   -14.2973
-32.68847  -29.34295   -15.3125
-33.62294  -27.8146   -13.6205
-34.8689  -29.64862   -12.9437
-32.06549  -29.95429   -10.5749
-32.37698  -28.42594   -12.2669
-35.18039  -29.34295   -13.2821
-33.93443  -29.34295   -10.5749
-34.8689  -28.42594   -10.2365
-34.55741  -29.95429   -11.2517
-33.62294  -29.03728   -8.2061
-34.55741  -29.34295   -11.2517
-36.11486  -28.42594   -9.5597
-34.24592  -29.03728   -9.5597
-32.37698  -27.8146   -8.2061
-33.62294  -29.03728   -7.529299
-34.8689  -28.42594   -6.1757
-33.93443  -29.95429   -7.1909
-35.18039  -28.73161   -4.483699
-33.62294  -30.25996   -5.498899
-35.80337  -29.34295   -4.483699
-35.80337  -29.34295   -5.1605
-33.93443  -29.34295   -4.483699
-35.18039  -29.34295   -6.514099
-36.11486  -30.25996   -4.1453
-35.49188  -29.64862   -5.498899
-36.11486  -27.8146   -3.468499
-34.8689  -29.03728   -5.498899
-35.80337  -28.12027   -5.1605
-36.42635  -28.73161   -3.130099
-34.8689  -27.8146   -4.1453
-34.8689  -28.42594   -2.791699
-34.8689  -29.03728   -0.7612998
-34.8689  -27.8146   0.5923011
-34.24592  -27.20326   0.5923011
-34.8689  -27.20326   -0.7612998
-33.93443  -25.67491   1.607501
-34.24592  -26.59192   0.5923011
-35.49188  -27.20326   2.6227
-34.55741  -25.67491   1.607501
-33.62294  -24.7579   3.299501
-32.68847  -25.06357   3.637901
-32.37698  -26.59192   3.976301
-34.55741  -23.84089   5.668301
-33.31145  -24.45223   6.345102
-32.37698  -25.98058   8.7139
-32.06549  -23.84089   10.4059
-32.68847  -23.22955   11.0827
-31.44251  -24.45223   11.7595
-28.95059  -24.45223   12.4363
-31.754  -24.7579   12.7747
-31.13102  -24.7579   14.8051
-29.88506  -24.14656   15.4819
-26.77016  -24.14656   17.5123
-27.70463  -24.45223   17.8507
-25.83569  -25.06357   17.1739
-26.77016  -24.14656   18.1891
-24.58973  -25.06357   21.2347
-23.34377  -26.28625   20.5579
-23.96675  -23.84089   21.2347
-25.21271  -23.22955   21.9115
-21.78632  -24.14656   22.9267
-19.91738  -22.31254   23.6035
-18.98291  -23.84089   23.9419
-16.80248  -23.53522   24.2803
-16.49099  -22.00687   25.2955
-15.24503  -22.61821   25.9723
-15.24503  -22.61821   25.2955
-13.99907  -22.00687   28.6795
-12.13013  -24.45223   24.6187
-11.19566  -24.7579   26.9875
-10.57268  -24.14656   26.3107
-9.638211  -24.45223   28.0027
-5.900329  -21.39553   29.3563
-5.900329  -22.61821   29.3563
-4.654372  -24.45223   28.6795
-3.7199  -24.14656   26.9875
-2.785429  -22.61821   28.6795
-1.850961  -23.53522   29.0179
0.3294716  -23.84089   27.3259
1.575431  -25.06357   27.3259
1.263939  -23.53522   26.9875
0.01797842  -25.36924   28.3411
4.378839  -24.7579   26.3107
4.06735  -26.28625   25.2955
6.247781  -25.36924   25.6339
6.870761  -24.7579   25.6339
7.805231  -24.45223   27.3259
7.18225  -26.28625   25.2955
9.36268  -25.36924   24.2803
9.985662  -25.98058   24.9571
9.67417  -26.28625   25.2955
10.60864  -28.42594   23.6035
12.16609  -28.12027   23.9419
12.47758  -29.64862   23.6035
12.78907  -28.73161   23.9419
14.9695  -27.8146   21.5731
15.28099  -29.34295   21.2347
14.03503  -31.17697   21.2347
15.28099  -31.78831   19.8811
14.34652  -33.31666   16.8355
14.03503  -33.01099   17.1739
14.34652  -32.70532   17.5123
16.52695  -33.62233   12.4363
16.21546  -32.70532   14.1283
14.9695  -33.31666   13.4515
14.9695  -34.53934   11.4211
18.0844  -33.31666   10.0675
18.39589  -34.84501   10.4059
19.33036  -33.31666   11.4211
18.39589  -33.01099   9.729102
20.26483  -33.01099   10.4059
22.75675  -32.39965   10.4059
21.51079  -31.78831   9.729102
21.51079  -32.39965   7.0219
22.44526  -31.48264   8.037102
22.75675  -31.78831   10.4059
23.06824  -33.928   8.037102
23.06824  -32.70532   8.037102
22.13377  -32.39965   9.729102
22.13377  -30.56563   7.6987
22.13377  -31.17697   7.6987
22.75675  -31.17697   6.345102
24.00271  -31.78831   5.668301
23.37973  -31.78831   7.0219
22.75675  -31.17697   8.375501
23.69122  -30.8713   8.7139
23.69122  -31.48264   6.683501
24.00271  -31.17697   6.345102
24.00271  -31.17697   7.0219
22.44526  -30.8713   6.006701
22.75675  -29.34295   5.668301
23.69122  -27.8146   6.006701
21.82228  -30.8713   5.3299
22.13377  -28.12027   4.991501
21.82228  -30.25996   7.360301
23.37973  -30.56563   7.6987
21.51079  -31.17697   6.345102
21.82228  -31.48264   6.006701
21.82228  -32.70532   6.006701
20.26483  -31.17697   6.345102
18.70738  -33.928   8.037102
17.46142  -33.928   6.683501
17.77291  -34.84501   7.0219
16.21546  -35.76202   8.7139
14.65801  -36.06769   9.052301
13.10056  -35.76202   10.0675
14.03503  -36.06769   10.4059
11.23162  -36.9847   12.0979
12.16609  -37.90171   12.4363
8.428211  -37.29037   11.0827
8.428211  -40.34707   9.729102
6.247781  -38.81872   10.0675
3.755861  -40.0414   9.3907
4.06735  -40.34707   11.0827
1.88692  -40.65274   10.0675
0.6409608  -41.26408   10.0675
0.01797842  -40.65274   10.0675
-1.227978  -40.65274   11.4211
-0.605  -41.87542   10.7443
-3.7199  -41.87542   10.0675
-2.785429  -42.18109   9.729102
-5.27735  -42.79243   10.4059
-5.900329  -41.56975   9.729102
-8.080761  -43.0981   8.037102
-9.015228  -42.79243   7.0219
-9.9497  -43.70944   8.7139
-8.703739  -43.0981   9.3907
-9.9497  -41.87542   8.7139
-11.19566  -41.87542   8.7139
-9.9497  -41.87542   8.037102
-10.26119  -40.95841   9.729102
-13.68758  -42.48676   8.037102
-12.44162  -43.70944   9.3907
-13.99907  -40.34707   7.0219
-15.86801  -42.79243   7.0219
-17.11397  -42.18109   5.668301
-17.42546  -40.65274   3.976301
-16.80248  -41.26408   6.683501
-17.42546  -41.87542   6.006701
-15.86801  -40.95841   2.961101
-16.80248  -41.87542   3.299501
-17.42546  -40.65274   2.6227
-16.80248  -41.87542   0.5923011
-18.04844  -41.26408   1.2691
-17.73695  -41.56975   0.2539009
-18.35993  -40.95841   -0.4228996
-18.35993  -42.18109   -2.4533
-18.35993  -42.18109   -4.483699
-18.98291  -42.79243   -4.483699
-16.1795  -41.87542   -4.1453
-15.55652  -43.70944   -4.822099
-13.0646  -44.32078   -6.852499
-12.75311  -43.40377   -7.1909
-9.326722  -44.93212   -7.529299
-9.638211  -44.01511   -6.514099
-9.638211  -46.46047   -8.544499
-8.703739  -46.76614   -10.2365
-9.638211  -45.84913   -9.8981
-6.8348  -43.70944   -13.6205
-6.8348  -43.70944   -14.2973
-5.58884  -43.70944   -14.2973
-3.096922  -45.54346   -14.9741
-0.2935108  -44.62645   -13.9589
-0.2935108  -44.62645   -13.9589
1.575431  -45.23779   -15.3125
1.263939  -44.32078   -16.3277
3.13288  -44.32078   -17.0045
4.690331  -45.23779   -16.6661
5.6248  -43.70944   -20.3885
5.936289  -42.79243   -19.3733
6.247781  -44.32078   -18.3581
5.936289  -42.79243   -17.3429
6.870761  -44.32078   -19.0349
8.428211  -43.40377   -15.9893
8.428211  -44.62645   -16.6661
9.051189  -43.40377   -15.3125
10.60864  -43.70944   -12.9437
12.47758  -45.54346   -10.9133
12.78907  -44.01511   -12.6053
9.36268  -44.93212   -10.2365
10.60864  -43.70944   -11.5901
11.54311  -43.40377   -11.9285
9.36268  -43.0981   -10.2365
10.92013  -45.23779   -9.221299
10.29715  -42.79243   -10.5749
10.92013  -43.40377   -11.9285
10.29715  -42.79243   -11.9285
9.67417  -44.62645   -11.9285
9.36268  -43.70944   -12.9437
9.985662  -44.32078   -11.5901
8.428211  -44.01511   -11.9285
9.67417  -42.79243   -11.9285
7.18225  -41.56975   -9.8981
9.051189  -44.01511   -9.8981
8.428211  -43.40377   -9.221299
7.805231  -44.01511   -9.221299
6.247781  -44.32078   -11.5901
7.49374  -44.32078   -9.5597
4.378839  -43.70944   -8.2061
6.870761  -43.0981   -9.5597
5.6248  -44.93212   -10.2365
5.6248  -44.93212   -8.882899
5.936289  -43.40377   -9.221299
5.00182  -43.0981   -6.852499
5.00182  -43.70944   -6.852499
7.18225  -45.23779   -6.514099
5.6248  -43.0981   -6.852499
6.247781  -44.32078   -7.529299
6.247781  -44.93212   -8.882899
4.06735  -44.01511   -5.837299
5.6248  -43.0981   -6.852499
6.870761  -43.0981   -6.852499
5.936289  -44.62645   -6.514099
5.6248  -43.70944   -6.1757
5.936289  -45.23779   -6.514099
6.55927  -43.40377   -5.837299
5.6248  -43.0981   -8.2061
6.247781  -43.70944   -6.852499
6.870761  -42.48676   -6.852499
6.247781  -43.70944   -6.852499
6.55927  -42.18109   -6.514099
6.247781  -42.48676   -7.529299
7.805231  -44.01511   -7.1909
6.247781  -40.65274   -8.2061
7.18225  -42.18109   -8.544499
7.49374  -43.0981   -8.882899
6.247781  -41.26408   -8.2061
7.805231  -42.79243   -9.8981
9.36268  -41.87542   -6.852499
8.11672  -43.70944   -8.882899
6.247781  -43.0981   -9.5597
6.870761  -41.26408   -12.2669
6.870761  -41.87542   -14.2973
5.00182  -43.0981   -13.6205
4.378839  -44.32078   -12.9437
2.5099  -43.0981   -15.6509
1.88692  -42.48676   -16.3277
1.575431  -43.40377   -16.6661
0.95245  -42.18109   -19.3733
0.6409608  -41.87542   -22.4189
-1.227978  -41.87542   -23.0957
-3.7199  -40.0414   -23.7725
-6.211822  -40.65274   -26.4797
-4.654372  -39.73573   -28.8485
-6.211822  -40.65274   -28.5101
-7.146289  -38.51305   -28.8485
-9.015228  -39.12439   -30.8789
-8.703739  -38.20738   -33.2477
-9.638211  -35.45635   -34.9397
-10.57268  -34.53934   -36.6317
-12.13013  -33.01099   -36.9701
-14.31056  -33.31666   -36.6317
-16.1795  -31.48264   -38.6621
-15.55652  -27.20326   -37.9853
-16.49099  -25.67491   -39.0005
-16.49099  -23.22955   -41.7077
-17.42546  -21.7012   -40.6925
-20.22887  -18.95017   -41.0309
-19.2944  -14.36512   -43.3997
-19.91738  -13.75378   -44.0765
-18.35993  -11.00275   -43.7381
-18.98291  -7.94605   -43.7381
-20.22887  -7.33471   -43.7381
-19.2944  -4.58368   -43.3997
-17.73695  -3.05533   -43.7381
-17.42546  -0.9156399   -44.7533
-18.35993  -0.6099699   -42.3845
-17.73695  6.11477   -43.0613
-17.11397  4.892091   -42.3845
-15.55652  6.420441   -44.7533
-16.1795  7.643121   -41.3693
-16.80248  7.643121   -41.3693
-17.11397  10.39415   -41.7077
-15.55652  10.69982   -41.3693
-15.55652  14.36786   -40.6925
-13.0646  13.75652   -39.3389
-14.62205  14.06219   -39.0005
-14.62205  17.11889   -36.2933
-13.68758  18.0359   -38.6621
-14.31056  19.86992   -37.9853
-14.93354  21.0926   -35.2781
-12.13013  21.39827   -34.9397
-10.57268  22.31528   -33.2477
-12.75311  24.45497   -32.9093
-12.75311  23.84363   -32.9093
-12.44162  25.37198   -29.1869
-11.50715  25.67765   -28.1717
-13.0646  25.37198   -28.5101
-13.0646  26.59466   -27.1565
-12.75311  25.06631   -28.1717
-11.50715  29.95703   -22.7573
-12.13013  27.51167   -24.1109
-12.44162  29.04002   -22.4189
-13.0646  30.2627   -19.0349
-13.0646  29.65136   -20.3885
-13.37609  30.56837   -18.6965
-13.0646  29.65136   -17.0045
-13.68758  30.2627   -13.6205
-12.44162  31.48538   -14.9741
-14.31056  30.87404   -12.9437
-11.19566  32.70806   -10.9133
-13.0646  30.87404   -8.882899
-14.31056  30.87404   -6.1757
-12.13013  31.17971   -5.837299
-10.57268  31.48538   -4.822099
-10.26119  31.17971   -2.4533
-10.57268  33.3194   -4.1453
-11.19566  33.93074   -2.791699
-10.88417  33.01373   -1.776499
-12.13013  32.40239   1.607501
-11.19566  33.3194   -0.08449936
-9.326722  32.70806   1.2691
-9.9497  32.70806   3.299501
-8.703739  32.09672   2.6227
-11.19566  30.2627   6.683501
-9.9497  30.2627   6.006701
-9.638211  29.95703   7.6987
-10.57268  29.04002   7.360301
-9.638211  28.73435   9.729102
-8.703739  29.65136   10.0675
-8.39225  28.12301   13.1131
-10.88417  25.67765   13.7899
-9.638211  27.51167   14.4667
-10.57268  25.98332   16.1587
-11.50715  26.28899   16.4971
-11.81864  25.37198   18.8659
-9.638211  23.23229   20.5579
-10.88417  21.39827   19.2043
-10.26119  20.78693   22.5883
-9.9497  21.70394   20.2195
-10.57268  19.86992   21.5731
-9.638211  19.56425   22.5883
-7.769272  17.73023   24.6187
-7.769272  17.73023   25.2955
-8.080761  15.59054   25.6339
-9.015228  14.06219   27.3259
-8.703739  13.14518   26.9875
-9.015228  12.83951   27.3259
-9.326722  11.31116   28.3411
-6.8348  11.9225   30.3715
-5.58884  10.08848   30.3715
-5.900329  7.337451   30.7099
-4.965861  8.25446   30.3715
-4.654372  5.50343   31.3867
-5.900329  4.892091   31.3867
-5.900329  2.44673   30.7099
-4.342878  -0.3043   33.0787
-6.523311  -2.44399   33.4171
-6.8348  -3.361   34.4323
-6.211822  -2.74966   31.7251
-7.146289  -4.88935   32.0635
-8.39225  -6.72337   32.0635
-6.8348  -10.69708   31.7251
-6.8348  -10.69708   31.7251
-5.58884  -13.75378   33.0787
-4.654372  -14.05945   30.7099
-6.211822  -16.81048   31.0483
-6.8348  -19.25584   31.0483
-6.211822  -19.25584   29.6947
-5.27735  -20.78419   28.6795
-4.965861  -20.47852   29.0179
-1.539472  -21.39553   29.3563
-2.473939  -25.36924   26.9875
-3.408411  -25.67491   28.0027
-2.785429  -25.67491   28.6795
-2.16245  -29.95429   25.2955
-2.16245  -29.34295   27.3259
-1.539472  -29.95429   25.9723
-1.227978  -32.09398   24.2803
-1.539472  -33.62233   22.5883
-1.850961  -33.31666   22.2499
-1.227978  -35.15068   21.5731
-1.539472  -36.67903   20.5579
-0.605  -37.59604   19.5427
0.01797842  -37.59604   17.5123
-0.2935108  -40.34707   18.5275
-0.2935108  -40.34707   15.8203
-1.539472  -40.95841   14.4667
-0.605  -40.65274   14.1283
-1.539472  -42.18109   11.7595
-2.16245  -43.40377   10.4059
0.3294716  -44.01511   9.052301
-1.539472  -44.01511   7.0219
0.3294716  -44.62645   8.375501
0.95245  -44.62645   4.991501
0.95245  -44.62645   4.3147
0.01797842  -45.54346   3.976301
1.263939  -46.1548   3.299501
-0.605  -45.54346   1.2691
-1.850961  -46.76614   -0.08449936
0.95245  -46.46047   -2.4533
0.95245  -47.07181   -3.130099
-0.2935108  -47.07181   -5.1605
0.6409608  -47.98882   -6.852499
1.88692  -49.2115   -8.882899
1.88692  -48.60016   -10.2365
0.6409608  -46.76614   -11.5901
0.6409608  -47.37748   -12.2669
1.88692  -47.98882   -14.2973
-0.2935108  -46.46047   -15.9893
1.263939  -46.1548   -17.0045
-0.605  -47.37748   -19.0349
-0.605  -44.32078   -20.3885
0.01797842  -46.76614   -23.0957
-0.9164892  -45.84913   -24.7877
0.01797842  -46.1548   -25.8029
0.01797842  -44.32078   -27.1565
0.3294716  -44.01511   -28.8485
-2.473939  -41.87542   -30.5405
-1.850961  -41.87542   -31.2173
-2.16245  -39.73573   -32.2325
-0.9164892  -39.73573   -34.2629
-0.605  -37.59604   -36.6317
-2.16245  -37.90171   -35.6165
-0.9164892  -37.29037   -36.2933
-0.605  -35.15068   -36.6317
-0.9164892  -35.45635   -38.3237
-1.539472  -35.45635   -39.6773
-1.850961  -34.53934   -39.3389
-1.227978  -33.31666   -41.3693
-2.473939  -32.09398   -41.3693
-0.2935108  -32.39965   -43.0613
-2.473939  -30.25996   -44.0765
-3.096922  -30.25996   -42.7229
-3.096922  -29.64862   -44.0765
-1.227978  -27.20326   -45.4301
-1.850961  -25.98058   -43.3997
-1.539472  -26.89759   -47.1221
-3.408411  -25.67491   -45.7685
-2.16245  -26.28625   -45.7685
-2.785429  -26.28625   -46.4453
-2.473939  -22.31254   -45.4301
-4.031389  -20.78419   -47.1221
-4.342878  -21.7012   -47.4605
-4.342878  -19.86718   -47.4605
-2.473939  -20.47852   -47.4605
-2.785429  -19.56151   -47.7989
-1.850961  -20.47852   -46.7837
-2.473939  -21.08986   -46.7837
-1.850961  -19.25584   -48.8141
-2.16245  -17.11615   -47.1221
-0.605  -17.42182   -47.4605
0.95245  -17.11615   -48.4757
0.95245  -15.28213   -50.5061
2.5099  -16.81048   -47.4605
3.755861  -18.03316   -48.1373
5.6248  -18.03316   -48.8141
5.00182  -19.25584   -46.7837
6.55927  -20.17285   -47.7989
7.49374  -18.03316   -46.7837
6.870761  -17.42182   -46.7837
9.051189  -17.72749   -47.1221
9.985662  -15.5878   -46.7837
11.54311  -17.72749   -45.7685
12.16609  -17.11615   -46.4453
11.54311  -18.33883   -46.4453
12.47758  -21.7012   -43.3997
13.41205  -21.39553   -43.0613
12.16609  -21.39553   -41.7077
11.8546  -21.7012   -43.3997
14.34652  -21.7012   -42.7229
15.28099  -22.61821   -41.7077
14.65801  -23.22955   -43.0613
13.72354  -26.59192   -42.0461
14.03503  -28.73161   -41.0309
12.47758  -27.8146   -39.3389
13.10056  -29.03728   -39.3389
11.23162  -30.25996   -37.9853
10.92013  -29.95429   -37.6469
12.78907  -32.39965   -37.6469
13.41205  -33.01099   -35.6165
15.28099  -33.62233   -35.6165
12.47758  -34.53934   -35.2781
9.67417  -35.45635   -34.2629
7.805231  -37.90171   -36.2933
7.18225  -35.45635   -34.9397
5.313311  -36.67903   -35.6165
4.378839  -36.9847   -35.9549
5.936289  -36.67903   -35.6165
6.247781  -35.15068   -37.9853
5.936289  -35.45635   -35.6165
3.13288  -35.15068   -37.3085
2.198411  -36.06769   -37.6469
0.3294716  -37.29037   -36.2933
0.01797842  -38.81872   -37.9853
-1.539472  -36.67903   -35.6165
-0.605  -36.37336   -36.6317
-1.850961  -37.59604   -34.6013
-2.473939  -35.15068   -37.3085
-1.850961  -36.37336   -35.9549
-3.408411  -36.06769   -36.2933
-4.965861  -36.37336   -37.3085
-4.965861  -36.9847   -36.6317
-8.703739  -35.76202   -36.6317
-7.457778  -35.15068   -36.6317
-6.211822  -37.59604   -37.9853
-6.523311  -36.06769   -36.2933
-6.8348  -36.9847   -35.2781
-6.211822  -35.15068   -36.6317
-5.27735  -34.84501   -37.6469
-5.900329  -36.06769   -38.3237
-5.58884  -33.31666   -36.6317
-5.27735  -36.06769   -37.6469
-8.080761  -35.76202   -38.6621
-5.27735  -33.62233   -38.3237
-4.965861  -32.70532   -38.6621
-5.58884  -32.70532   -38.6621
-7.146289  -31.78831   -39.0005
-6.8348  -32.70532   -39.3389
-5.900329  -31.17697   -39.6773
-7.457778  -33.31666   -38.6621
-8.080761  -31.48264   -41.3693
-5.58884  -31.48264   -40.0157
-6.8348  -30.8713   -39.3389
-7.457778  -30.25996   -38.6621
-8.39225  -29.34295   -41.0309
-7.146289  -29.95429   -40.3541
-7.769272  -29.34295   -43.0613
-7.769272  -29.95429   -41.7077
-7.769272  -28.73161   -42.3845
-8.39225  -28.12027   -40.3541
-7.769272  -29.34295   -42.3845
-6.523311  -26.89759   -41.7077
-7.146289  -28.73161   -39.0005
-6.8348  -27.8146   -39.3389
-7.769272  -28.12027   -39.0005
-5.58884  -30.8713   -42.0461
-5.58884  -28.42594   -42.0461
-4.342878  -27.8146   -40.0157
-4.654372  -29.34295   -40.3541
-4.031389  -28.12027   -41.7077
-3.7199  -28.42594   -41.3693
-5.27735  -28.73161   -41.0309
-1.850961  -28.42594   -41.3693
-0.9164892  -29.34295   -41.7077
-2.16245  -30.56563   -42.3845
-2.16245  -30.56563   -40.3541
-2.16245  -29.95429   -41.0309
-3.096922  -29.64862   -42.0461
-4.654372  -29.95429   -41.7077
-4.342878  -29.64862   -42.0461
-4.031389  -28.73161   -40.3541
-5.58884  -29.03728   -41.3693
-5.58884  -29.03728   -42.0461
-5.58884  -27.8146   -41.3693
-5.900329  -27.50893   -41.7077
-6.523311  -28.12027   -41.0309
-5.27735  -27.50893   -41.0309
-5.900329  -29.34295   -41.0309
-5.900329  -25.67491   -41.7077
-5.58884  -27.20326   -42.7229
-5.27735  -27.50893   -41.7077
-4.342878  -27.20326   -44.0765
-5.58884  -24.7579   -42.0461
-5.900329  -25.67491   -45.0917
-4.031389  -26.28625   -43.7381
-7.457778  -24.7579   -44.0765
-5.58884  -22.92388   -44.0765
-6.211822  -24.14656   -42.7229
-6.8348  -25.36924   -44.7533
-6.8348  -24.7579   -42.7229
-7.769272  -23.22955   -45.0917
-8.080761  -24.7579   -45.4301
-9.015228  -25.06357   -43.7381
-9.326722  -22.31254   -44.7533
-9.015228  -21.39553   -44.4149
-10.88417  -18.33883   -44.4149
-9.638211  -20.17285   -45.0917
-9.638211  -18.33883   -45.7685
-10.88417  -17.11615   -47.1221
-10.88417  -14.67079   -46.4453
-14.31056  -16.19914   -45.4301
-11.81864  -15.5878   -46.1069
-13.0646  -12.5311   -44.7533
-15.24503  -11.61409   -47.1221
-13.37609  -7.94605   -47.1221
-14.62205  -5.50069   -45.7685
-15.55652  -2.74966   -45.4301
-15.86801  -1.22131   -44.4149
-15.86801  0.001370012   -45.0917
-15.86801  1.83539   -45.0917
-15.86801  1.83539   -43.7381
-14.62205  3.05807   -43.0613
-16.1795  4.586421   -44.0765
-14.93354  3.97508   -42.7229
-15.55652  5.8091   -41.3693
-15.55652  7.643121   -42.7229
-15.86801  8.56013   -42.3845
-14.93354  8.865801   -42.7229
-15.24503  10.39415   -42.3845
-14.31056  10.08848   -40.6925
-15.86801  9.78281   -42.3845
-15.24503  11.00549   -42.3845
-11.81864  10.08848   -42.0461
-14.62205  11.00549   -41.7077
-14.31056  13.14518   -42.0461
-14.62205  11.61683   -41.7077
-13.0646  11.9225   -39.3389
-13.37609  14.06219   -41.0309
-11.81864  14.9792   -40.6925
-10.26119  15.89621   -37.6469
-10.88417  16.50755   -40.3541
-11.19566  18.0359   -40.0157
-9.638211  17.73023   -39.6773
-9.326722  16.20188   -39.3389
-10.88417  15.28487   -39.6773
-10.88417  15.89621   -38.3237
-9.9497  14.9792   -37.9853
-9.638211  15.89621   -36.2933
-9.9497  16.81322   -37.3085
-10.26119  17.73023   -36.2933
-9.638211  17.11889   -36.2933
-9.326722  16.81322   -37.3085
-10.26119  16.50755   -36.9701
-9.015228  16.50755   -36.2933
-12.75311  19.56425   -34.9397
-10.88417  17.73023   -34.9397
-11.81864  19.25858   -33.9245
-11.81864  19.25858   -35.9549
-12.13013  19.56425   -37.6469
-10.26119  19.56425   -34.9397
-10.57268  17.42456   -35.2781
-10.26119  20.17559   -32.2325
-13.37609  18.95291   -33.5861
-14.31056  21.0926   -32.5709
-15.24503  19.56425   -32.2325
-14.62205  21.39827   -31.5557
-14.31056  21.0926   -33.2477
-17.11397  18.95291   -32.9093
-17.42546  20.48126   -30.5405
-16.49099  21.39827   -32.9093
-19.2944  20.48126   -30.5405
-18.35993  20.78693   -30.2021
-20.54036  21.70394   -30.5405
-20.54036  21.70394   -30.5405
-19.91738  22.31528   -29.8637
-19.60589  20.17559   -28.1717
-20.22887  20.78693   -26.8181
-19.60589  20.78693   -26.8181
-19.91738  21.70394   -27.8333
-19.2944  21.70394   -27.1565
-18.98291  22.00961   -27.4949
-20.22887  21.39827   -26.1413
-19.2944  20.48126   -27.1565
-17.42546  22.31528   -27.8333
-18.04844  21.0926   -29.8637
-16.1795  22.31528   -32.5709
-15.55652  21.70394   -33.9245
-13.37609  22.00961   -32.9093
-13.0646  22.92662   -33.2477
-14.62205  21.39827   -34.2629
-12.75311  22.62095   -32.9093
-12.75311  22.00961   -33.5861
-12.44162  22.31528   -34.6013
-8.703739  21.0926   -35.2781
-7.457778  22.31528   -33.9245
-7.457778  21.0926   -37.3085
-4.342878  20.48126   -36.6317
-4.342878  19.86992   -37.3085
-3.408411  19.56425   -36.9701
-1.227978  19.86992   -37.9853
-0.9164892  20.78693   -36.9701
-1.227978  18.64724   -37.9853
-0.2935108  20.17559   -39.0005
3.44437  18.95291   -39.0005
3.755861  18.64724   -40.6925
5.00182  18.64724   -37.3085
6.870761  18.64724   -37.9853
8.428211  18.34157   -39.6773
9.36268  14.9792   -39.3389
13.41205  14.06219   -39.0005
12.78907  14.67353   -38.3237
15.28099  14.67353   -39.0005
15.90397  13.45085   -36.2933
18.70738  13.75652   -37.3085
19.95334  13.75652   -33.9245
22.13377  11.00549   -34.2629
23.37973  10.39415   -32.9093
25.24867  11.00549   -32.2325
26.18314  12.53384   -29.8637
27.74059  11.61683   -28.8485
29.60953  9.78281   -28.8485
31.16698  8.25446   -26.4797
32.72443  9.171471   -24.7877
33.03592  7.643121   -25.1261
33.03592  7.643121   -23.7725
32.72443  6.72611   -22.0805
35.21635  6.72611   -20.7269
36.46231  7.337451   -18.6965
34.28188  9.47714   -19.0349
35.52784  8.865801   -17.0045
35.83933  9.78281   -12.6053
36.7738  10.69982   -12.9437
36.7738  11.31116   -10.9133
36.46231  12.22817   -11.2517
36.46231  11.61683   -8.544499
36.7738  10.69982   -5.498899
34.59337  13.45085   -4.483699
36.7738  13.14518   -4.1453
33.34741  12.22817   -1.776499
35.83933  12.83951   -1.099699
34.59337  12.22817   0.9307002
34.28188  12.53384   1.2691
34.59337  11.61683   3.637901
36.7738  11.31116   5.3299
33.34741  12.22817   4.991501
34.90486  10.08848   8.7139
32.10145  9.171471   10.4059
33.34741  10.39415   11.0827
33.03592  9.47714   12.0979
33.03592  7.643121   12.7747
33.03592  5.8091   14.1283
33.03592  5.19776   14.8051
30.544  5.8091   15.4819
31.78996  6.420441   16.8355
32.10145  3.05807   18.5275
31.78996  4.586421   18.8659
31.78996  -0.3043   19.5427
29.92102  -0.3043   21.5731
29.60953  -1.83265   22.5883
30.544  -2.13832   20.8963
29.60953  -2.44399   19.8811
30.85549  -2.44399   20.5579
29.92102  -3.97234   18.1891
33.03592  -2.13832   17.5123
34.28188  -4.58368   14.8051
35.21635  -4.88935   13.1131
36.7738  -6.4177   8.7139
37.08529  -5.50069   5.668301
37.08529  -5.50069   1.607501
39.8887  -3.97234   -3.468499
38.64274  -3.361   -6.1757
38.01976  -6.4177   -10.2365
35.83933  -3.66667   -17.3429
36.46231  -4.27801   -19.3733
35.52784  -5.80636   -23.0957
33.6589  -5.19502   -27.1565
30.23251  -2.44399   -29.5253
28.67506  -3.361   -35.9549
26.49463  -2.44399   -39.0005
21.82228  -4.58368   -39.3389
18.70738  -4.58368   -40.6925
15.28099  -4.88935   -43.7381
16.21546  -4.58368   -44.0765
14.9695  -5.19502   -44.7533
13.41205  -6.72337   -47.1221
10.92013  -5.50069   -44.4149
8.7397  -5.19502   -46.1069
5.313311  -6.72337   -48.4757
5.00182  -5.80636   -47.4605
0.95245  -7.94605   -47.7989
-1.539472  -8.55739   -47.1221
-3.7199  -7.02904   -46.7837
-4.965861  -6.4177   -48.8141
-5.27735  -7.33471   -47.1221
-4.965861  -6.4177   -47.4605
-4.965861  -6.4177   -46.7837
-6.523311  -6.72337   -47.1221
-5.58884  -5.80636   -47.4605
-7.457778  -6.4177   -46.7837
-4.965861  -5.80636   -47.4605
-7.146289  -6.72337   -46.4453
-9.015228  -4.27801   -44.4149
-8.39225  -4.88935   -45.7685
-7.769272  -5.50069   -48.4757
-7.769272  -3.66667   -47.1221
-7.769272  -4.88935   -47.1221
-8.39225  -4.88935   -46.4453
-7.769272  -3.66667   -46.4453
-9.638211  -4.27801   -47.1221
-10.57268  -4.58368   -46.7837
-11.50715  -5.50069   -46.4453
-12.75311  -5.50069   -45.7685
-12.75311  -6.72337   -45.0917
-12.75311  -6.11203   -46.4453
-14.31056  -7.02904   -45.4301
-15.55652  -5.19502   -44.0765
-17.73695  -8.55739   -44.4149
-17.73695  -6.72337   -43.0613
-19.2944  -6.4177   -44.7533
-19.91738  -6.4177   -42.0461
-21.78632  -5.80636   -42.7229
-22.4093  -7.64038   -43.3997
-25.21271  -6.72337   -38.3237
-25.83569  -6.72337   -40.3541
-25.83569  -7.33471   -39.0005
-28.32761  -7.33471   -37.6469
-28.01612  -7.02904   -37.3085
-26.77016  -6.4177   -36.6317
-27.70463  -3.66667   -37.6469
-26.45867  -5.50069   -39.6773
-23.96675  -4.27801   -39.0005
-24.27824  -4.58368   -40.6925
-24.27824  -5.19502   -40.6925
-21.78632  -5.19502   -41.3693
-20.22887  -3.66667   -42.3845
-19.91738  -3.361   -44.7533
-17.42546  -4.58368   -43.3997
-14.62205  -4.27801   -43.7381
-12.13013  -4.27801   -46.4453
-9.638211  -3.05533   -45.0917
-8.39225  -4.88935   -47.7989
-4.031389  -6.72337   -48.4757
-3.408411  -6.72337   -47.7989
-0.9164892  -7.33471   -47.7989
0.6409608  -9.474401   -49.4909
2.198411  -6.72337   -48.4757
1.88692  -8.86306   -46.7837
1.575431  -7.94605   -47.7989
1.88692  -6.4177   -48.1373
-2.16245  -5.50069   -49.1525
-2.16245  -6.11203   -49.1525
-6.8348  -7.64038   -47.4605
-6.8348  -5.19502   -48.8141
-6.211822  -5.19502   -46.1069
-5.58884  -3.361   -47.4605
-5.58884  -4.58368   -46.1069
-5.27735  -3.66667   -47.1221
-4.654372  -3.66667   -45.7685
-6.8348  -3.361   -47.4605
-7.146289  -1.22131   -49.1525
-6.211822  -0.9156399   -48.1373
-7.457778  -2.13832   -47.4605
-6.211822  -0.9156399   -46.7837
-8.39225  -1.22131   -47.1221
-8.703739  -2.13832   -46.1069
-11.50715  -1.22131   -47.7989
-10.88417  -2.44399   -48.4757
-12.44162  -4.58368   -45.4301
-12.13013  -3.66667   -46.4453
-12.13013  -4.27801   -46.4453
-12.75311  -4.88935   -46.4453
-12.44162  -5.80636   -45.4301
-10.57268  -5.19502   -46.1069
-9.9497  -2.74966   -46.7837
-11.50715  -3.66667   -46.4453
-9.638211  -3.05533   -47.1221
-9.638211  -4.27801   -47.1221
-10.26119  -3.66667   -46.4453
-14.62205  -3.66667   -47.7989
-12.44162  -3.97234   -44.0765
-12.13013  -3.05533   -44.4149
-14.31056  -4.58368   -46.1069
-13.37609  -3.05533   -45.0917
-15.24503  -3.66667   -43.7381
-13.37609  -3.05533   -46.4453
-14.62205  -2.44399   -43.7381
-17.42546  -4.58368   -43.3997
-17.73695  -4.27801   -42.3845
-20.54036  -5.19502   -42.7229
-20.54036  -3.97234   -41.3693
-23.03228  -5.19502   -42.0461
-22.4093  -6.4177   -42.7229
-23.96675  -7.33471   -40.3541
-27.08165  -6.72337   -39.0005
-26.45867  -7.33471   -39.0005
-28.95059  -9.16873   -37.6469
-29.26208  -9.474401   -36.6317
-29.57357  -11.00275   -34.9397
-31.13102  -11.30842   -33.2477
-31.754  -11.30842   -32.5709
-32.99996  -11.91976   -30.5405
-33.62294  -12.5311   -27.8333
-36.73785  -13.75378   -27.1565
-35.49188  -12.5311   -27.1565
-37.36082  -11.91976   -21.7421
-37.9838  -11.91976   -21.7421
-38.2953  -12.22543   -21.4037
-37.67231  -12.83677   -18.6965
-39.22976  -11.91976   -17.6813
-38.91827  -11.00275   -15.3125
-40.16423  -11.61409   -12.6053
-42.03317  -12.22543   -11.9285
-40.47572  -10.69708   -11.5901
-41.0987  -11.30842   -8.882899
-42.03317  -11.61409   -7.8677
-41.41019  -11.00275   -7.8677
-41.72168  -10.69708   -4.822099
-41.72168  -10.69708   -3.468499
-41.41019  -9.16873   -2.4533
-41.41019  -7.94605   -1.099699
-40.47572  -7.02904   1.945901
-41.41019  -6.72337   0.9307002
-39.54125  -7.33471   2.961101
-42.03317  -6.11203   2.961101
-41.41019  -4.88935   4.3147
-41.0987  -4.58368   5.3299
-39.85275  -3.97234   3.976301
-38.91827  -2.44399   3.637901
-38.60678  -2.74966   4.653101
-40.78721  -1.83265   3.637901
-39.22976  -0.3043   5.3299
-39.85275  -0.9156399   4.653101
-37.9838  -0.3043   4.653101
-38.91827  2.44673   7.6987
-36.73785  1.52972   7.360301
-38.60678  3.97508   7.360301
-38.60678  2.14106   7.360301
-37.36082  2.14106   6.683501
-38.2953  4.892091   7.6987
-38.60678  3.97508   7.360301
-37.04933  2.44673   7.0219
-38.91827  1.83539   8.375501
-36.73785  2.14106   8.037102
-37.67231  3.05807   9.052301
-37.04933  5.50343   9.052301
-37.67231  4.28075   8.375501
-37.67231  4.892091   7.6987
-36.73785  7.643121   6.683501
-36.42635  7.948791   5.668301
-34.55741  11.61683   4.991501
-35.18039  14.06219   7.0219
-33.62294  14.9792   6.006701
-32.68847  17.73023   5.668301
-31.754  18.64724   3.976301
-30.50804  19.25858   4.653101
-29.88506  21.70394   0.5923011
-32.37698  22.31528   0.5923011
-29.26208  24.1493   0.5923011
-28.6391  23.53796   -0.7612998
-26.14718  24.76064   -2.791699
-25.83569  25.67765   -3.8069
-25.21271  28.12301   -3.8069
-24.27824  26.59466   -5.498899
-25.5242  27.206   -6.1757
-24.27824  28.42868   -7.529299
-23.34377  27.51167   -6.514099
-25.5242  26.59466   -7.529299
-24.90122  27.206   -8.2061
-23.65526  29.04002   -9.5597
-23.34377  26.90033   -10.5749
-22.4093  27.206   -10.9133
-21.47483  29.34569   -13.9589
-19.60589  29.95703   -13.9589
-19.2944  28.42868   -13.6205
-18.67142  29.04002   -14.9741
-17.73695  29.34569   -14.6357
-14.62205  30.56837   -18.0197
-14.31056  28.42868   -16.3277
-13.99907  30.56837   -19.3733
-12.13013  31.79105   -18.6965
-11.81864  30.2627   -18.3581
-11.50715  29.34569   -20.7269
-13.68758  30.87404   -23.7725
-10.88417  28.73435   -23.4341
-11.19566  28.42868   -23.7725
-10.57268  30.2627   -26.4797
-13.37609  27.51167   -26.1413
-14.31056  25.37198   -28.5101
-13.0646  25.98332   -29.8637
-15.55652  21.0926   -31.8941
-14.93354  19.25858   -33.9245
-15.86801  17.11889   -34.9397
-18.67142  15.59054   -37.9853
-20.22887  12.83951   -40.3541
-18.67142  11.31116   -38.6621
-17.42546  11.9225   -37.9853
-15.55652  10.08848   -40.0157
-12.13013  10.39415   -43.0613
-13.68758  9.47714   -40.6925
-15.24503  7.948791   -41.7077
-15.24503  9.78281   -41.7077
-13.37609  7.948791   -41.7077
-13.99907  7.337451   -42.3845
-12.44162  7.03178   -44.0765
-12.13013  7.948791   -42.3845
-11.50715  7.337451   -43.7381
-9.326722  5.19776   -44.0765
-7.146289  7.337451   -45.7685
-6.211822  6.420441   -45.4301
-4.342878  2.7524   -46.1069
-4.031389  2.44673   -46.4453
-3.7199  2.7524   -46.1069
-2.785429  1.83539   -45.7685
-2.785429  1.83539   -46.4453
-5.58884  2.14106   -46.7837
-5.27735  1.22405   -47.1221
-6.211822  1.52972   -45.4301
-5.58884  -2.13832   -48.1373
-4.654372  -2.44399   -45.7685
-3.7199  -3.97234   -47.4605
-2.16245  -5.50069   -46.4453
-1.850961  -7.02904   -48.1373
-0.9164892  -7.94605   -45.7685
-1.850961  -9.474401   -46.1069
1.263939  -11.30842   -48.1373
1.88692  -12.5311   -48.1373
-0.2935108  -13.44811   -45.0917
0.6409608  -15.5878   -46.1069
-0.605  -15.5878   -45.4301
-0.2935108  -15.28213   -45.7685
2.198411  -17.72749   -44.4149
0.3294716  -21.39553   -45.7685
0.3294716  -20.17285   -43.7381
-0.2935108  -22.61821   -44.4149
0.3294716  -22.00687   -44.4149
0.95245  -21.39553   -46.4453
0.6409608  -20.47852   -44.0765
1.88692  -21.08986   -46.1069
2.5099  -19.86718   -45.4301
1.575431  -20.78419   -45.0917
2.5099  -21.7012   -43.3997
2.5099  -19.86718   -43.3997
2.198411  -20.78419   -43.7381
2.198411  -23.22955   -42.3845
1.575431  -23.84089   -42.3845
1.88692  -24.7579   -42.0461
1.88692  -25.36924   -42.0461
0.3294716  -27.50893   -41.0309
-0.2935108  -25.67491   -41.0309
0.01797842  -26.59192   -41.3693
0.6409608  -26.59192   -42.7229
1.575431  -26.89759   -41.7077
1.263939  -26.59192   -42.0461
-0.2935108  -25.06357   -41.7077
-1.539472  -26.89759   -41.7077
-1.227978  -27.20326   -41.3693
-2.473939  -25.98058   -42.7229
-4.031389  -28.73161   -39.6773
-6.523311  -28.12027   -42.3845
-7.146289  -29.34295   -41.0309
-8.703739  -29.03728   -41.3693
-8.39225  -28.73161   -42.3845
-9.638211  -28.12027   -41.0309
-7.769272  -30.56563   -41.0309
-10.57268  -27.20326   -40.0157
-9.9497  -29.64862   -40.0157
-9.9497  -29.64862   -39.3389
-10.88417  -29.34295   -39.6773
-8.39225  -29.34295   -40.3541
-10.57268  -29.64862   -37.9853
-10.88417  -31.17697   -39.0005
-9.638211  -34.23367   -38.3237
-9.326722  -33.928   -37.9853
-11.19566  -34.53934   -36.6317
-11.19566  -35.15068   -36.6317
-11.81864  -33.31666   -35.2781
-10.57268  -32.70532   -36.6317
-9.326722  -34.53934   -35.2781
-10.57268  -35.15068   -36.6317
-11.19566  -33.31666   -35.9549
-11.50715  -33.01099   -36.2933
-10.26119  -33.01099   -35.6165
-12.13013  -33.62233   -37.6469
-12.13013  -34.84501   -37.6469
-11.81864  -34.53934   -35.9549
-12.44162  -35.76202   -36.6317
-11.81864  -36.37336   -35.9549
-12.44162  -33.928   -35.9549
-11.19566  -33.928   -35.2781
-12.44162  -33.31666   -36.6317
-12.44162  -35.15068   -37.3085
-13.68758  -33.928   -35.9549
-13.68758  -33.928   -37.3085
-14.62205  -34.84501   -36.9701
-14.62205  -34.84501   -35.6165
-14.62205  -34.23367   -36.9701
-14.62205  -32.39965   -37.6469
-13.68758  -33.928   -35.2781
-15.24503  -33.01099   -36.9701
-14.62205  -33.62233   -34.9397
-16.49099  -34.23367   -35.6165
-16.80248  -34.53934   -34.6013
-17.42546  -33.31666   -33.9245
-15.86801  -34.84501   -33.5861
-17.73695  -34.23367   -33.5861
-18.04844  -33.31666   -34.6013
-17.11397  -32.39965   -34.9397
-17.73695  -32.39965   -34.2629
-17.11397  -33.62233   -36.2933
-16.80248  -32.09398   -35.9549
-15.55652  -34.53934   -35.2781
-17.11397  -33.01099   -33.5861
-18.04844  -34.53934   -33.2477
-18.04844  -33.31666   -35.2781
-18.04844  -33.31666   -34.6013
-18.35993  -33.62233   -32.9093
-18.35993  -33.62233   -32.2325
-18.98291  -33.62233   -33.5861
-17.42546  -33.31666   -33.2477
-17.42546  -33.31666   -33.2477
-19.2944  -33.928   -33.2477
-18.67142  -35.15068   -32.5709
-18.04844  -34.53934   -33.9245
-19.2944  -35.15068   -33.2477
-18.98291  -34.84501   -31.5557
-19.60589  -35.45635   -29.5253
-19.2944  -36.37336   -31.8941
-19.60589  -37.90171   -29.5253
-19.2944  -35.76202   -31.2173
-18.67142  -36.9847   -29.1869
-21.78632  -36.9847   -29.1869
-20.54036  -35.76202   -28.5101
-21.16334  -36.37336   -28.5101
-17.73695  -37.29037   -28.8485
-20.85185  -36.06769   -30.2021
-20.54036  -36.37336   -29.8637
-19.91738  -35.76202   -29.8637
-20.85185  -33.62233   -29.5253
-21.78632  -34.53934   -30.5405
-21.16334  -35.15068   -29.8637
-20.85185  -36.06769   -29.5253
-20.85185  -36.67903   -30.2021
-19.91738  -34.53934   -30.5405
-19.91738  -35.76202   -29.1869
-21.78632  -36.37336   -28.5101
-21.47483  -36.67903   -28.8485
-21.16334  -35.76202   -28.5101
-20.54036  -35.15068   -28.5101
-21.47483  -36.06769   -28.8485
-20.22887  -35.45635   -29.5253
-18.98291  -36.67903   -29.5253
-18.35993  -37.90171   -30.2021
-19.2944  -37.59604   -27.8333
-19.60589  -36.06769   -27.4949
-19.60589  -37.29037   -28.8485
-20.22887  -38.51305   -27.4949
-19.91738  -38.20738   -27.8333
-19.2944  -38.20738   -25.8029
-20.85185  -37.29037   -27.4949
-17.11397  -39.12439   -26.1413
-17.42546  -40.0414   -25.1261
-19.2944  -40.0414   -23.7725
-18.98291  -37.90171   -24.1109
-19.60589  -39.73573   -26.1413
-19.60589  -40.95841   -26.8181
-22.09781  -38.51305   -23.4341
-21.78632  -37.59604   -24.4493
-21.78632  -37.59604   -23.0957
-21.78632  -38.20738   -24.4493
-23.96675  -38.51305   -23.4341
-22.4093  -39.43006   -22.4189
-22.72079  -37.90171   -22.7573
-22.09781  -37.90171   -21.4037
-23.03228  -36.9847   -21.7421
-25.83569  -38.51305   -22.7573
-23.65526  -37.59604   -22.4189
-24.58973  -37.90171   -20.0501
-23.34377  -36.67903   -20.7269
-26.14718  -36.9847   -20.3885
-24.90122  -37.59604   -18.3581
-26.14718  -36.9847   -19.0349
-25.83569  -37.29037   -18.6965
-26.45867  -37.90171   -18.0197
-27.70463  -37.90171   -18.6965
-27.39314  -36.9847   -17.0045
-28.01612  -37.59604   -16.3277
-27.70463  -37.90171   -15.9893
-25.83569  -36.67903   -15.9893
-26.77016  -38.20738   -14.2973
-26.77016  -38.20738   -13.6205
-25.83569  -39.73573   -14.6357
-28.01612  -36.9847   -12.2669
-28.01612  -38.81872   -11.5901
-28.32761  -38.51305   -10.5749
-29.88506  -37.59604   -8.882899
-29.57357  -37.90171   -8.544499
-30.81953  -37.29037   -4.483699
-29.57357  -37.90171   -4.483699
-29.88506  -36.9847   -3.468499
-29.26208  -36.37336   -1.438099
-32.06549  -34.23367   -0.4228996
-32.37698  -34.53934   1.945901
-32.68847  -33.62233   0.9307002
-32.37698  -33.31666   3.299501
-33.31145  -32.39965   2.961101
-33.62294  -32.70532   1.2691
-34.8689  -32.09398   3.976301
-33.62294  -30.8713   5.3299
-34.55741  -31.78831   4.3147
-36.11486  -30.8713   3.976301
-37.04933  -29.34295   2.284301
-36.73785  -27.8146   3.299501
-37.9838  -27.8146   3.976301
-38.60678  -27.8146   6.006701
-37.9838  -25.98058   4.653101
-37.36082  -25.36924   3.976301
-37.04933  -23.22955   4.991501
-39.54125  -23.22955   3.637901
-38.91827  -23.22955   3.637901
-39.85275  -22.92388   4.653101
-38.91827  -23.84089   3.637901
-38.91827  -23.22955   2.961101
-39.54125  -24.45223   4.991501
-40.16423  -22.00687   4.3147
-39.54125  -23.22955   4.3147
-38.60678  -24.14656   4.653101
-40.47572  -23.53522   3.299501
-40.78721  -22.61821   2.284301
-40.47572  -21.08986   1.945901
-40.78721  -22.61821   2.284301
-42.03317  -22.00687   2.284301
-39.54125  -22.00687   2.284301
-39.85275  -21.08986   1.945901
-40.78721  -23.22955   2.284301
-41.41019  -20.78419   2.284301
-41.72168  -22.31254   2.6227
-41.72168  -22.31254   1.945901
-41.72168  -22.31254   2.6227
-40.16423  -20.78419   0.2539009
-41.0987  -20.47852   1.945901
-42.65615  -20.78419   -0.4228996
-42.03317  -19.56151   2.284301
-41.72168  -21.08986   1.2691
-42.34466  -21.7012   3.976301
-42.03317  -20.17285   -0.4228996
-40.78721  -20.78419   -0.4228996
-42.34466  -18.03316   -0.08449936
-41.72168  -18.03316   1.945901
-41.72168  -18.03316   -0.08449936
-41.41019  -18.95017   1.607501
-41.0987  -19.86718   0.5923011
-41.41019  -18.33883   0.9307002
-41.41019  -18.95017   1.607501
-40.47572  -19.25584   1.945901
-44.2136  -18.03316   1.2691
-43.27913  -20.17285   -1.776499
-42.03317  -17.11615   0.2539009
-40.47572  -19.25584   -0.7612998
-42.65615  -18.95017   -1.776499
-40.78721  -19.56151   -1.099699
-41.72168  -19.25584   1.2691
-41.72168  -19.25584   -0.7612998
-43.27913  -19.56151   -1.099699
-42.03317  -19.56151   -1.776499
-42.65615  -20.78419   -2.4533
-41.72168  -21.08986   -1.438099
-42.96764  -20.47852   -1.438099
-40.78721  -18.95017   -3.8069
-42.34466  -19.25584   -2.1149
-42.65615  -18.95017   -3.130099
-41.72168  -19.86718   -2.1149
-43.59062  -19.25584   -0.7612998
-42.65615  -18.95017   -1.776499
-42.03317  -20.17285   -1.776499
-42.03317  -18.95017   -2.4533
-41.72168  -19.86718   -2.1149
-41.41019  -19.56151   -0.4228996
-42.96764  -19.86718   -2.791699
-41.0987  -19.86718   -1.438099
-41.41019  -19.56151   -2.4533
-42.96764  -20.47852   -0.08449936
-41.72168  -19.86718   0.5923011
-42.03317  -18.33883   2.284301
-43.27913  -18.33883   0.9307002
-42.03317  -18.33883   2.284301
-41.72168  -16.19914   4.653101
-41.72168  -15.5878   1.945901
-41.0987  -16.81048   2.6227
-40.78721  -15.28213   2.961101
-42.96764  -14.97646   2.6227
-41.72168  -15.5878   0.5923011
-43.59062  -16.19914   4.653101
-42.65615  -14.05945   2.961101
-43.27913  -15.28213   3.637901
-42.65615  -14.05945   4.3147
-44.52509  -14.67079   3.637901
-43.27913  -12.83677   4.991501
-44.2136  -14.36512   6.683501
-42.65615  -12.22543   4.991501
-42.96764  -13.14244   5.3299
-40.78721  -11.61409   6.345102
-43.59062  -11.30842   6.683501
-42.34466  -10.08574   6.683501
-42.96764  -8.86306   6.006701
-42.34466  -10.08574   7.360301
-41.41019  -8.55739   8.375501
-40.78721  -7.94605   9.729102
-42.03317  -6.11203   7.6987
-43.59062  -5.80636   6.683501
-43.27913  -7.33471   7.0219
-43.90211  -6.11203   6.345102
-43.59062  -4.58368   6.683501
-42.65615  -3.66667   5.668301
-42.03317  -4.88935   3.637901
-43.27913  -1.83265   5.668301
-42.65615  -2.44399   5.668301
-44.2136  -0.9156399   3.299501
-42.65615  -0.6099699   5.668301
-43.90211  -1.22131   2.284301
-42.96764  -0.9156399   3.976301
-43.90211  -3.66667   3.637901
-45.14808  -1.83265   2.284301
-42.65615  -1.83265   2.284301
-42.34466  0.30704   2.6227
-44.52509  0.001370012   0.9307002
-44.2136  -3.361   1.2691
-45.14808  -1.22131   -0.4228996
-42.96764  -2.13832   0.5923011
-45.45956  -0.3043   -0.08449936
-42.96764  0.30704   0.5923011
-44.52509  -1.83265   -0.4228996
-45.14808  -0.6099699   -1.776499
-44.52509  -1.22131   -1.776499
-44.83658  -2.13832   -3.468499
-46.39403  -1.22131   -1.776499
-45.14808  -1.83265   -3.130099
-45.77105  -3.05533   -3.130099
-44.2136  -1.52698   -2.1149
-42.65615  -3.05533   -2.4533
-43.90211  -1.83265   -3.8069
-44.83658  -0.9156399   -3.468499
-46.70552  -0.9156399   -1.438099
-44.52509  -0.6099699   -5.1605
-45.14808  0.6127102   -6.514099
-44.83658  0.30704   -6.852499
-44.2136  2.14106   -6.1757
-46.70552  2.14106   -6.852499
-42.65615  1.22405   -6.514099
-43.59062  0.9183799   -7.529299
-44.83658  0.30704   -9.5597
-44.52509  1.83539   -6.514099
-44.2136  1.52972   -8.882899
-43.59062  0.9183799   -9.5597
-43.90211  3.66941   -9.221299
-42.65615  3.05807   -9.221299
-42.65615  3.05807   -11.9285
-42.34466  4.586421   -10.2365
-42.65615  4.28075   -11.9285
-42.34466  5.8091   -11.5901
-42.34466  5.8091   -12.9437
-41.72168  3.97508   -11.5901
-43.59062  5.8091   -12.2669
-43.90211  3.66941   -15.9893
-42.34466  7.643121   -16.3277
-42.03317  6.11477   -16.6661
-43.27913  5.50343   -16.6661
-40.78721  6.72611   -16.6661
-41.0987  6.420441   -17.6813
-38.2953  7.948791   -18.6965
-40.16423  7.337451   -20.7269
-37.67231  8.56013   -20.7269
-38.60678  8.25446   -22.4189
-38.60678  7.03178   -22.4189
-37.67231  7.337451   -21.4037
-36.42635  7.948791   -24.1109
-38.60678  7.643121   -25.8029
-37.36082  7.03178   -25.1261
-36.11486  8.25446   -27.8333
-36.42635  9.171471   -27.4949
-35.49188  8.865801   -27.8333
-35.80337  9.171471   -28.1717
-32.68847  7.948791   -28.1717
-33.93443  7.337451   -30.2021
-34.55741  7.337451   -27.4949
-32.37698  7.03178   -30.5405
-32.06549  6.11477   -31.5557
-32.99996  6.420441   -32.5709
-30.81953  6.72611   -34.2629
-31.44251  5.50343   -32.9093
-30.50804  7.03178   -34.6013
-30.50804  6.420441   -34.6013
-29.26208  5.19776   -35.9549
-30.19655  4.28075   -35.6165
-28.01612  3.97508   -37.3085
-28.32761  3.05807   -36.9701
-27.39314  2.14106   -36.6317
-29.26208  2.7524   -35.9549
-28.01612  0.30704   -37.3085
-28.95059  1.22405   -36.9701
-27.08165  -0.6099699   -39.6773
-27.39314  -0.3043   -39.3389
-27.70463  -1.22131   -37.6469
-27.08165  -1.22131   -39.6773
-27.70463  -0.6099699   -37.6469
-28.6391  -2.74966   -37.3085
-28.32761  -3.05533   -39.0005
-27.08165  -4.88935   -39.0005
-27.39314  -6.4177   -40.0157
-27.39314  -7.02904   -38.6621
-27.39314  -8.86306   -40.0157
-25.83569  -8.55739   -39.6773
-27.70463  -10.39141   -39.0005
-24.58973  -12.83677   -39.6773
-24.27824  -13.14244   -40.0157
-25.21271  -13.44811   -39.0005
-24.90122  -14.97646   -39.3389
-27.08165  -15.89347   -39.0005
-23.65526  -19.86718   -38.6621
-24.90122  -19.25584   -40.0157
-23.03228  -19.86718   -37.9853
-23.34377  -22.00687   -39.0005
-22.72079  -22.00687   -37.6469
-23.03228  -24.7579   -35.9549
-23.03228  -24.14656   -35.9549
-22.09781  -27.50893   -38.3237
-20.85185  -26.28625   -38.3237
-19.91738  -28.42594   -34.6013
-18.67142  -30.25996   -34.6013
-19.2944  -29.64862   -35.9549
-18.35993  -30.56563   -37.6469
-17.11397  -31.17697   -32.9093
-15.55652  -32.09398   -35.9549
-16.49099  -31.78831   -33.5861
-15.24503  -31.78831   -32.9093
-14.62205  -33.62233   -34.9397
-12.44162  -34.53934   -33.9245
-10.88417  -36.06769   -32.2325
-11.19566  -36.9847   -31.2173
-10.57268  -37.59604   -32.5709
-9.638211  -37.29037   -32.9093
-6.523311  -38.51305   -33.5861
-6.211822  -38.81872   -32.5709
-3.408411  -37.29037   -30.8789
-3.096922  -38.20738   -31.8941
-1.227978  -37.59604   -30.5405
-1.539472  -39.12439   -33.5861
0.95245  -37.90171   -30.8789
0.01797842  -38.20738   -31.8941
3.755861  -37.59604   -32.5709
4.06735  -36.67903   -32.2325
5.936289  -37.90171   -31.5557
5.6248  -36.37336   -33.2477
7.805231  -36.67903   -32.9093
8.428211  -36.06769   -32.2325
8.428211  -36.06769   -32.9093
9.985662  -36.37336   -31.8941
8.11672  -37.59604   -31.8941
10.29715  -35.45635   -31.5557
11.23162  -34.53934   -33.2477
12.16609  -33.01099   -32.9093
12.16609  -34.23367   -31.5557
11.54311  -33.01099   -33.5861
12.78907  -34.23367   -32.9093
10.92013  -34.23367   -32.9093
11.54311  -33.01099   -32.2325
12.47758  -33.31666   -33.2477
10.29715  -32.39965   -32.9093
12.16609  -33.01099   -32.9093
10.92013  -32.39965   -33.5861
12.47758  -33.928   -33.9245
12.78907  -32.39965   -33.5861
11.54311  -34.84501   -34.2629
11.23162  -32.09398   -34.6013
11.8546  -33.928   -33.9245
12.16609  -33.01099   -35.6165
10.29715  -31.78831   -34.2629
13.10056  -33.31666   -36.6317
11.8546  -31.48264   -35.2781
11.8546  -32.09398   -34.6013
12.78907  -31.17697   -33.5861
13.41205  -31.17697   -33.5861
12.47758  -31.48264   -35.9549
12.78907  -32.39965   -34.2629
14.9695  -32.09398   -34.6013
10.92013  -30.56563   -34.9397
9.985662  -30.25996   -35.2781
9.985662  -31.48264   -33.2477
11.8546  -32.09398   -32.5709
10.92013  -33.01099   -36.9701
10.29715  -31.78831   -34.9397
10.92013  -33.01099   -34.9397
11.23162  -32.09398   -33.9245
11.54311  -29.95429   -34.2629
11.8546  -32.09398   -33.9245
9.67417  -30.56563   -35.6165
12.78907  -31.78831   -34.9397
11.23162  -32.70532   -35.2781
10.92013  -32.39965   -35.6165
