-109.9868  127.2182   -7.220801
-110.8338  128.2996   -7.04375
-110.7237  128.7016   -6.986328
-110.5754  128.5867   -7.125098
-109.9725  128.2709   -7.216016
-109.6662  128.5197   -6.976758
-109.5274  129.0078   -7.03418
-109.4939  128.7207   -7.144238
-109.8098  128.6824   -7.015039
-110.5084  129.0461   -7.000684
-110.652  129.4959   -6.986328
-110.829  130.1945   -6.952832
-111.0204  131.5152   -7.230371
-109.3073  130.0988   -6.866699
-109.2786  129.2854   -6.962402
-109.1925  129.7447   -7.139453
-109.6471  130.2615   -7.431348
-109.982  131.3143   -6.976758
-110.518  130.9219   -6.742285
-110.3553  131.5727   -7.010254
-109.269  132.1373   -7.388281
-109.5992  132.434   -6.780566
-109.5992  132.1373   -7.177734
-109.5801  133.4771   -7.05332
-110.1064  134.4438   -7.51748
-109.4461  134.0609   -6.790137
-108.3072  132.9316   -7.862012
-108.0967  132.2522   -7.469629
-108.4604  132.7977   -7.34043
-108.2163  133.8408   -7.393066
-108.379  134.6543   -7.297363
-108.5752  134.8074   -7.345215
-108.6757  134.2715   -7.483984
-107.288  133.123   -7.641894
-105.6419  130.0797   -8.158691
-107.1875  128.7781   -7.952929
-106.5271  128.2326   -7.038965
-107.7234  126.175   -8.857325
-108.6805  124.9213   -7.680176
-109.6471  124.0408   -7.19209
-110.1782  123.2369   -7.455274
-108.7331  120.2605   -6.421679
-109.7236  117.9445   -6.742285
-110.1352  113.4752   -6.517383
-110.5419  110.6328   -5.675195
-111.5994  111.9152   -5.780469
-112.3172  112.2502   -5.177539
-113.8532  110.5563   -5.010058
-112.834  107.1492   -4.598535
-111.9344  101.8951   -5.072266
-111.8147  101.7898   -4.923926
-112.8388  101.541   -4.531543
-113.3604  98.59336   -4.943067
-113.5422  97.01426   -4.76123
-113.6666  96.48789   -4.933496
-112.1354  94.83223   -4.833008
-111.4367  91.54004   -5.187109
-111.5946  90.64043   -5.325879
-112.1258  91.3582   -5.158399
-112.6761  93.76035   -4.694238
-112.3172  94.07617   -4.670312
-112.4464  93.57851   -4.804297
-113.8532  96.66972   -4.062598
-115.4897  99.158   -3.670215
-116.2075  101.0051   -4.679883
-115.4563  102.2301   -4.254004
-114.5088  104.1154   -4.368848
-113.657  105.3883   -4.947852
-112.4129  107.5129   -5.359375
-110.3313  109.0059   -6.081933
-108.5848  109.8576   -6.58916
-107.9053  112.6139   -6.206347
-108.1637  115.6094   -7.03418
-107.8239  122.7488   -6.426465
-108.8814  118.1934   -7.464844
-109.336  124.2227   -7.50791
-108.1924  126.2707   -7.416992
-106.4697  126.3951   -7.680176
-105.3165  126.2037   -7.48877
-105.8142  125.8018   -7.134668
-105.728  126.6152   -7.469629
-106.1108  127.1129   -7.761523
-104.7662  128.1465   -7.723242
-103.5173  119.4184   -8.029492
-105.8668  115.0734   -6.110644
-108.8623  116.6334   -8.307032
-110.4366  117.5809   -6.909766
-111.3841  116.6047   -5.813965
-114.6332  116.5473   -6.201562
-114.8677  114.4896   -5.97666
-112.6521  110.1447   -5.388086
-110.3936  104.2877   -5.890527
-110.4701  102.8426   -5.306738
-110.7524  103.4646   -4.952637
-112.7431  101.6846   -4.756445
-114.8485  101.6654   -4.206152
-115.6907  100.651   -3.660645
-114.9729  98.11485   -4.474121
-114.3413  95.85625   -4.651172
-114.327  94.30586   -4.74209
-113.8867  94.88008   -4.364062
-111.5516  94.04746   -4.895215
-110.9008  92.68848   -5.732617
-110.9486  94.74609   -5.340234
-111.0539  96.52617   -5.646484
-112.3842  98.66035   -5.292383
-114.7289  100.8998   -4.081738
-115.6859  102.0004   -4.431055
-115.6142  102.9383   -5.053125
-116.064  105.7137   -4.73252
-114.7624  107.3885   -5.234961
-113.145  108.0871   -5.938379
-111.3506  109.226   -6.412109
-109.7523  111.3027   -6.407324
-107.9818  113.5039   -6.483887
-109.0011  118.7771   -6.187207
-109.4365  120.8348   -6.464746
-108.9963  124.5002   -7.455274
-108.5656  127.9168   -7.082031
-108.7953  127.7445   -7.661035
-108.6087  130.7018   -7.450488
-107.6325  133.2475   -8.436231
-107.8526  135.8984   -8.106054
-107.6182  137.4775   -8.244824
-106.4458  137.2   -8.340528
-104.6897  137.4584   -8.139551
-104.0054  136.2334   -8.613281
-104.4265  136.3578   -8.737696
-104.6849  138.827   -8.833399
-105.8333  139.2002   -8.72334
-105.3452  137.5063   -8.943457
-106.6563  136.176   -7.82373
-105.9434  134.3481   -8.211329
-104.6418  131.5248   -9.058301
-107.3263  129.3619   -8.010351
-108.3934  130.0318   -7.354785
-109.5418  130.6348   -7.512695
-109.7284  129.4576   -7.641894
-107.2114  123.6293   -7.421777
-107.5751  116.4994   -6.7375
-109.5083  112.5564   -6.718359
-113.681  113.8676   -6.220703
-114.8772  115.7146   -5.81875
-113.8724  112.9775   -5.919238
-112.7383  105.3787   -6.254199
-112.3603  103.8187   -5.919238
-113.7145  103.7326   -4.655957
-114.2695  102.7947   -5.52207
-112.9728  102.0004   -5.435937
-112.3603  98.80391   -4.914355
-111.9152  96.48789   -5.19668
-111.5324  96.27734   -5.297168
-111.1113  96.40176   -4.990918
-107.5655  100.2107   -5.383301
-110.7764  94.23887   -5.933594
-114.2408  89.425   -5.526855
-113.8628  87.97031   -4.679883
-112.3411  91.69316   -5.268457
-111.4989  92.95644   -5.005273
-110.8769  92.77461   -5.211035
-110.1447  92.55449   -5.474219
-109.3743  91.34863   -5.732617
-110.2021  92.2291   -5.550781
-111.03  93.68379   -5.148828
-111.164  94.4207   -5.325879
-112.2645  94.66953   -5.139258
-112.7383  95.53086   -4.861719
-112.1449  95.56914   -5.120117
-112.4512  96.28691   -5.943164
-112.4512  97.09082   -5.402442
-111.9535  97.54063   -5.134473
-111.0443  99.04317   -5.330664
-110.9965  101.7133   -5.249316
-112.3268  103.4168   -4.660742
-112.0253  104.9576   -5.172754
-111.5324  105.8668   -5.766113
-111.8578  107.5512   -5.479004
-112.2885  109.7619   -5.947949
-112.0684  113.0828   -5.80918
-113.0732  116.8152   -5.507715
-112.7813  117.399   -6.072363
-112.1306  118.5475   -6.593946
-110.8721  119.5619   -6.450391
-109.872  121.9353   -6.742285
-109.4557  123.6389   -6.919336
-108.714  124.3758   -7.570117
-108.1254  126.3664   -6.809278
-109.1398  130.4434   -6.948047
-109.8385  133.7355   -7.297363
-108.8814  135.2764   -7.881152
-107.5129  135.5252   -7.871582
-106.4267  135.8219   -7.756738
-105.6132  136.3865   -7.866797
-104.0771  136.4918   -8.517578
-103.8235  135.7836   -8.350098
-106.4506  137.8316   -8.431445
-107.7282  140.808   -8.225683
-107.8335  141.4301   -8.28789
-107.8  140.052   -8.374023
-108.6087  139.2193   -8.225683
-108.513  138.693   -8.254395
-108.1589  138.7121   -8.412305
-108.0488  137.9848   -8.407519
-107.1109  136.4822   -8.488867
-105.3835  134.7979   -6.976758
-104.4456  129.716   -8.005567
-107.7091  130.0127   -9.134863
-109.293  132.9125   -7.536621
-110.3074  133.7355   -7.890723
-111.2645  132.166   -7.000684
-111.9392  131.1228   -7.220801
-111.1448  129.7639   -8.10127
-110.5897  126.4238   -6.043653
-109.6088  123.457   -7.125098
-108.5082  121.3611   -7.292578
-107.8  119.8012   -6.637012
-107.0631  116.8918   -7.015039
-110.1639  115.083   -7.067676
-112.7909  114.4322   -6.536523
-112.8818  114.9299   -6.29248
-113.7336  113.8197   -5.837891
-114.2887  113.657   -6.081933
-113.5661  112.4129   -5.622559
-112.7526  108.9867   -5.368945
-111.9057  107.2736   -5.632129
-110.9821  104.527   -5.445508
-109.6566  101.7803   -5.756543
-108.7235  100.4978   -6.182422
-110.3218  98.94746   -5.780469
-111.5276  99.11973   -6.072363
-112.901  100.6988   -5.813965
-112.968  102.3449   -4.947852
-111.9583  99.80879   -4.995703
-112.322  97.42578   -5.435937
-113.3651  97.98086   -5.177539
-113.9394  98.69863   -4.914355
-112.5517  96.82285   -5.431152
-111.3506  95.95195   -5.66084
-111.0348  96.95683   -6.498242
-110.7764  99.29199   -5.368945
-111.5372  100.0385   -4.73252
-112.8005  101.0912   -4.655957
-113.7767  102.3354   -4.536328
-113.9489  103.4264   -5.268457
-114.705  104.7471   -5.086621
-114.0351  105.4553   -5.746973
-113.1881  106.776   -5.545996
-112.9058  109.8863   -5.67998
-112.4033  110.8816   -5.105762
-110.6615  112.0205   -6.517383
-109.5609  113.7527   -6.546094
-109.3695  115.8773   -6.378613
-110.4127  119.3035   -5.775683
-109.604  120.8635   -6.330762
-108.8145  123.2178   -6.833203
-109.226  125.3424   -6.785352
-109.0872  127.2373   -7.775879
-109.4604  128.893   -7.737597
-108.0105  130.3764   -7.938574
-106.24  129.3906   -8.378809
-106.0438  128.8164   -8.340528
-106.5702  129.6395   -8.402735
-106.7568  129.5246   -8.350098
-105.3452  128.5389   -8.527148
-105.0581  127.4   -8.656347
-108.068  125.8879   -7.574903
-108.3359  125.0936   -6.770996
-109.1016  126.9215   -8.173047
-108.4077  123.8303   -7.129883
-109.6519  120.9018   -7.02461
-110.762  121.677   -6.613086
-111.14  119.2557   -6.464746
-111.3697  117.6191   -6.770996
-112.4272  116.5951   -6.297266
-113.5374  114.5088   -5.746973
-113.614  111.6186   -6.278125
-112.7718  109.5131   -6.483887
-111.3075  107.3789   -6.029297
-110.4414  105.0916   -5.823535
-111.7382  102.6703   -6.225488
-112.1976  102.8617   -5.392871
-112.2023  103.0818   -5.837891
-112.4942  101.3113   -5.81875
-110.5658  100.7562   -5.033984
-109.4557  95.10976   -5.574707
-110.7046  93.85606   -5.627344
-111.7573  95.33945   -5.153613
-111.3793  97.32051   -5.268457
-109.5418  92.65977   -5.431152
-109.8672  90.9084   -5.770898
-110.4318  90.01836   -5.349805
-110.5132  88.61153   -5.507715
-111.073  89.66426   -5.273242
-110.829  88.43925   -5.249316
-110.2165  87.08984   -5.431152
-110.2213  86.40078   -5.407227
-109.6088  87.06113   -5.330664
-108.714  84.22832   -5.857031
-109.3408  82.44824   -5.421582
-108.9006  83.07988   -5.450293
-109.2738  81.92188   -4.943067
-110.0634  83.34785   -4.794726
-109.092  82.92676   -5.479004
-109.1111  81.49121   -5.144043
-109.3217  81.45293   -5.474219
-109.6279  82.56309   -5.316308
-109.5131  81.92188   -5.230176
-108.5561  81.4625   -5.445508
-107.3741  80.16093   -5.890527
-108.4364  80.62032   -5.402442
-109.671  82.40039   -5.110547
-109.7476  83.26172   -5.158399
-109.6136  83.09902   -5.440722
-110.4558  83.96035   -5.49336
-112.7383  86.67832   -4.526758
-114.3509  87.99902   -4.009961
-114.3461  88.56367   -4.895215
-114.705  90.04707   -4.995703
-114.37  92.32481   -5.167969
-113.1259  94.88965   -5.770898
-111.4989  96.00938   -5.938379
-109.5992  96.75586   -5.775683
-108.8384  100.3639   -6.311621
-109.7523  104.3547   -6.27334
-109.2164  108.0201   -6.278125
-108.2594  109.8959   -6.44082
-109.1303  114.1834   -6.091504
-111.231  117.5617   -6.809278
-111.6473  118.7293   -6.450391
-111.6042  122.0598   -6.708789
-110.4318  125.6199   -6.421679
-109.6758  126.2611   -7.263867
-107.4746  127.8307   -7.828516
-109.2738  133.1422   -7.49834
-109.1877  134.5682   -8.048633
-108.6805  135.1328   -8.015137
-107.0822  138.4059   -8.201757
-106.4027  143.0666   -8.077344
-106.7425  147.335   -7.919434
-74.50967  131.7928   -9.378906
-97.37793  138.224   -8.307032
-119.5811  158.1685   -5.297168
-122.5144  160.3219   -5.359375
-109.4365  149.517   -6.053223
-100.8998  149.1438   -6.560449
-103.3307  145.507   -7.866797
-100.0624  152.1871   -4.488477
-106.6898  155.4506   -5.828321
-105.7041  154.0342   -6.120215
-100.4644  156.6182   -7.19209
-107.2928  160.7334   -5.833106
-100.6988  158.4652   -7.852441
-99.52647  157.5561   -8.378809
-106.6372  160.3793   -6.512598
-100.1294  155.1252   -7.895508
-103.4455  157.2498   -7.704102
-102.8474  154.9051   -7.364356
-99.17236  155.8334   -8.048633
-102.3689  155.4602   -6.780566
-102.1631  158.8863   -7.206445
-104.6897  151.3066   -6.900195
-106.1587  153.9289   -5.785254
-104.7806  151.8617   -5.703906
-102.4646  155.1826   -5.718262
-101.1869  156.8383   -4.880859
-104.2542  155.9961   -4.206152
-102.833  153.5461   -5.072266
-102.187  154.5318   -5.201465
-103.1058  157.3264   -5.04834
-105.8381  160.542   -4.722949
-104.3068  159.7764   -4.842578
-103.9527  157.7666   -4.823438
-104.4552  156.1684   -4.450195
-98.2584  148.3207   -2.545703
-108.3838  157.2594   -9.560742
-107.0009  157.4986   -4.201367
-102.9957  154.8189   -4.550683
-104.3403  155.3836   -4.043457
-104.948  153.9289   -4.191797
-104.7231  152.4455   -4.684668
-104.0149  151.6895   -4.344922
-104.0963  152.8475   -3.51709
-105.0437  153.259   -3.81377
-104.1106  152.9145   -3.387891
-103.9623  151.7277   -4.005176
-105.1682  150.7898   -3.919043
-105.4457  150.7324   -3.445313
-105.8381  151.2588   -3.483594
-106.6994  150.8377   -3.919043
-106.3692  147.4211   -3.82334
-105.9529  150.9621   -3.196484
-106.1252  151.2205   -2.928516
-105.7615  150.1773   -3.244336
-106.13  150.943   -2.674902
-105.862  148.7609   -2.847168
-105.3835  148.4068   -2.751465
-105.2974  148.4068   -2.90459
-103.79  148.4068   -3.105567
-106.0486  150.0146   -2.416504
-108.3599  151.2205   -1.789648
-106.7138  148.627   -1.741797
-104.0819  146.8086   -6.517383
-112.7574  132.2234   -0.2057617
-112.1976  143.7939   -2.60791
-106.5654  140.4635   -2.837598
-102.1009  132.6541   -0.05742187
-92.55928  107.8383   -30.31875
-90.79356  103.5029   -5.914453
-156.8  224.2994   1.052734
-117.6431  129.9361   15.7623
-105.7376  127.4096   -3.890332
-105.5031  133.0082   -3.66543
-109.0441  141.8033   1.545605
-109.8098  132.8168   -0.9331055
-109.7141  132.6158   -1.277637
-108.001  134.6064   -1.603027
-107.8144  135.3529   -1.737012
-110.9534  130.0127   -0.5311524
-109.5849  132.0225   -0.9378906
-108.2115  133.458   -1.430762
-109.2547  133.4867   -1.158008
-109.9294  131.4674   -0.4689453
-109.3313  132.2522   -1.143652
-109.2068  132.8647   -1.210644
-108.7475  133.9461   -1.172363
-108.0153  135.2668   -1.100586
-107.2066  136.7693   -1.588672
-107.5751  135.9654   -1.507324
-108.7092  133.927   -1.239355
-109.47  132.7498   -1.052734
-109.4557  132.9125   -1.119727
-117.2842  119.7533   -2.775391
-103.3354  143.6791   -4.545898
-111.3554  130.1275   -0.08134766
-110.7429  131.5535   -1.655664
-108.2977  135.9941   -0.1579102
-107.6995  136.2908   -0.3110352
-108.6374  136.4344   -0.6459961
-109.1111  137.8986   -0.3780273
-112.0396  148.4451   0.7225586
-116.4372  155.7664   2.009766
-113.5565  152.5699   1.339844
-111.2022  151.2109   -0.2057617
-108.202  149.1725   -3.186914
-104.5844  147.8709   -3.579297
-103.2493  152.3211   -2.220313
-103.0914  154.0916   -3.440527
-98  151.0961   -4.90957
-95.30595  151.5268   -6.005371
-97.37315  156.2258   -4.76123
-98.13877  159.451   -4.579394
-98.41152  164.5137   -4.689453
-101.2778  169.8061   -6.024512
-100.4644  169.9305   -5.254102
-98.78955  168.8586   -6.148926
-97.27266  168.5141   -7.278223
-98.64121  168.6002   -4.153516
-94.37764  164.6859   -8.292676
-94.7126  166.5426   -8.479297
-93.52588  168.5906   -8.10127
-93.28184  171.4521   -8.488867
-92.83681  171.2607   -8.436231
-92.20518  172.1221   -8.345312
-92.521  173.548   -8.546289
-92.59756  175.1367   -8.823828
-92.86074  176.6584   -8.622851
-93.31055  176.0938   -8.728125
-93.31055  176.2373   -8.823828
-92.43486  175.4525   -9.144434
-91.91328  175.2037   -9.254492
-91.52568  174.218   -9.34541
-91.99463  175.2324   -9.613379
-92.37744  175.6822   -9.79043
-92.19082  176.9742   -9.81914
-92.32002  177.9312   -9.570313
-92.80811  178.6107   -9.517675
-91.54482  178.783   -9.64209
-91.52568  178.582   -10.23066
-90.98018  176.9455   -9.991406
-90.81748  176.266   -10.07275
-90.99453  176.8977   -10.20195
-91.09981  177.7686   -10.21631
-91.3917  177.5676   -10.23066
-90.90361  178.5342   -10.16846
-90.87968  178.9266   -10.34072
-90.86055  177.893   -10.1876
-91.11416  178.783   -10.15889
-91.21944  178.3332   -10.16367
-91.38213  177.8547   -10.2833
-90.83183  178.9553   -10.29287
-89.92744  178.4959   -9.996191
-90.21455  177.9217   -10.10625
-90.2959  178.3619   -9.991406
-90.5543  179.2137   -10.23066
-90.29111  179.2807   -10.2498
-90.30547  179.185   -10.16367
-90.42031  178.6203   -10.03926
-90.83662  178.7639   -10.06797
-91.00889  179.6443   -10.16846
-90.58779  179.3285   -10.21152
-90.46816  180.1611   -10.60869
-90.12363  179.6635   -10.13018
-89.9705  178.716   -10.47949
-89.88438  178.8309   -10.40771
-89.38194  179.0893   -10.42207
-89.2001  179.6539   -10.58477
-89.50156  179.5199   -10.73789
-89.17139  179.5678   -10.66611
-88.64024  179.6826   -10.39814
-88.99434  179.4816   -10.53691
-89.06612  179.7783   -10.61348
-89.54463  179.874   -10.53691
-89.75996  180.4004   -10.76182
-88.97998  180.5918   -10.6374
-88.47276  180.4004   -10.65654
-88.57324  180.4482   -10.5417
-88.9082  179.9697   -10.70439
-88.9417  179.7879   -10.75225
-88.99434  179.8645   -10.59434
-89.19531  180.0463   -10.71875
-88.63545  180.5057   -10.77139
-88.69287  180.6205   -10.68525
-88.4919  180.965   -10.61826
-88.77901  180.5344   -10.56084
-89.31973  179.7879   -10.65654
-89.70254  180.6492   -10.57998
-89.61641  180.2568   -10.56084
-90.11885  179.7783   -10.69961
-89.96094  180.8789   -10.61826
-90.50166  177.3857   -10.11582
-93.48759  174.1414   -10.79053
-96.34434  171.1363   -10.46035
-97.30615  168.715   -10.47471
-93.11914  169.4807   -9.015234
-89.8126  167.8537   -7.909863
-93.66943  158.7141   -8.718554
-99.62695  155.1922   -9.173144
-102.9048  155.2113   -9.948339
-103.0723  157.4508   -7.9625
-102.7899  160.1783   -6.57002
-103.7278  161.0014   -7.216016
-106.2113  159.6232   -7.885938
-110.1878  157.9102   -8.292676
-112.767  152.0531   -9.02959
-110.2548  143.6982   -8.527148
-106.4745  138.894   -7.330859
-101.7946  131.8598   -6.914551
-102.1105  126.5387   -8.187403
-106.2735  124.7777   -8.479297
-110.9582  129.6586   -9.058301
-113.547  130.7783   -9.053515
-112.5947  130.5869   -8.139551
-111.7525  126.3186   -8.426661
-113.3412  121.8779   -8.972168
-115.485  118.1072   -9.541601
-116.1645  117.0258   -8.948242
-113.3843  115.2553   -8.871679
-111.3697  109.8672   -8.397949
-111.6473  101.0434   -6.354688
-108.2594  102.8521   -7.345215
-106.8621  105.5127   -7.421777
-109.7045  103.3977   -7.316504
-111.5803  102.9383   -8.321386
-112.3985  99.42598   -10.5082
-108.6948  106.3453   -10.5082
-109.3073  97.93301   -8.441015
-108.4316  85.8457   -10.30723
-111.8674  85.01308   -9.254492
-114.4896  88.99434   -8.330957
-114.0111  88.01817   -7.976855
-114.1786  85.99883   -8.756836
-112.1593  87.59707   -8.785547
-113.0158  93.08086   -9.005664
-113.3077  99.05273   -9.646875
-113.5757  103.0148   -9.66123
-113.0732  102.7756   -9.383692
-113.6618  99.5791   -10.45557
-113.6331  95.96152   -10.39336
-112.9536  99.78008   -8.354883
-109.9533  101.5697   -9.043945
-107.6469  108.5943   -12.45098
-104.7662  111.9822   -8.546289
-104.1011  116.5186   -9.737793
-104.4982  119.9064   -8.053418
-104.7375  122.5861   -8.149121
-104.9098  126.5674   -9.067871
-106.4984  131.6492   -10.55127
-107.4842  137.1043   -10.60869
-111.8482  149.9477   -8.134766
-111.7717  149.0863   -11.17334
-112.9871  150.6559   -10.91973
-111.9439  153.9959   -12.94863
-109.1781  156.2449   -10.88623
-105.3883  158.5035   -12.08731
-100.7036  158.1111   -11.671
-95.7749  156.4076   -10.30723
-93.24834  153.9672   -9.378906
-91.05196  156.4076   -9.17793
-89.53506  162.3029   -10.02969
-91.35342  167.49   -7.503125
-95.35381  165.7195   -6.742285
-104.6944  167.0977   -10.25937
-108.0823  169.1266   -9.776074
-104.4504  165.8057   -8.441015
-103.4264  158.4939   -8.11084
-104.5748  152.4168   -8.632421
-104.46  148.3016   -8.641993
-102.2779  143.9758   -8.972168
-99.91406  141.7746   -7.65625
-103.5556  143.4016   -7.594043
-108.2259  147.8709   -8.469727
-110.4175  150.1486   -7.909863
-109.2403  149.8041   -7.929004
-107.666  146.3301   -6.794922
-107.3311  142.6359   -7.139453
-106.7377  143.4494   -6.627441
-105.9721  141.7555   -5.790039
-106.5176  136.798   -5.656054
-108.9197  134.1758   -6.407324
-108.6757  134.3959   -5.239746
-108.3646  133.9461   -4.76123
-110.6137  133.3719   -4.952637
-113.279  133.3527   -6.455176
-113.9346  132.4914   -5.172754
-112.4416  130.1084   -4.708594
-111.03  126.9406   -5.182324
-108.3407  124.9596   -5.144043
-108.8575  122.4139   -4.952637
-109.7523  121.4664   -5.866601
-110.8003  124.3184   -2.622266
-109.5657  136.2334   -3.909473
-112.6809  138.7504   -4.067383
-96.20557  112.9488   -10.47949
-96.14336  104.3643   -7.058105
-103.4024  111.2166   -4.153516
-156.8  153.1537   30.64893
-103.4646  124.8543   -7.651465
-97.94736  127.7732   -3.651074
-121.1936  174.8209   8.283106
-105.9912  142.6072   0.1052734
-105.0868  141.4492   1.516895
-105.8285  138.7025   0.5359375
-107.0918  135.8219   -0.2296875
-109.427  131.5822   0.4354492
-113.681  123.2848   0.6220703
-109.293  131.3908   0.3110352
-108.1302  133.6303   0.4019531
-107.1062  135.5826   0.1244141
-107.3933  135.0754   0.3923828
-108.2498  133.7068   0.2583984
-109.0585  132.1756   0.4450195
-109.5514  131.0271   0.4210938
-109.3935  131.3047   0.3541016
-108.647  132.5967   0.4019531
-108.0967  133.6111   0.1914063
-108.0249  133.7164   0.2918945
-108.2833  133.257   0.2679687
-108.6565  132.6445   0.5263672
-108.8862  132.1469   0.4067383
-108.9102  132.2043   0.2823242
-108.781  132.3479   0.3875977
-108.5656  132.9699   0.368457
-108.4651  133.0848   0.2249023
-108.4699  132.9029   0.4402344
-108.6613  132.6158   0.4545898
-108.7475  132.3   0.3828125
-108.7092  132.3479   0.3588867
-108.6326  132.9986   0.5167969
-108.6422  132.8455   0.2583984
-108.5608  132.7498   0.2344727
-108.7475  132.5297   0.3636719
-108.6613  132.7785   0.3780273
-108.5943  132.8647   0.2775391
-108.6326  132.6445   0.3349609
-108.6996  132.5871   0.3014649
-108.5896  132.6924   0.4833008
-108.6183  132.6158   0.2918945
-108.6278  132.6541   0.2536133
-108.6805  132.4436   0.3588867
-108.6326  132.6158   0.3110352
