10.73171  -10.12195   3.597561
12.80488  -18.78049   4.695122
12.19512  -20.12195   14.7561
12.31707  -1.585366   9.634147
12.07317  0.6097561   14.63415
11.89024  -5.487805   11.82927
11.28049  -13.78049   17.9878
13.53659  -11.58537   10.12195
11.52439  -8.04878   11.76829
11.21951  -24.26829   12.56098
14.14634  -13.65854   13.71951
12.7439  -9.268292   23.04878
16.46342  2.073171   28.41463
15.06098  -9.878049   23.41463
15.73171  -5.97561   23.84146
14.7561  -8.780488   16.52439
14.14634  -1.95122   19.57317
16.03658  -6.707317   23.29268
16.64634  -7.073171   26.76829
15.91463  -9.02439   24.45122
14.63415  0.4878049   27.68293
15.67073  -4.878049   33.04878
14.93902  -2.073171   24.02439
13.59756  -7.804878   28.90244
15.30488  1.707317   32.7439
18.90244  -2.317073   36.03659
12.86585  -5.609756   30.54878
14.81707  -6.95122   19.14634
9.939024  -6.219512   12.92683
9.329268  -7.804878   7.195122
5.97561  -4.512195   -1.036585
6.463415  -5.365854   0.1219512
4.695122  2.560976   -12.43902
-2.012195  3.414634   -27.7439
-9.512196  3.292683   -62.31707
-17.31707  -1.463415   -77.2561
-24.7561  -45.85366   -105
-31.82927  -22.31707   -128.8415
-31.82927  -23.29268   -137.8659
-40.42683  -31.09756   -154.8781
-42.92683  -25.60976   -154.1463
-45.18293  -30.36585   -169.7561
-53.65854  -39.02439   -183.9024
-59.08537  -35.2439   -201.0976
-63.10976  -43.90244   -216.0366
-63.17073  -38.78049   -206.0976
-102.6829  -74.63415   -174.6951
-45.06097  -36.09756   -162.561
-38.71951  -44.87805   -148.1098
-40.79268  -36.34146   -146.4634
-43.96341  -34.14634   -141.2805
-37.5  -32.43903   -130.3659
-30.91463  -24.5122   -105.9756
-25.18293  -10.12195   -80.36585
-17.56098  -7.560976   -57.31707
-12.13415  -8.658537   -37.86585
-10.54878  -1.585366   -36.58537
-10.85366  2.926829   -26.09756
-2.682927  -2.560976   -13.23171
4.573171  -8.04878   16.82927
13.71951  -11.34146   36.03659
18.41463  -5.487805   49.02439
31.82927  -1.097561   77.37805
45.79268  4.268293   110.7927
52.9878  41.21951   160.6707
66.58537  30.2439   200.2439
76.64634  34.87805   227.2561
85.97561  41.21951   254.6341
88.04878  45.85366   265.8537
89.2683  53.90244   267.9268
85.06097  31.82927   257.0122
83.04878  14.87805   234.1463
74.57317  17.43902   212.9878
94.08537  -21.58537   175
61.34146  7.317073   149.6341
51.70732  -4.390244   134.5732
45.4878  7.073171   111.4634
31.70732  8.536586   76.09756
21.21951  -8.170732   26.70732
11.09756  -2.682927   -3.353658
-6.585366  1.463415   -35.06097
-15.30488  5.487805   -68.53658
-23.10976  9.634147   -98.84146
-35.60976  3.292683   -159.7561
-52.19512  -77.80488   -206.7073
-68.04878  -46.09756   -242.1341
-66.09756  -26.82927   -244.4512
-71.58537  -51.58537   -250.2439
-66.09756  -46.46341   -213.7805
-61.46341  -32.31707   -178.8415
-55.36585  -33.90244   -173.2317
-61.46341  -43.90244   -181.2805
-62.19512  -49.5122   -180.9146
-57.0122  -47.31707   -181.4634
-52.80488  -44.39024   -159.2073
-40.73171  -31.58537   -130.3659
-32.13415  -25.36585   -91.64634
-23.84146  -13.65854   -62.37805
-8.47561  -5.487805   -25.97561
-4.268293  5.243902   -0.7926829
4.756098  9.146341   17.9878
7.987805  9.512196   29.26829
7.804878  3.04878   30.18293
10.36585  -0.7317073   45.18293
12.80488  7.804878   53.84146
22.0122  26.70732   72.43903
35.36585  16.58537   108.3537
46.15854  11.34146   141.7073
58.47561  32.92683   175.9146
72.07317  44.7561   213.4146
80.91463  36.58537   249.0244
87.80488  37.31707   259.7561
88.84146  43.78049   255.9756
82.19512  43.29268   254.4512
76.34146  30.2439   231.0976
78.90244  25.12195   218.7805
76.34146  22.43902   210.6707
72.80488  8.292683   192.561
75.7317  -0.8536586   183.9634
64.45122  18.41463   160.9146
61.89024  3.414634   146.2805
51.58537  11.95122   131.5854
53.23171  1.829268   119.0244
49.63415  10.36585   109.0244
39.39024  12.07317   92.5
32.56097  1.097561   66.46342
22.19512  -3.292683   25.91463
10.4878  -2.317073   -0.2439024
-0.06097561  -5.121951   -23.04878
-7.804878  11.46341   -46.34146
-14.57317  10.2439   -70.30488
-24.63415  -29.7561   -96.09756
-33.53659  -35.60976   -130.8537
-44.63415  -19.87805   -165
-47.43903  -30.73171   -194.3902
-55.85366  -36.09756   -204.5732
-52.92683  -28.78049   -200.4878
-49.26829  -36.46341   -185.3049
-50.30488  -42.92683   -201.1585
-58.23171  -56.34146   -222.8659
-73.65854  -50   -241.5854
-80.06097  -55.73171   -234.0244
-74.51219  -57.92683   -205.4878
-67.19512  -47.80488   -198.7195
-67.92683  -42.31707   -185.7927
-62.0122  -40.60976   -177.9268
-58.90244  -44.87805   -166.3415
-53.04878  -35.73171   -138.7805
-47.80488  -17.56098   -120.3049
-40  -23.17073   -107.0122
-35.60976  -24.5122   -94.7561
-32.07317  -15.60976   -82.43903
-26.64634  -10.36585   -58.04878
-17.37805  -44.87805   13.71951
-18.17073  -33.29268   28.35366
-14.08537  0.6097561   2.317073
-12.43902  -6.707317   -30.60976
-7.012195  -3.414634   -12.31707
-1.585366  -3.292683   -7.378049
0.1219512  -4.634146   1.280488
1.890244  0.3658537   8.536586
0.5487805  -2.804878   -0.5487805
4.207317  -3.658537   4.939024
6.707317  -0.1219512   11.03659
9.939024  1.219512   24.45122
18.71951  0.7317073   38.65854
26.40244  -2.195122   57.19512
25.30488  -17.07317   70.67073
32.31707  6.585366   84.45122
34.5122  28.04878   105.6707
39.32927  9.390244   109.3902
38.96341  10.4878   117.3781
47.68293  11.82927   124.7561
57.07317  10.73171   132.8659
58.29268  5.121951   143.9634
59.08537  19.26829   144.5732
61.40244  18.29268   156.4634
64.69512  13.41463   156.0976
71.09756  17.19512   171.6463
75.79269  10.4878   191.7073
74.69512  11.09756   196.7683
76.09756  12.80488   207.0732
73.29269  5   194.939
69.57317  7.804878   182.6219
66.7683  9.634147   168.2317
60.30488  18.04878   146.2805
55.18293  -2.195122   129.6341
48.59756  3.780488   124.6341
47.92683  7.560976   123.2317
44.45122  15.12195   116.0976
41.46341  12.19512   102.8659
33.47561  12.80488   85.2439
27.92683  12.31707   62.31707
16.34146  10.97561   36.15854
9.695122  -3.414634   0.3658537
5.182927  3.170732   -14.87805
2.317073  0.7317073   -13.53659
2.012195  3.902439   -18.29268
1.52439  5.487805   -19.14634
-3.536585  -2.560976   -24.20732
-2.5  1.219512   -28.17073
-11.49085  9.137196   -33.79146
-13.80793  12.30793   -45.74268
-16.73475  9.746952   -53.91341
-22.10061  -22.08232   -80.80366
-32.34451  -32.81403   -119.6451
-42.52744  -13.91158   -141.3524
-36.67378  -20.49695   -141.2305
-43.01524  -20.74085   -131.3524
-31.55183  -19.39939   -116.7183
-30.75914  -17.32622   -93.48658
-29.90549  1.942073   -85.98658
-24.23476  -17.44817   -90.49878
-31.55183  -8.667683   -97.32805
-35.21037  -13.54573   -118.3037
-38.13719  -15.49695   -140.6207
-47.28354  -34.64329   -170.4988
-49.41768  -39.8872   -174.3402
-52.10061  -38.30183   -165.1329
-50.14939  -32.32622   -160.4378
-48.32012  -37.93597   -135.0719
-42.28354  -27.32622   -113.3037
-33.8689  -12.81402   -84.58414
-29.23476  -14.8872   -69.15731
-31.00305  -7.204268   -70.07195
-30.14939  -10.6189   -76.29146
-32.95427  -19.76524   -97.14512
-35.33232  -5.131097   -113.3646
-40.45427  -25.74085   -115.4988
-40.63719  -25.00915   -106.0476
-38.44207  -20.98476   -88.79146
-29.66158  -6.228659   -69.46219
-22.28354  -12.44817   -51.23048
-15.8811  -1.350609   -36.29146
-12.64939  -2.692073   -13.54756
-2.954267  -5.253049   8.037809
-1.79573  0.8445125   15.29391
1.435977  -11.22866   23.76952
1.496953  12.91768   30.90366
8.082318  17.79573   43.22073
11.74086  9.990854   56.08659
23.3872  6.088415   69.13537
25.15549  11.45427   94.01342
32.04573  23.77134   114.8671
40.03354  22.42988   143.3427
41.31403  29.74695   161.2695
47.96037  30.72256   168.7085
51.07013  42.06403   182.0012
54.17988  38.64939   184.2573
50.15549  41.21037   188.0378
47.10671  40.1128   170.6598
42.41159  37.42988   158.8305
47.59451  29.74695   154.3183
40.58232  31.69817   141.9402
35.15549  26.21037   133.9525
40.39939  25.47866   115.4768
34.60671  23.64939   106.6963
28.6311  20.35671   92.18415
27.71646  22.06403   80.78171
25.46037  3.039634   61.75732
20.70427  0.1128054   33.76952
12.83842  -2.082316   11.26952
0.3993917  -5.496951   -20.49878
-11.91768  4.625   -60.4378
-21.79573  10.96646   -98.30366
-26.18597  -4.033536   -129.889
-34.53963  -43.91159   -151.9622
-45.27134  -24.03354   -165.4378
-41.42987  -22.20427   -176.7183
-47.28354  -38.78963   -189.0354
-44.47866  -27.69207   -179.4622
-44.05183  -32.44817   -174.2793
-43.99085  -25.375   -171.7183
-40.51524  -35.98476   -154.7671
-38.50305  -41.83841   -136.0475
-38.32012  -32.57012   -126.8402
-39.41768  -23.91158   -117.8158
-30.27134  -29.52134   -130.2549
-38.68597  -25.8628   -130.4988
-35.27134  -20.49695   -127.328
-34.96646  -32.93597   -116.2915
-30.45427  -31.59451   -99.70609
-28.07622  -18.78963   -83.85244
-24.41768  -13.42378   -78.85244
-29.60061  -18.30183   -99.82805
-33.50305  -18.78963   -103.1817
-31.125  -20.8628   -94.76707
-28.32012  -11.10671   -91.41341
-26.79573  -18.66768   -89.52317
-29.72256  -19.76524   -88.36463
-26.00305  -11.71646   -85.13293
-26.125  -19.15549   -81.65732
-22.77134  -14.64329   -75.98658
-18.44207  -14.52134   -63.79146
-19.1128  -6.960365   -57.02317
-17.40549  -1.106707   -42.38902
-13.50305  -5.862804   -48.85243
-16.42988  -6.960365   -49.76707
-14.66158  -5.496951   -47.75488
-14.17378  -1.960365   -49.03536
-14.72256  -12.32622   -48.36463
-11.6128  -6.472561   -41.53536
-9.417682  -2.32622   -30.55975
-10.27134  0.1128054   -22.38902
-8.442072  8.527439   -17.87683
-3.259145  8.039635   -2.023167
-1.003047  7.673781   4.196345
-1.003047  4.137196   8.952443
-5.27134  3.64939   -4.584142
-3.198169  1.820122   -1.84024
-0.6371937  4.503049   9.684151
2.167685  5.722561   15.72074
7.716465  0.9664636   31.02561
11.07012  10.60061   38.89146
20.21646  24.99085   71.45244
27.96037  21.82012   121.4524
37.65549  38.40549   156.6354
47.04573  40.84451   202.8549
50.8872  56.08841   238.5866
55.03354  67.18597   259.2573
60.03354  56.94207   257.1232
56.19207  44.3811   241.5744
52.04573  43.40549   228.1598
51.00915  48.77134   219.8061
52.41159  32.67378   217.0012
49.85061  26.82012   202.8549
47.16769  6.698171   191.2085
46.80183  30.84451   188.0988
41.92378  6.332317   186.8183
47.35061  21.21037   202.2451
46.19207  6.454268   215.2329
46.43598  9.625   206.4525
46.25305  -17.44817   207.3061
43.93598  -12.57012   195.9037
38.08232  -2.570122   192.2451
29.05793  2.55183   156.8793
24.24086  2.429878   153.4646
29.60671  -4.277439   143.4646
28.1433  -4.643292   142.611
42.04573  -54.8872   -25.98658
40.15549  -128.3018   -137.0841
21.375  -55.00915   68.09879
33.75305  -88.30183   103.0988
23.02134  -77.81403   135.9037
27.04573  -63.30183   132.3061
9.911588  -15.25305   108.1598
40.8872  -36.35061   62.12318
13.32622  -15.6189   55.35488
2.350612  -5.375   61.14756
3.570124  -6.960365   18.58659
8.935977  14.8689   55.59879
5.887197  -12.93598   40.41586
-5.576218  -0.4969511   -1.047557
6.192075  -7.32622   15.23293
-9.478657  8.405488   2.0622
-13.80793  -3.789634   -17.99878
-14.60061  -14.27744   -11.77926
-17.46646  -15.375   -25.92561
-12.58841  -28.42378   -12.32804
-6.917682  -48.78963   -17.08414
-20.02744  -40.1311   -19.52317
-21.06402  -32.08232   -17.20609
-24.96646  -20.98476   -15.25487
-29.96646  -25.98476   -7.693898
-23.99085  -10.25305   -17.20609
-24.60061  -1.106707   -14.88902
-27.34451  14.1372   -27.32804
-33.50305  16.82012   -43.42561
-31.6128  25.47866   -39.88902
-35.21037  13.77134   -33.85243
-27.10061  9.868902   -22.08414
-22.22256  16.69817   -18.91341
-18.74695  3.527439   -26.71829
-0.5762181  -32.08232   -61.16951
-39.23475  4.868903   -40.4378
-20.94207  -0.1310973   -11.59634
-23.01524  -14.03354   -16.59634
-17.40549  -16.22866   -15.01097
-17.58841  -16.96037   -15.1939
-17.89329  -9.39939   -19.64512
-19.90549  -12.93598   -20.62073
-20.14939  -15.8628   -24.82804
-18.3811  -9.521341   -27.9378
-17.34451  -19.52134   -29.82804
-23.8689  -11.71646   -45.98658
-23.92988  -16.59451   -40.49878
-25.94207  -18.30183   -41.96219
-22.10061  -20.375   -38.05975
-20.45427  -9.277439   -35.86463
-25.21037  6.088415   -31.10853
-19.29573  -0.1310973   -27.51097
-11.3689  1.332317   -25.07195
-9.783535  -7.204268   -17.20609
-4.173779  -5.740853   -20.6817
-3.624999  -7.448171   -19.58414
-2.710364  -2.32622   -22.38902
-3.503047  -8.179878   -36.23048
-6.551828  -5.131097   -46.96219
-6.307925  7.551829   -51.53536
8.631099  -4.521341   -28.30365
12.53354  -10.74085   -30.92561
-30.82012  47.91768   -158.0598
-58.07622  139.7469   -217.9378
-28.13719  95.3567   -164.828
-2.832315  69.8689   -121.8402
64.05793  61.57622   -117.511
-93.07622  -189.5213   -101.0476
-111.6738  -221.7165   -32.32804
-73.8689  -143.9116   -165.3158
39.17988  26.94207   27.12317
-10.45427  2.673781   8.891467
-26.79573  -25.6189   -16.47439
-4.539633  -3.301829   -15.13292
-2.893291  -3.667683   -15.62073
-3.320121  1.210366   -9.096337
-4.356706  -11.22866   -16.47439
-5.454267  -22.93598   -25.92561
-3.259145  4.868903   -9.157313
-2.710364  1.820122   -0.2548742
-5.149389  -3.667683   -4.218288
-2.344511  2.55183   -2.267069
0.1554894  6.57622   7.915857
-3.868901  5.234756   10.05
-1.24695  12.79573   13.58659
-0.9420719  7.551829   14.44025
-3.320121  12.18598   6.025614
-1.551828  1.332317   -0.6817031
-2.100608  3.039634   -15.13292
-2.77134  -3.545732   -7.145118
-3.320121  -0.2530484   -5.620728
-4.173779  5.966464   -2.206093
-6.24695  -35.6189   45.05
-14.1128  -28.66768   9.501224
-10.33232  -10.375   34.01342
-16.24695  -5.009146   56.14757
-11.49085  -4.39939   54.44025
-3.442072  14.99085   45.29391
-2.405486  3.405488   51.69634
-0.5152426  -4.521341   64.68415
27.04573  22.91768   106.3305
55.27744  20.1128   177.55
70.82623  5.60061   216.0256
75.82623  12.06402   219.6842
78.6311  44.625   215.3549
70.8872  61.08841   185.8427
71.31403  71.33232   182.1842
85.03354  33.8933   192.672
67.10671  0.1128054   153.7695
53.99695  49.8689   124.5622
49.36281  18.28354   110.7207
46.67988  3.161586   103.8305
54.91159  -8.911585   101.5134
62.53354  7.795732   120.6598
69.60671  5.356708   137.2451
76.07012  19.01524   139.5012
95.21647  73.52744   140.05
97.59451  28.03963   93.09879
57.71647  20.23476   84.25732
45.03354  23.03963   73.28171
44.60671  7.429878   65.65976
39.54573  -0.3749995   68.34268
29.54573  3.161586   59.50122
24.30183  5.112805   44.5622
23.875  -10.1311   40.35488
21.1311  -2.204268   38.52561
22.41159  -0.8628044   45.47683
24.78963  -7.692073   45.78171
20.27744  -6.716463   44.01342
15.39939  -1.716463   28.52561
9.972562  -1.716463   11.69635
4.789636  -2.570122   5.232931
-0.6981692  0.7225614   -6.169508
-1.612803  6.088415   -2.937801
-1.734755  5.112805   0.7817116
2.594514  -0.4969511   4.074394
7.960367  -6.838414   28.40366
11.55793  -22.08232   34.44025
13.3872  -5.618902   37.55
10.58232  -2.935975   31.8183
7.106709  -11.59451   18.76952
4.911587  -2.935975   10.17196
2.77744  -3.911585   2.793906
-0.1493888  2.795732   0.9646382
-1.490852  -1.472561   -8.242679
-1.307925  6.210366   -5.376825
-1.673779  -0.6189022   -1.657313
-2.039633  -2.570122   -0.6207275
-0.02743769  -0.984756   5.415857
1.375002  2.917683   12.0622
0.09451389  11.21037   14.37927
-2.161584  1.698171   9.379272
-1.734755  2.917683   4.806102
-2.466462  1.57622   0.1109796
-4.234755  9.503049   -4.584142
-3.320121  3.161586   -3.425606
-2.77134  6.57622   -6.596337
-2.588413  6.210366   -4.828045
-2.039633  7.307927   -0.2548742
0.09451389  -3.667683   5.293906
2.960367  -3.545732   16.57439
4.118904  16.82012   19.62317
5.643294  5.966464   19.19635
3.326221  4.015244   17.61098
2.716465  3.527439   13.89147
2.594514  6.454268   14.01342
1.192075  9.015244   7.671955
2.22866  4.381098   11.8183
-0.8810959  6.088415   8.403663
-1.551828  3.771342   11.14757
-0.3323154  1.088415   5.232931
-0.8201203  1.210366   2.550004
-0.8810959  0.8445125   4.806102
-1.124999  9.015244   0.7817116
-1.490852  7.429878   -0.6817031
-1.856706  7.064025   0.4768333
-2.283535  2.185976   -7.510972
-1.856706  10.96646   -2.449996
-2.161584  4.503049   -2.023167
-2.100608  0.6006103   -4.584142
-4.783535  8.771341   -7.023167
-4.173779  5.722561   -7.81585
-3.868901  5.478659   -12.32804
-7.832315  -0.009146214   -29.03536
-10.8811  5.966464   -39.03536
-11.24695  11.94207   -51.53536
-14.66158  20.60061   -60.25488
-17.46646  15.96646   -75.01097
-18.56402  20.84451   -108.0598
-14.66158  17.91768   -134.3402
-20.21037  3.527439   -168.9744
-31.18597  20.60061   -214.889
-41.79573  15.11281   -241.8402
-61.42987  22.42988   -238.9134
-59.66158  14.99085   -214.2793
-55.39329  10.35671   -245.2549
-66.00305  24.01524   -272.45
-78.99085  54.99085   -284.2793
-97.22256  97.18597   -289.889
-87.22256  76.94208   -272.8159
-77.16158  34.01524   -282.45
-69.41768  47.06403   -283.1207
-56.97866  57.91768   -249.828
-28.50305  50.1128   -189.1573
-27.89329  63.89329   -154.95
-22.46646  78.03963   -154.3402
-20.08841  68.77135   -182.0841
-21.73475  36.21037   -208.1817
-18.68597  13.52744   -203.9134
-26.125  4.625   -198.4866
-32.46646  16.21037   -172.511
-28.50305  30.47866   -166.5963
-16.18597  34.01524   -181.5963
-22.40549  10.23476   -151.3524
-19.53963  5.722561   -163.7915
-14.84451  3.283537   -167.511
-17.89329  12.42988   -154.7671
-21.49085  20.96646   -173.9134
-18.68597  12.79573   -182.0841
-217.7713  34.01524   -404.4622
-20.02744  -13.17988   -234.95
-15.75914  -22.44817   -224.4012
-18.92988  -35.25305   -211.9622
-15.08841  -28.30183   -182.5719
-23.32012  2.185976   -160.4988
-0.02743769  29.99085   -53.91341
-17.71037  2.064024   13.28171
-17.77134  51.21037   -36.77927
-3.137194  72.42989   -54.40121
-7.954267  44.1372   -68.60854
-14.84451  14.1372   -58.42561
-4.356706  3.283537   -56.16951
-5.27134  -13.05793   -40.37682
1.679879  -16.47256   11.51342
10.82622  5.722561   76.14756
19.78963  20.1128   170.5378
10.82622  49.99085   238.6476
30.03354  68.28354   297.6719
31.92378  78.77135   339.6841
49.36281  39.99085   350.7817
30.52134  -23.42378   333.5866
52.59451  44.74695   317.611
47.89939  46.08841   281.3305
48.3872  68.64939   266.4524
42.22866  18.03963   247.1232
36.07013  -34.64329   226.9402
44.1189  -65.74086   233.9525
46.55793  -30.6189   249.4402
46.6189  -20.74085   255.2939
49.66769  -76.22865   281.3305
38.3872  -112.814   280.111
38.32622  -115.4969   258.0378
44.78963  -79.52135   249.8061
39.72866  -88.78963   222.3671
34.78963  -34.76524   194.5622
29.48476  16.82012   165.5988
15.15549  25.60061   118.7085
-5.393291  7.185976   67.24512
-15.45427  -1.716463   -2.81585
-36.79573  20.47866   -52.51097
-47.58841  -32.08232   -112.511
-51.8567  -90.86281   -172.6329
-61.125  -25.74085   -170.3768
-47.34451  23.16158   -141.0475
-44.3567  24.25915   -121.7793
-37.40549  17.91768   -111.2305
-36.6128  17.91768   -104.4012
-38.92988  15.23476   -100.4378
-46.00305  8.161586   -110.2549
-52.16158  -9.643292   -139.4012
-57.03963  -35.25305   -167.1451
-57.95427  -46.71646   -157.8158
-59.66158  -26.96037   -144.7671
-57.40549  1.332317   -134.0963
-48.19817  4.381098   -131.1695
-43.25914  -4.39939   -126.9012
-39.72256  -6.594512   -114.2183
-37.52744  -15.1311   -113.2427
-32.95427  -24.76524   -116.6573
-36.30793  -26.71646   -102.9378
-37.58841  -25.74085   -104.7671
-37.16158  -51.59451   -112.9988
-29.84451  -55.25305   -111.0476
-35.27134  -32.93597   -89.76707
-27.03963  -16.47256   -62.45
-19.60061  -4.39939   -47.14512
-15.21036  -7.935975   -32.75488
-16.8567  -9.521341   -41.84024
-24.41768  -19.52134   -52.81585
-31.67378  -37.57012   -60.62073
-5.088413  -71.59451   -32.02317
22.96037  -152.936   100.4159
48.26525  -215.4969   161.6964
0.03353786  -322.814   180.172
-61.42987  -293.058   74.01342
-109.4787  -239.0335   -29.58414
-20.02744  105.1128   81.69634
-57.77134  -50.98476   29.86708
-64.60061  -50.8628   22.0622
5.155489  69.13719   35.17196
-17.03963  1.210366   0.5987844
-4.417682  -5.984756   -5.559752
-6.003047  5.60061   -29.15731
-4.661584  -6.228659   -39.03536
-3.320121  4.381098   -32.9378
-3.137194  4.746952   2.854882
-2.222559  8.64939   10.41586
0.09451389  4.137196   7.489028
-2.832315  0.3567076   -4.218288
-2.588413  4.015244   -16.16951
-2.100608  -4.521341   -13.42561
-2.466462  3.405488   -15.49878
-2.222559  4.990854   -3.730484
-1.429877  1.454268   2.428053
-1.673779  0.4786587   -0.4378009
-2.039633  2.795732   0.8426871
-4.295731  0.3567076   -6.047557
-3.015243  -0.4969511   -12.38902
-2.527438  -0.009146214   -9.645118
-3.442072  -0.984756   -7.206094
-2.100608  5.722561   -1.596337
-3.381096  4.746952   0.7817116
-0.5152426  -4.277439   -4.218288
-2.100608  -0.009146214   -8.608533
-1.978657  7.429878   -5.559752
-3.259145  -2.448171   -3.303654
-2.466462  3.527439   -7.449996
-1.673779  5.60061   -4.767069
-3.015243  2.307927   -7.571947
-1.856706  -2.692073   -10.98658
-2.77134  1.698171   -5.010972
-1.429877  3.64939   -8.120728
-1.856706  3.405488   -5.620728
-1.551828  4.503049   -5.254874
-2.222559  -2.32622   -7.267069
-1.612803  0.7225614   -2.328045
-1.124999  6.088415   -5.498776
-3.442072  -2.570122   -1.718288
-1.917682  0.8445125   -7.084142
-2.527438  2.917683   -3.303654
-2.466462  5.478659   -3.852435
