0.9998322  0.000191473   0.0007972369 -0.0183008
0.9993156  0.0001809933   0.001911765 -0.03694199
0.9984527  -7.163033E-05   0.002855697 -0.05553451
0.9971353  -0.001147226   0.001093176 -0.07562181
0.9951341  -0.002959247   -0.001449322 -0.09847447
0.9924585  -0.00525808   -0.002141716 -0.122449
0.9893709  -0.007279968   -0.003360808 -0.1451926
0.9860659  -0.009722943   -0.004391917 -0.1660133
0.9827021  -0.01118681   -0.005356109 -0.1847782
0.9795372  -0.01246396   -0.006035052 -0.2007863
0.976423  -0.01314584   -0.004971971 -0.215408
0.9731004  -0.01397415   -0.005668743 -0.229887
0.9695477  -0.01503301   -0.005380569 -0.2443817
0.9654657  -0.01641913   -0.005375964 -0.2599567
0.9607871  -0.01811888   -0.005442973 -0.2766412
0.9552203  -0.02089028   -0.006820309 -0.2950782
0.9493091  -0.023848   -0.008444909 -0.3133244
0.9434909  -0.02694518   -0.009730703 -0.3301577
0.9378362  -0.02961361   -0.01045553 -0.3456542
0.9329259  -0.03228265   -0.01153234 -0.3584328
0.9287872  -0.03400314   -0.01175804 -0.3688629
0.9256991  -0.0346022   -0.01094598 -0.3765158
0.9231168  -0.03493547   -0.01037261 -0.3827889
0.9205547  -0.03511053   -0.009078226 -0.3889267
0.9177808  -0.03536909   -0.008088656 -0.3954267
0.9142873  -0.03610726   -0.007743904 -0.4033796
0.9103063  -0.03641989   -0.006128983 -0.4122844
0.9061769  -0.03797635   -0.005955363 -0.4211482
0.9024734  -0.03944138   -0.005604533 -0.4288992
0.8995689  -0.04060072   -0.004931918 -0.43486
0.897626  -0.04062518   -0.003400239 -0.4388686
0.8963996  -0.04033877   -0.002554034 -0.4414001
0.8956791  -0.03909745   -0.0009911428 -0.4429778
0.8958588  -0.03778797   0.0003714291 -0.4427289
0.8969023  -0.03594099   0.00117409 -0.4407644
0.8981308  -0.03376979   0.002433181 -0.4384231
0.8996331  -0.03187116   0.002609636 -0.4354741
0.9013824  -0.0289955   0.004715189 -0.4320263
0.9036327  -0.02573617   0.00681702 -0.4274801
0.9062291  -0.02274126   0.008058615 -0.4220981
0.9091531  -0.01911689   0.0085017 -0.4159362
0.9127896  -0.01531155   0.009254752 -0.408038
0.9169395  -0.01055476   0.01072983 -0.3987423
0.9217813  -0.005421826   0.01171018 -0.3874955
0.9268707  -4.111918E-05   0.01316201 -0.3751499
0.9318492  0.005648679   0.01432392 -0.3625191
0.936915  0.01172673   0.01617524 -0.3489858
0.941637  0.0175862   0.01746506 -0.3357166
0.946126  0.02313619   0.01902159 -0.3224104
0.9498219  0.02810902   0.02047648 -0.3108518
0.952964  0.03232333   0.0217394 -0.3005697
0.9557911  0.036447   0.02211258 -0.2909399
0.9581556  0.03989615   0.02281158 -0.2825345
0.9602507  0.04263779   0.02316981 -0.2748882
0.9617719  0.04561586   0.02335328 -0.2690141
0.963049  0.04804152   0.02353983 -0.2639593
0.9639688  0.04973075   0.02359917 -0.2602578
0.9646484  0.05130284   0.02386102 -0.2573947
0.9649338  0.05221818   0.02265029 -0.256248
0.964597  0.05258478   0.02141409 -0.2575439
0.9638103  0.05219769   0.02027383 -0.2606417
0.9623736  0.05065457   0.01928389 -0.2662692
0.9600796  0.04836102   0.01965282 -0.2748132
0.9568937  0.04545109   0.02099153 -0.2860909
0.9528196  0.0416977   0.0212919 -0.2999045
0.9482117  0.03621021   0.01861466 -0.3150188
0.9432233  0.03081786   0.01808735 -0.3302315
0.9378103  0.025882   0.01767826 -0.3457304
0.9319011  0.02015941   0.01619937 -0.3617894
0.9262803  0.01522194   0.01559848 -0.3762043
0.9207776  0.01037193   0.01467593 -0.3896737
0.9153472  0.006035713   0.01442628 -0.4023616
0.910532  0.001736324   0.01325424 -0.4132226
0.9063646  -0.002473068   0.01159378 -0.4223301
0.9024983  -0.006030973   0.01078469 -0.4305163
0.899015  -0.009143301   0.01079548 -0.4376894
0.8951393  -0.01169364   0.01004763 -0.4455198
0.8912866  -0.01466141   0.009963439 -0.453094
0.887485  -0.01697583   0.01025844 -0.4604096
0.8842539  -0.01980041   0.009585206 -0.4664881
0.8818347  -0.02202216   0.008954266 -0.4709591
0.8800429  -0.02342565   0.009291212 -0.4742253
0.8786052  -0.02437891   0.009868204 -0.4768241
0.8760666  -0.02583278   0.01032029 -0.481387
0.873332  -0.02756398   0.0109293 -0.4862222
0.8711063  -0.02922383   0.01129072 -0.4900941
0.8692563  -0.03017833   0.01231777 -0.493286
0.8673816  -0.03129245   0.01275745 -0.4964947
0.865496  -0.03259503   0.01330146 -0.4996772
0.863741  -0.03329617   0.01428982 -0.5026317
0.862122  -0.03430575   0.01476354 -0.5053225
0.860869  -0.03487198   0.01544039 -0.5073956
0.8601544  -0.03509143   0.01598327 -0.5085741
0.8597  -0.0349912   0.01716786 -0.5093102
0.8598626  -0.03451877   0.01875105 -0.5090119
0.8598275  -0.03403697   0.01975405 -0.5090656
0.8595926  -0.03378194   0.02084332 -0.509436
0.8592945  -0.03343739   0.02191876 -0.5099162
0.859017  -0.03293194   0.023222 -0.5103588
0.8586948  -0.03306376   0.02370937 -0.5108698
0.8587499  -0.03272168   0.02449716 -0.510762
0.8593088  -0.0319248   0.02558354 -0.5098183
0.8600857  -0.03117566   0.02685851 -0.5084873
0.8609883  -0.02991236   0.02869819 -0.5069329
0.8626177  -0.02835648   0.0302539 -0.5041542
0.8643923  -0.02673695   0.0316421 -0.5011087
0.8662999  -0.02530835   0.03274875 -0.4978067
0.8674712  -0.02425954   0.0339754 -0.4957325
0.8686829  -0.02327872   0.0348933 -0.4935895
0.8703821  -0.02206361   0.03586534 -0.4905728
0.8723001  -0.0206216   0.03678852 -0.4871486
0.8747752  -0.01893689   0.03712421 -0.4827334
0.8774223  -0.01663074   0.03802682 -0.47792
0.8812883  -0.01318278   0.03955197 -0.4707363
0.8869537  -0.009343022   0.04043606 -0.4599899
0.8935648  -0.003983063   0.04222821 -0.4469261
0.9014663  0.002154916   0.04372966 -0.4306292
0.910044  0.009066823   0.04614833 -0.411835
0.9186277  0.01656607   0.04915624 -0.3917045
0.9264011  0.02377427   0.05097883 -0.372313
0.9330554  0.02983311   0.05174908 -0.3547386
0.9388356  0.03525988   0.05250875 -0.3385074
0.9439088  0.04044104   0.05364624 -0.3233
0.9486297  0.04500888   0.05332309 -0.3085976
0.9526569  0.04895527   0.05257124 -0.2954393
0.9562338  0.05185611   0.0501854 -0.2835653
0.9593404  0.05528639   0.04983977 -0.27226
0.9622909  0.05750445   0.0474818 -0.2616006
0.9653172  0.06052242   0.0461803 -0.2497339
0.9685092  0.06298297   0.04355923 -0.2369084
0.971219  0.06552051   0.04126618 -0.2252507
0.9738495  0.06748603   0.03668496 -0.2138149
0.9760743  0.06916481   0.03262371 -0.2035457
0.9780483  0.07053053   0.02956124 -0.1938376
0.9793206  0.07106964   0.02730936 -0.1874415
0.9805489  0.07117296   0.02518647 -0.181174
0.9815895  0.07155793   0.02250476 -0.1756564
0.9825992  0.07175384   0.01984129 -0.1701661
0.9814368  0.0724499   0.01400542 -0.1770216
0.9780359  0.07149723   0.002427535 -0.1957751
0.9780165  0.06986527   -0.004014369 -0.1964346
0.9784161  0.06883512   -0.01367441 -0.1943624
0.9794183  0.06726249   -0.02233498 -0.1889889
0.9803865  0.06644349   -0.02966136 -0.1831606
0.9809704  0.06531415   -0.03239858 -0.1799485
0.9807284  0.06616269   -0.03717936 -0.1800332
0.9804963  0.06519449   -0.03970554 -0.1811074
0.980453  0.06353772   -0.04117844 -0.1816017
0.9798506  0.06227892   -0.04247297 -0.1849599
0.9798408  0.06159232   -0.04221961 -0.1852997
0.9795915  0.06051823   -0.04412396 -0.1865237
0.9787804  0.05896297   -0.04451497 -0.1911299
0.9780718  0.05808356   -0.04581188 -0.1946874
0.9773564  0.05642813   -0.04535718 -0.1988291
0.9762325  0.05431435   -0.04575275 -0.2047604
0.9751801  0.05199416   -0.04702295 -0.2100216
0.973992  0.04964368   -0.04818624 -0.2157617
0.9729254  0.0473765   -0.05060717 -0.2204782
0.9717254  0.04536676   -0.05477721 -0.2251465
0.9703857  0.04261049   -0.05790775 -0.2306132
0.9691671  0.03990983   -0.06031467 -0.2355514
0.9680831  0.03724318   -0.06164876 -0.2400573
0.9672972  0.03409963   -0.06326821 -0.2432497
0.9664617  0.03187683   -0.06362663 -0.2467535
0.9656544  0.0298313   -0.06319014 -0.2502575
0.9646845  0.02816667   -0.0613116 -0.25462
0.963449  0.02618749   -0.05900343 -0.2599977
0.9623957  0.02456864   -0.05599888 -0.2646793
0.961447  0.02233233   -0.05390241 -0.2687292
0.9608065  0.02071597   -0.05231205 -0.27145
0.9602606  0.0197178   -0.05024831 -0.2738355
0.9594392  0.01871371   -0.04935923 -0.2769296
0.957651  0.01832006   -0.05188007 -0.2826259
0.9565356  0.01644498   -0.05011915 -0.2868054
0.9561793  0.01522527   -0.04944566 -0.288174
0.9557273  0.01359615   -0.0498429 -0.289683
0.9552851  0.01238857   -0.0505596 -0.2910678
0.9548019  0.01124265   -0.05130107 -0.2925663
0.9542342  0.01041807   -0.05135677 -0.2944333
0.9536574  0.00933534   -0.05165213 -0.2962812
0.9530036  0.0081149   -0.05219728 -0.2983182
0.9523019  0.007322681   -0.05222417 -0.3005663
0.951556  0.0063421   -0.05311122 -0.3027875
0.9504288  0.005244012   -0.05312058 -0.3063262
0.9494067  0.004032043   -0.05351176 -0.30943
0.9483649  0.002613768   -0.05398418 -0.3125428
0.9474595  0.001511282   -0.05470573 -0.3151592
0.9466658  0.0009601066   -0.05451104 -0.317571
0.9460372  0.0004462649   -0.05289892 -0.3197111
0.9456118  0.0001260797   -0.05200094 -0.3211142
0.9452818  0.0004546929   -0.05121356 -0.3222101
0.9451402  0.0006557397   -0.05116538 -0.3226326
0.9449171  0.001290443   -0.05118243 -0.3232806
0.9446824  0.001920375   -0.05135 -0.323936
0.944409  0.002744404   -0.05113212 -0.3247611
0.9437321  0.003377147   -0.05137486 -0.3266786
0.9428474  0.003888647   -0.05127637 -0.329233
0.9418793  0.004690524   -0.05017284 -0.3321505
0.9415136  0.006137034   -0.05053929 -0.3331069
0.9410469  0.007673372   -0.05154487 -0.3342378
0.937181  0.008505103   -0.04619589 -0.3456667
0.9310068  0.009278284   -0.03277164 -0.3634093
0.9267318  0.01091803   -0.02387471 -0.3748055
0.9239781  0.01347268   -0.01792905 -0.3817872
0.9212597  0.02053826   -0.01508617 -0.3881124
0.9184754  0.01094336   -0.02516409 -0.3945249
0.9176974  -0.004641455   -0.03864395 -0.3953689
0.9133792  -0.01426532   -0.0474485 -0.4040835
0.9154027  -0.01093216   -0.04700627 -0.3996361
0.9170634  -0.009941189   -0.04574989 -0.3959832
0.9178414  -0.01126036   -0.04628806 -0.3940786
0.9188478  -0.01066761   -0.04609929 -0.3917649
0.9194562  -0.009632837   -0.04583081 -0.3903934
0.9202707  -0.008495453   -0.04514733 -0.3885759
0.9208872  -0.007864594   -0.04545227 -0.3870904
0.9211374  -0.00768706   -0.04667242 -0.3863529
0.9217198  -0.006580783   -0.04574838 -0.3850927
0.9226898  -0.005589309   -0.0450955 -0.382856
0.9235625  -0.004959951   -0.04480848 -0.3807885
0.9244322  -0.003970846   -0.04413548 -0.3787628
0.9255035  -0.002824463   -0.04326386 -0.3762493
0.9266332  -0.002034341   -0.04235893 -0.3735671
0.9278678  -0.0008419623   -0.04094388 -0.3706538
0.9290955  0.0001153316   -0.03999772 -0.3676707
0.9300729  0.0009829842   -0.03863 -0.365337
0.9308303  0.001666723   -0.03820162 -0.3634458
0.9310533  0.002363706   -0.03762961 -0.36293
0.9313827  0.002705066   -0.03759224 -0.3620852
0.9316834  0.003066411   -0.03728092 -0.3613403
0.9321024  0.003530683   -0.03644213 -0.3603396
0.9330807  0.002631282   -0.03881266 -0.357557
0.9342633  0.001601709   -0.04034339 -0.3542908
0.9354347  0.0009147191   -0.04065496 -0.3511527
0.9373052  7.371289E-05   -0.04026192 -0.3461762
0.9392353  -0.0005461901   -0.04004951 -0.3409292
0.9408716  0.000147034   -0.03847435 -0.3365714
0.9425253  0.0005563009   -0.03788536 -0.3319796
0.9444454  0.0007835188   -0.03803167 -0.3264595
0.9476672  0.003767226   -0.03676349 -0.3171138
0.9525498  0.008485138   -0.03663032 -0.3020514
0.9578633  0.01385793   -0.03818204 -0.2843378
0.9627079  0.01975994   -0.0393231 -0.2669395
0.9670222  0.02679438   -0.03774497 -0.2504503
0.9703387  0.03332581   -0.03464749 -0.2369211
0.9733378  0.03956323   -0.0308435 -0.2238235
0.9760568  0.04602203   -0.03060453 -0.2103767
0.9778062  0.05031488   -0.03281235 -0.2007162
0.9791227  0.05439262   -0.03042926 -0.1934792
0.9800511  0.05716969   -0.0307154 -0.1878506
0.980786  0.05931629   -0.03226142 -0.1830286
0.9813941  0.06187226   -0.03497537 -0.1783651
0.9822305  0.06533053   -0.03648008 -0.1721169
0.9831823  0.06905387   -0.03845597 -0.1646373
0.9840605  0.07346746   -0.03938773 -0.1570864
0.9848835  0.08020154   -0.03593234 -0.1492687
0.9848235  0.08596694   -0.03628324 -0.1463417
0.9848937  0.08849601   -0.03672742 -0.1442352
0.9849317  0.08989765   -0.03672034 -0.1431067
0.984866  0.0909476   -0.03800388 -0.1425593
0.9848726  0.09143278   -0.03991139 -0.1416795
0.9848607  0.09111468   -0.04132124 -0.1415631
0.9847283  0.09042193   -0.04236428 -0.142616
0.9844964  0.08956964   -0.04465934 -0.1440469
0.9843059  0.08866098   -0.04619697 -0.1454199
0.9842132  0.08786535   -0.04767369 -0.1460523
0.9840617  0.08725506   -0.04975654 -0.146743
0.9839246  0.08633   -0.05166765 -0.1475465
0.9836495  0.08521648   -0.05294013 -0.1495636
0.9832018  0.08378705   -0.05399121 -0.1529019
0.9827029  0.08202411   -0.05497326 -0.156669
0.982105  0.08000439   -0.0554824 -0.1612165
0.981589  0.07808252   -0.05550769 -0.165242
0.9811495  0.07619481   -0.05560669 -0.1686649
0.9807215  0.07462792   -0.05624761 -0.1716164
0.9806027  0.0733738   -0.05764881 -0.1723694
0.9804978  0.07224122   -0.06041476 -0.172497
0.9805029  0.07164553   -0.06178269 -0.1722319
0.9804431  0.07090476   -0.06283557 -0.1724977
0.9801534  0.06986745   -0.06448024 -0.1739545
0.9798024  0.06889438   -0.06527597 -0.1760111
0.9793614  0.06781077   -0.06606007 -0.1785747
0.9789521  0.06665538   -0.06619743 -0.1811842
0.9784127  0.06540407   -0.06660458 -0.1843764
0.9779838  0.06435328   -0.0663509 -0.1870932
0.9775832  0.0631773   -0.06668396 -0.1894543
0.9772086  0.06197847   -0.06716596 -0.1916006
0.9769393  0.06100885   -0.06756108 -0.1931398
0.9767987  0.06025522   -0.06766554 -0.1940486
0.9767841  0.05954067   -0.06703991 -0.1945591
0.9766586  0.05849168   -0.06715696 -0.1954651
0.9764513  0.05759872   -0.06713786 -0.1967682
0.9761712  0.05667163   -0.06718729 -0.1984035
0.975879  0.05582448   -0.06648895 -0.2003073
0.9755861  0.05497026   -0.06634017 -0.2020127
0.9752652  0.05427047   -0.06588557 -0.2038911
0.9749783  0.05358921   -0.06546812 -0.2055714
0.9747824  0.0529806   -0.06498011 -0.2068087
0.9746313  0.05235187   -0.06548024 -0.2075223
0.9746836  0.05194474   -0.06606138 -0.2071941
0.9749098  0.05205045   -0.06492765 -0.2064606
0.9750543  0.05202157   -0.06475954 -0.2058375
0.9751541  0.05182017   -0.06469955 -0.2054338
0.9751862  0.05157771   -0.06465302 -0.2053578
0.9752507  0.05138348   -0.06435113 -0.2051943
0.9752306  0.05117035   -0.06377161 -0.2055242
0.975248  0.05096527   -0.06361897 -0.2055396
0.9752356  0.05054207   -0.0632489 -0.2058172
0.9752787  0.04998434   -0.06307715 -0.2058012
0.9751831  0.04956061   -0.06312086 -0.206343
0.9750479  0.04913942   -0.06312621 -0.2070794
0.9749484  0.04870652   -0.0631687 -0.2076368
0.9748271  0.04846697   -0.06248336 -0.2084683
0.9747002  0.04815808   -0.06191928 -0.2092996
0.9746112  0.04781506   -0.06137947 -0.2099506
0.974355  0.04738605   -0.06121328 -0.2112815
0.9742351  0.04717274   -0.06031964 -0.2121377
0.9740947  0.04682008   -0.05996909 -0.2129578
0.9738935  0.04640681   -0.05994111 -0.2139741
0.9737062  0.04596422   -0.0591501 -0.2151389
0.9735152  0.04553145   -0.05861925 -0.2162379
0.9732462  0.04514651   -0.05809455 -0.2176666
0.972667  0.04440546   -0.05789125 -0.2204442
0.9719445  0.04360198   -0.05707421 -0.2239759
0.9710072  0.04299582   -0.05568242 -0.2284643
0.9699777  0.04231137   -0.05345067 -0.2334438
0.9686571  0.04137031   -0.05149043 -0.2394594
0.9666649  0.04062935   -0.04895905 -0.2480145
0.9641112  0.0402454   -0.04665334 -0.2582505
0.960669  0.03916805   -0.04530729 -0.2711608
0.9560561  0.037903   -0.04206958 -0.2876638
0.9505605  0.0357135   -0.0389091 -0.306015
0.9450836  0.03215193   -0.03457814 -0.3234001
0.9404346  0.02834025   -0.0309741 -0.3373723
0.9349394  0.02480705   -0.02779677 -0.352846
0.9282713  0.02116943   -0.02304169 -0.3705849
0.9209136  0.01766318   -0.01528698 -0.3890659
0.9132236  0.01423341   -0.003466364 -0.4071952
0.9061287  0.01051995   0.006299707 -0.4228242
0.8987948  0.005790169   0.01227542 -0.4381593
0.8914447  0.002306001   0.0190311 -0.4527238
0.8853139  0.0003263342   0.02618469 -0.4642559
0.8815371  0.0002949341   0.03161471 -0.4710549
0.8788998  0.0009211897   0.03810991 -0.4754808
0.8761059  0.002342516   0.04541911 -0.4799688
0.8722419  0.003098467   0.05182912 -0.4863107
0.8674661  0.002030203   0.05581501 -0.4943512
0.8628522  0.0003441721   0.05803904 -0.502113
0.8583426  -0.002252914   0.05991478 -0.5095616
0.8550339  -0.004594737   0.06297885 -0.5147132
0.8519295  -0.005979931   0.0669201 -0.5193284
0.8482701  -0.006529856   0.07049692 -0.5248098
0.8460962  -0.008479528   0.07263586 -0.52799
0.8431415  -0.01043301   0.07431927 -0.5324286
0.8398185  -0.01210295   0.07562464 -0.5374379
0.8370589  -0.01354076   0.07771342 -0.5413961
0.8334788  -0.01494755   0.08059409 -0.5464377
0.8294972  -0.01667217   0.08269992 -0.5521025
0.8137183  -0.03338464   0.09531761 -0.5724183
0.8076678  -0.03679117   0.09546202 -0.5806944
0.8026732  -0.04012439   0.09486021 -0.5874584
0.7982659  -0.04416002   0.09355327 -0.5933542
0.7953325  -0.04704387   0.09276219 -0.5971836
0.7930644  -0.04834439   0.09482203 -0.599767
0.7969761  -0.04563949   0.09814761 -0.5942331
0.8037512  -0.04554805   0.100377 -0.5846655
0.8062597  -0.04320209   0.1059153 -0.5803972
0.8072976  -0.03935843   0.1118668 -0.5781065
0.8079443  -0.03787375   0.115811 -0.5765235
0.8092837  -0.03849614   0.1179238 -0.5741706
0.8106241  -0.03883444   0.1187841 -0.5720759
0.8130766  -0.03984703   0.1186266 -0.5685477
0.8183671  -0.03988987   0.1181215 -0.5610092
0.8266646  -0.03736141   0.1190685 -0.5486824
0.8389663  -0.03257078   0.1208692 -0.5295897
0.853  -0.02655764   0.1252847 -0.505954
0.8678181  -0.01780778   0.1301494 -0.4792031
0.8824157  -0.008441454   0.1353996 -0.4504865
0.8965003  0.0001625387   0.1364367 -0.4215119
0.9093244  0.004525152   0.1329373 -0.3942542
0.9197306  0.01328128   0.1343002 -0.3686228
0.9280936  0.02034178   0.1355092 -0.3462164
0.93496  0.02780543   0.1384813 -0.3254222
0.9412498  0.03245345   0.1372536 -0.3068499
0.9470808  0.03475217   0.1318202 -0.2906092
0.9529365  0.03710687   0.1236144 -0.2743256
0.9582492  0.0408501   0.1182942 -0.2570919
0.9631166  0.04475168   0.1137418 -0.2397217
0.9686353  0.04748137   0.1042059 -0.2205277
0.9737617  0.04888523   0.09184777 -0.2023917
0.9778817  0.05004471   0.07936359 -0.1869346
0.9811311  0.05257982   0.06998744 -0.1723916
0.9837432  0.05406143   0.05997859 -0.160403
0.9854999  0.05588624   0.05488871 -0.1505118
0.9865623  0.05771074   0.05445865 -0.1428238
0.9870536  0.05795599   0.05517368 -0.1390048
0.9871007  0.05584271   0.05480194 -0.1396801
0.9864141  0.05248568   0.05419032 -0.1459311
0.9851121  0.04758624   0.05608616 -0.1553834
0.983212  0.04060289   0.05388117 -0.1695361
0.9803593  0.03232473   0.04696459 -0.1887988
0.9768304  0.02516013   0.04590672 -0.2075136
0.9734032  0.02041052   0.04878246 -0.2229124
0.9703099  0.0160669   0.05170054 -0.235728
0.9673286  0.01237292   0.05396446 -0.2474068
0.9643407  0.008989514   0.05625542 -0.2584597
0.9613836  0.005504205   0.05841357 -0.2688848
0.9582129  0.001411439   0.06021876 -0.279642
0.9544473  -0.003775831   0.06071387 -0.2921127
0.9499949  -0.00998312   0.05926337 -0.3064273
0.9457882  -0.01616003   0.0570266 -0.3193296
0.9418516  -0.02164953   0.05656342 -0.3305261
0.9381723  -0.02582438   0.0584714 -0.340216
0.9346144  -0.02912249   0.06037841 -0.3492881
0.931224  -0.03210958   0.06149989 -0.3577829
0.9283873  -0.03476205   0.06239631 -0.3646851
0.9256958  -0.03750975   0.0625393 -0.3711727
0.9228556  -0.04013922   0.06178484 -0.378033
0.9203618  -0.04283683   0.06111897 -0.3838798
0.917897  -0.0456396   0.06055716 -0.3895061
0.9153618  -0.04926234   0.05790858 -0.3953893
0.912899  -0.05221364   0.0548047 -0.4011054
0.9110179  -0.0543636   0.0539125 -0.4051968
0.9100806  -0.05522057   0.05413814 -0.4071524
0.909682  -0.05501042   0.0551253 -0.4079384
0.9097884  -0.05447275   0.05577296 -0.4076852
0.9096087  -0.0541858   0.05630205 -0.4080514
0.9089299  -0.05497386   0.0562392 -0.4094648
0.9079709  -0.05687431   0.05504054 -0.4114906
0.908439  -0.05809126   0.05016232 -0.4109108
0.9145338  -0.0590079   0.03853165 -0.3983232
0.9223586  -0.05952773   0.02129939 -0.3811265
0.9294435  -0.06600191   -0.00242395 -0.363005
0.9313597  -0.07623488   -0.0222818 -0.355332
0.9292471  -0.08817619   -0.03679095 -0.3568913
0.9314654  -0.0856287   -0.02638331 -0.3526241
0.9325778  -0.08671325   -0.02661246 -0.3493871
0.9336145  -0.0888019   -0.02697753 -0.3460495
0.9360487  -0.08288092   -0.02016995 -0.3413747
0.9367907  -0.08024745   -0.01823473 -0.3400748
0.9373673  -0.07711606   -0.01742381 -0.3392524
0.9371114  -0.07376883   -0.01575764 -0.3407818
0.9364239  -0.07073718   -0.01514766 -0.3433322
0.9357285  -0.06754165   -0.01370251 -0.3459229
0.935689  -0.06459816   -0.0120033 -0.3466541
0.9363248  -0.06153457   -0.01008535 -0.3455541
0.9369539  -0.05858044   -0.008706765 -0.3443977
0.9372761  -0.05607621   -0.007666524 -0.3439623
0.9371912  -0.05360026   -0.006446366 -0.3446128
0.9371092  -0.05146042   -0.005950627 -0.3451708
0.9368839  -0.04924539   -0.004838192 -0.3461213
0.9369648  -0.04708449   -0.003582893 -0.3462185
0.9372403  -0.04507215   -0.002654454 -0.3457487
0.9374806  -0.04321279   -0.001857517 -0.3453393
0.9377974  -0.04137565   -0.0008836252 -0.3447076
0.9378848  -0.03990614   -0.0001067064 -0.3446439
0.9377546  -0.03843381   0.0005163147 -0.3451648
0.9376776  -0.03701986   0.001138758 -0.3455272
0.9376485  -0.03576813   0.001700242 -0.3457355
0.9377922  -0.03425067   0.002771816 -0.3454924
0.9380032  -0.03296481   0.003773394 -0.345035
0.9380906  -0.03178609   0.003908287 -0.3449066
0.9380422  -0.03064451   0.004415781 -0.3451351
0.9380769  -0.02935633   0.005506332 -0.3451372
0.9381608  -0.02854723   0.005806935 -0.3449721
0.9381002  -0.02752727   0.006552412 -0.3452063
0.9381254  -0.02643222   0.007431584 -0.3452053
0.9380859  -0.0256307   0.008044207 -0.3453594
0.9379459  -0.02489814   0.008202578 -0.3457893
0.9379874  -0.0241355   0.008750456 -0.345717
0.9379189  -0.02326788   0.009390106 -0.3459459
0.9379386  -0.02249058   0.01000996 -0.3459263
0.9379725  -0.02168536   0.01070065 -0.3458652
0.9379396  -0.02119843   0.0108298 -0.3459806
0.938051  -0.02058422   0.01119299 -0.3457042
0.9380633  -0.01982877   0.0119539 -0.3456895
0.9381897  -0.0195402   0.01207631 -0.3453582
0.9381478  -0.01903901   0.01241972 -0.345488
0.9382093  -0.01856392   0.01294286 -0.3453277
0.938255  -0.0180298   0.01366487 -0.3452041
0.9382513  -0.01797746   0.01353312 -0.3452221
