-0.4498047  -0.1674805   9.756933
-0.3828125  -0.09570313   9.776074
-0.4450195  -0.09570313   9.895703
-0.368457  -0.1339844   9.79043
-0.4019531  -0.1961914   9.733007
-0.4210938  -0.1818359   9.804785
-0.4115234  -0.1626953   9.857422
-0.4067383  -0.1339844   9.713867
-0.4067383  -0.08613281   9.761719
-0.368457  -0.1148437   9.79043
-0.4115234  -0.1770508   9.828711
-0.4067383  -0.06699219   9.795215
-0.4258789  -0.1914063   9.833496
-0.4258789  -0.1291992   9.723437
-0.4115234  -0.09570313   9.780859
-0.4163086  -0.1244141   9.766504
-0.4450195  -0.1435547   9.890918
-0.4498047  -0.1961914   9.828711
-0.4545898  -0.08613281   9.857422
-0.4354492  -0.1339844   9.847852
-0.4354492  -0.1291992   9.847852
-0.4737305  -0.1770508   9.876562
-0.459375  -0.2009766   9.761719
-0.459375  -0.1435547   9.847852
-0.4498047  -0.1674805   9.862207
-0.4019531  -0.1483398   9.852636
-0.4545898  -0.1052734   9.862207
-0.4210938  -0.1579102   9.943555
-0.397168  -0.1052734   9.814356
-0.3875977  -0.1004883   9.804785
-0.4019531  -0.1339844   9.948339
-0.4019531  -0.1483398   9.828711
-0.4210938  -0.1387695   9.938769
-0.4785156  -0.153125   9.771289
-0.4737305  -0.1722656   9.833496
-0.3923828  -0.1818359   9.761719
-0.4258789  -0.1244141   9.857422
-0.397168  -0.1052734   9.862207
-0.3588867  -0.1339844   9.857422
-0.4163086  -0.1866211   9.905273
-0.4450195  -0.1818359   9.79043
-0.3875977  -0.1626953   9.776074
-0.4737305  -0.1291992   9.852636
-0.4067383  -0.09091797   9.924414
-0.4737305  -0.1866211   9.804785
-0.4785156  -0.1052734   9.804785
-0.4067383  -0.1244141   9.876562
-0.4019531  -0.1579102   9.823926
-0.459375  -0.1291992   9.843066
-0.368457  -0.1866211   9.914844
-0.3923828  -0.1387695   9.900488
-0.3828125  -0.07177734   9.843066
-0.4354492  -0.2057617   9.866992
-0.4210938  -0.2057617   9.914844
-0.4737305  -0.153125   9.833496
-0.4019531  -0.1291992   9.881348
-0.4067383  -0.07177734   9.80957
-0.459375  -0.1435547   9.785645
-0.4258789  -0.1435547   9.795215
-0.4498047  -0.0765625   9.838282
-0.4258789  -0.1196289   9.804785
-0.4641601  -0.1148437   9.847852
-0.3828125  -0.1722656   9.838282
-0.4354492  -0.1052734   9.776074
-0.4545898  -0.1339844   9.823926
-0.4258789  -0.2009766   9.81914
-0.4115234  -0.1244141   9.890918
-0.4258789  -0.1100586   9.910059
-0.368457  -0.1435547   9.814356
-0.4833008  -0.1483398   9.8
-0.4354492  -0.2249023   9.843066
-0.368457  -0.2105469   9.876562
-0.4354492  -0.1148437   9.900488
-0.4163086  -0.1579102   9.785645
-0.4210938  -0.1626953   9.852636
-0.4928711  -0.1483398   9.886133
-0.3875977  -0.1722656   9.814356
-0.3923828  -0.1674805   9.785645
-0.4689453  -0.1435547   9.780859
-0.3875977  -0.1291992   9.785645
-0.4210938  -0.1196289   9.881348
-0.4019531  -0.1387695   9.900488
-0.4019531  -0.1722656   9.81914
-0.4210938  -0.1387695   9.823926
-0.3828125  -0.1387695   9.828711
-0.4258789  -0.1770508   9.833496
-0.4689453  -0.09570313   9.862207
-0.4306641  -0.1244141   9.876562
-0.4210938  -0.2009766   9.814356
-0.4019531  -0.09570313   9.776074
-0.4306641  -0.1435547   9.857422
-0.4402344  -0.1148437   9.953125
-0.397168  -0.09570313   9.900488
-0.5550781  -0.1291992   9.737793
-0.459375  -0.1004883   9.871778
-0.459375  -0.153125   9.804785
-0.3541016  -0.1004883   9.785645
-0.4115234  -0.1626953   9.785645
-0.4019531  -0.1866211   9.895703
-0.4258789  -0.1244141   9.704297
-0.3732422  -0.1483398   9.862207
-0.4641601  -0.1818359   9.919629
-0.4689453  -0.08613281   9.814356
-0.4641601  -0.1196289   9.910059
-0.3732422  -0.1626953   9.780859
-0.4498047  -0.1339844   9.704297
-0.4354492  -0.0765625   9.914844
-0.4545898  -0.1052734   9.948339
-0.4067383  -0.1674805   9.857422
-0.3923828  -0.1866211   9.81914
-0.4354492  -0.1435547   9.900488
-0.4450195  -0.1579102   9.79043
-0.4450195  -0.1579102   9.795215
-0.4019531  -0.1387695   9.814356
-0.3780273  -0.09570313   9.857422
-0.4641601  -0.1626953   9.847852
-0.4737305  -0.1435547   9.876562
-0.4019531  -0.1674805   9.771289
-0.459375  -0.1387695   9.871778
-0.4785156  -0.1052734   9.895703
-0.4210938  -0.1435547   9.828711
-0.4450195  -0.1483398   9.905273
-0.4689453  -0.1244141   9.761719
-0.4306641  -0.1387695   9.823926
-0.4258789  -0.1148437   9.752149
-0.4450195  -0.1722656   9.886133
-0.4067383  -0.153125   9.905273
-0.4163086  -0.1579102   9.795215
-0.4210938  -0.153125   9.953125
-0.4402344  -0.1387695   9.785645
-0.4689453  -0.1626953   9.895703
-0.4450195  -0.1674805   9.910059
-0.4354492  -0.1339844   9.8
-0.3732422  -0.1100586   9.843066
-0.4354492  -0.1196289   9.728223
-0.4306641  -0.1961914   9.814356
-0.3923828  -0.1291992   9.838282
-0.4258789  -0.1291992   9.81914
-0.3780273  -0.1626953   9.905273
-0.4210938  -0.1483398   9.795215
-0.4306641  -0.153125   9.895703
-0.4210938  -0.1579102   9.996191
-0.3732422  -0.153125   9.905273
-0.459375  -0.1483398   9.886133
-0.4450195  -0.1244141   9.828711
-0.4450195  -0.1579102   9.804785
-0.4402344  -0.1722656   9.914844
-0.4641601  -0.1387695   9.8
-0.4306641  -0.1626953   9.828711
-0.4067383  -0.1244141   9.886133
-0.397168  -0.2057617   9.857422
-0.4450195  -0.1339844   9.852636
-0.4498047  -0.1244141   9.756933
-0.4067383  -0.07177734   9.905273
-0.459375  -0.1435547   9.847852
-0.4402344  -0.1291992   9.81914
-0.4928711  -0.1579102   9.862207
-0.4545898  -0.09091797   9.852636
-0.3923828  -0.1339844   9.876562
-0.4115234  -0.1339844   9.852636
-0.4258789  -0.1866211   9.828711
-0.4115234  -0.05742187   9.79043
-0.4306641  -0.1291992   9.852636
-0.4258789  -0.09570313   9.914844
-0.3780273  -0.1579102   9.80957
-0.4306641  -0.1244141   9.881348
-0.3828125  -0.1674805   9.924414
-0.368457  -0.1626953   9.785645
-0.397168  -0.1244141   9.79043
-0.4354492  -0.1483398   9.857422
-0.4880859  -0.1339844   9.843066
-0.4498047  -0.05742187   9.814356
-0.4258789  -0.1339844   9.847852
-0.4354492  -0.1626953   9.895703
-0.4115234  -0.1291992   9.833496
-0.4306641  -0.2057617   9.795215
-0.397168  -0.1387695   9.847852
-0.4210938  -0.1196289   9.838282
-0.4545898  -0.1387695   9.962695
-0.4402344  -0.1579102   9.823926
-0.4258789  -0.1866211   9.890918
-0.4354492  -0.1339844   9.910059
-0.4210938  -0.08134766   9.938769
-0.3780273  -0.0765625   9.780859
-0.3732422  -0.1387695   9.866992
-0.4067383  -0.1674805   9.895703
-0.459375  -0.1722656   9.843066
-0.3875977  -0.08134766   9.900488
-0.4258789  -0.1435547   9.795215
-0.4833008  -0.153125   9.886133
-0.4354492  -0.1866211   9.886133
-0.4067383  -0.1579102   9.852636
-0.4880859  -0.1244141   9.780859
-0.4498047  -0.1052734   9.876562
-0.397168  -0.1244141   9.881348
-0.4402344  -0.1483398   9.886133
-0.4115234  -0.153125   9.823926
-0.4450195  -0.1052734   9.953125
-0.4258789  -0.1674805   9.943555
-0.459375  -0.1244141   9.780859
-0.4545898  -0.1866211   9.886133
