-1.463415  0.06097561   0.5487805
-1.463415  0.06097561   0.4878049
-1.341463  0.06097561   0.6097561
-1.341463  0.06097561   0.4878049
-1.280488  0.1219512   0.4268293
-1.402439  0.1219512   0.4268293
-1.52439  0.06097561   0.5487805
-1.463415  0   0.4878049
-1.52439  0.1219512   0.3658537
-1.341463  0.06097561   0.4268293
-1.341463  0   0.3658537
-1.463415  0   0.4878049
-1.341463  0   0.3658537
-1.341463  0   0.4878049
-1.341463  0.1219512   0.4878049
-1.52439  0.06097561   0.4878049
-1.463415  0.1219512   0.6707317
-1.402439  0   0.4268293
-1.402439  0   0.5487805
-1.463415  0.06097561   0.3658537
-1.341463  0   0.4268293
-1.463415  0.1219512   0.4268293
-1.52439  0.1219512   0.4878049
-1.463415  0   0.3658537
-1.280488  -0.1219512   0.5487805
-1.402439  0   0.3048781
-1.402439  0.2439024   0.4878049
-1.463415  0.06097561   0.4268293
-1.585366  0.1219512   0.3658537
-1.402439  -0.06097561   0.5487805
-1.402439  0   0.5487805
-1.341463  0.1829268   0.4878049
-1.402439  0   0.4268293
-1.402439  -0.06097561   0.5487805
-1.402439  0   0.4878049
-1.463415  0.06097561   0.3658537
-1.402439  -0.1219512   0.4268293
-1.52439  0   0.4268293
-1.402439  -0.06097561   0.4878049
-1.52439  0.06097561   0.4268293
-1.463415  0   0.4268293
-1.463415  0   0.4268293
-1.463415  0   0.5487805
-1.463415  0   0.4268293
-1.463415  0   0.4878049
-1.463415  0   0.3658537
-1.585366  -0.06097561   0.4268293
-1.402439  0   0.5487805
-1.402439  -0.06097561   0.4878049
-1.463415  0.06097561   0.4268293
-1.402439  0   0.5487805
-1.402439  -0.1219512   0.4268293
-1.585366  0.1219512   0.5487805
-1.463415  0.1219512   0.4878049
-1.52439  -0.06097561   0.4878049
-1.463415  0   0.6097561
-1.463415  0.06097561   0.5487805
-1.463415  0.06097561   0.4878049
-1.463415  -0.06097561   0.4878049
-1.52439  0.06097561   0.5487805
-1.585366  -0.06097561   0.5487805
-1.402439  0   0.4878049
-1.52439  0.06097561   0.4878049
-1.219512  0.06097561   0.4878049
-1.402439  -0.1219512   0.3658537
-1.280488  0.1219512   0.4878049
-1.341463  0   0.4268293
-1.463415  -0.06097561   0.4268293
-1.52439  -0.1219512   0.3048781
-1.402439  0   0.3658537
-1.280488  0   0.3048781
-1.52439  0   0.3048781
-1.52439  0.1219512   0.3048781
-1.463415  0.1219512   0.1829268
-1.463415  0.2439024   0.2439024
-1.341463  0.1219512   0.3658537
-1.52439  0.1219512   0.3658537
-1.52439  0.1219512   0.2439024
-1.52439  0.06097561   0.3658537
-1.402439  0.2439024   0.5487805
-1.463415  0.06097561   0.4268293
-1.402439  -0.1829268   0.4268293
-1.585366  0   0.4878049
-1.280488  -0.06097561   0.5487805
-1.402439  -0.06097561   0.4878049
-1.463415  0.06097561   0.4268293
-1.52439  -0.1219512   0.4268293
-1.402439  0   0.4878049
-1.402439  -0.06097561   0.4878049
-1.341463  0.2439024   0.3048781
-1.463415  0.1219512   0.1219512
-1.402439  0.1219512   -0.1219512
-1.219512  0.1829268   -0.9756098
-1.280488  0.1219512   -1.036585
-1.646341  0.1219512   0.1219512
-1.52439  -0.1219512   0.3048781
-1.463415  0.06097561   0.4268293
-1.463415  -0.06097561   0.2439024
-1.341463  0.1829268   0.3658537
-1.463415  0.06097561   0.5487805
-1.463415  0.06097561   0.4878049
-1.341463  0   0.4268293
-1.402439  0.06097561   0.3048781
-1.707317  -0.1219512   0.4268293
-1.52439  -0.06097561   0.4268293
-1.402439  -0.06097561   0.6097561
-1.52439  0   0.5487805
-1.646341  0.06097561   0.3048781
-1.52439  -0.06097561   0.4878049
-1.52439  0   0.4268293
-1.280488  0   0.6097561
-1.585366  -0.06097561   0.4878049
-1.585366  -0.06097561   0.4268293
-1.463415  0.06097561   0.5487805
-1.402439  0.06097561   0.4878049
-1.402439  0   0.3658537
-1.52439  0.1219512   0.3658537
-1.341463  0   0.4268293
-1.585366  -0.06097561   0.3658537
-1.402439  0.06097561   0.3658537
-1.341463  -0.06097561   0.5487805
-1.52439  0.06097561   0.4268293
-1.52439  -0.06097561   0.4878049
-1.402439  0.2439024   0.4878049
-1.52439  0.06097561   0.4268293
-1.463415  -0.06097561   0.5487805
-1.52439  0.1829268   0.5487805
-1.463415  0.06097561   0.4268293
-1.52439  0.1219512   0.3048781
-1.585366  0   0.4268293
-1.402439  -0.1219512   0.4268293
-1.463415  -0.06097561   0.4878049
-1.402439  -0.06097561   0.4878049
-1.402439  -0.06097561   0.4878049
-1.585366  0.1829268   0.3658537
-1.402439  0   0.4268293
-1.463415  0   0.3658537
-1.402439  -0.06097561   0.5487805
-1.341463  0   0.4878049
-1.341463  0.06097561   0.6707317
-1.463415  -0.1829268   0.5487805
-1.402439  -0.06097561   0.4268293
-1.402439  -0.06097561   0.4268293
-1.463415  0.06097561   0.3048781
-1.402439  0   0.4268293
-1.52439  -0.1219512   0.3658537
-1.585366  0.1829268   0.4878049
-1.463415  0.1219512   0.4878049
-1.585366  0   0.1829268
-1.402439  -0.06097561   0.4878049
-1.463415  -0.06097561   0.5487805
-1.463415  -0.1829268   0.4268293
-1.463415  0   0.4878049
-1.52439  0.06097561   0.5487805
-1.463415  -0.06097561   0.4268293
-1.463415  0   0.5487805
-1.52439  0.1219512   0.4268293
-1.402439  -0.06097561   0.4268293
-1.52439  -0.1219512   0.3658537
-1.341463  0.2439024   0.4878049
-1.341463  -0.06097561   0.5487805
-1.463415  0   0.4268293
-1.402439  -0.1219512   0.4268293
-1.402439  0.06097561   0.4268293
-1.463415  0.06097561   0.4878049
-1.585366  -0.06097561   0.4268293
-1.341463  0   0.6097561
-1.585366  -0.06097561   0.4268293
-1.463415  -0.06097561   0.6097561
-1.341463  0   0.4878049
-1.463415  -0.06097561   0.4268293
-1.707317  0.1219512   0.4878049
-1.52439  -0.1829268   0.4268293
-1.463415  0.06097561   0.5487805
-1.402439  0.06097561   0.4878049
-1.52439  0   0.4878049
-1.646341  0   0.4878049
-1.463415  0.1219512   0.6097561
-1.646341  0.1219512   0.4268293
-1.52439  0.06097561   0.4878049
-1.463415  -0.06097561   0.4878049
-1.341463  -0.06097561   0.3658537
-1.646341  -0.1829268   0.6097561
-1.52439  0   0.6097561
-1.585366  0.06097561   0.4268293
-1.52439  0.06097561   0.4268293
-1.585366  0   0.4268293
-1.52439  -0.1219512   0.3658537
-1.463415  -0.06097561   0.4268293
-1.402439  0.06097561   0.4268293
-1.52439  0   0.5487805
-1.341463  0.06097561   0.4268293
-1.463415  -0.06097561   0.6097561
-1.463415  -0.06097561   0.3658537
-1.463415  -0.2439024   0.4878049
-1.402439  -0.1829268   0.5487805
-1.463415  -0.1219512   0.3658537
-1.646341  0   0.4268293
-1.402439  -0.1219512   0.5487805
-1.463415  -0.06097561   0.5487805
-1.463415  -0.1829268   0.3048781
